 SFE SAA SIR EFE EPS WFE WAA TFE TAA TIR
0 -3.8453549330926626 39.89360075200273 -0.6284833258797756 77.93670433890271 52.22914684782409 17.768042923168345 20.68937383262104 -30.20769171634193 -5.363225196878768 -15.062532666286469
1 -3.519107096448161 39.71299001740867 -1.0054743958510586 78.54487351301317 51.432740198938106 18.094516857325143 20.964797025486494 -30.324868294893495 -5.327718869925497 -15.042002642146175
2 -3.1591026471709904 39.52372185401725 -1.4039687772850433 79.15560410237258 50.62200614247699 18.469843804399133 21.08701003084559 -30.44450287535869 -5.286818292329853 -15.025238643530066
3 -2.7485679252470607 39.32110553898959 -1.8265242341395147 79.77099950143177 49.79763810726269 18.857708799243692 21.156150947201652 -30.564164281325976 -5.238761642080943 -15.012588336323066
4 -2.2719738710845925 39.101344319078436 -2.276285697392956 80.38742150151553 48.96043798477357 19.256853636857993 21.19209749132405 -30.681385670105247 -5.1818108323281376 -15.004846067581092
5 -1.7211296093119957 38.86320933698826 -2.752347943625951 80.9980588335817 48.11812416960729 19.667794336537444 21.198004686925962 -30.79305650703527 -5.115211966279997 -15.00180668623276
6 -1.0896362463533174 38.60595767223166 -3.252067769276268 81.59487971872697 47.280116408352114 20.090540032508827 21.177373604729826 -30.896240789506077 -5.038173659016298 -15.002164155699823
7 -0.3746732696774444 38.32972046074173 -3.7706695869759956 82.16847539128214 46.45642349215678 20.52391463577903 21.13367450410217 -30.989004729630373 -4.949886097303989 -15.00326843974628
8 0.4230508950184162 38.035408389562825 -4.30193520935857 82.70885256260351 45.65582251446471 20.96519400169358 21.07127769265481 -31.07063705029443 -4.849727215948491 -15.001380998023375
9 1.2996015634695945 37.724669822601534 -4.839058219928049 83.20632262034519 44.88522933952691 21.410046902011537 20.99534700544768 -31.141271764023028 -4.737721713064154 -14.992205456674858
10 2.2482653627662526 37.39983779910642 -5.3754954156581745 83.652278593238 44.15010829830681 21.852698552700872 20.911089450981137 -31.20118920359303 -4.615031747181863 -14.971503924828188
11 3.2601595528282963 37.0637946848698 -5.90561387719073 84.03963348227477 43.455449531390805 22.286149276203417 20.822993802582666 -31.25015953908084 -4.484269982672121 -14.935741893055317
12 4.3229420752904115 36.72111579077739 -6.444377914888096 84.3636140037594 42.76097047876236 22.831432845742167 20.49038550650034 -31.2888565123407 -4.346424071473099 -14.883361718879055
13 5.431972477217528 36.371884109809265 -6.931697430847072 84.61794713143824 42.20796993388206 23.104903857931586 20.61620387666109 -31.311642365424877 -4.21479069617388 -14.811892236699054
14 6.570638170959625 36.02371302093549 -7.440124692341289 84.80214432504417 41.61698550360449 23.58310396622221 20.306059258067908 -31.324329488979988 -4.082214318430094 -14.725281041872133
15 7.740770199985842 35.67690917651103 -7.893697612373051 84.90948366565506 41.181899224375776 23.775841710205217 20.44574430136594 -31.32354893753791 -3.9611922608138137 -14.626148292610672
16 8.924792295560584 35.33982330881256 -8.368505269915808 84.94320460351554 40.702726506634896 24.166143297491264 20.125248793809003 -31.316736548635866 -3.843556129972055 -14.519070150421744
17 10.133554142745368 35.01136911750834 -8.790126645547158 84.89400234314897 40.3797857757785 24.264949482126806 20.25837902475418 -31.302216532313732 -3.736666425632928 -14.411336033129837
18 11.346316811642588 34.69910154553707 -9.236444279441104 84.7687319890662 39.99265183840069 24.552423225947877 19.909838715050547 -31.28551399341315 -3.635355248834294 -14.305067195603064
19 12.580395403865946 34.39880930543865 -9.636457020482995 84.5560308595703 39.74687936523695 24.5576204814197 20.014529213352905 -31.26193337974463 -3.54337914441737 -14.209219583962355
20 13.81091641422169 34.11689866885467 -10.066941213556715 84.26719598523863 39.40488656791066 24.74328788322493 19.621997695448254 -31.235527430498085 -3.459492922735355 -14.1220488782886
21 15.059160490769832 33.84622986220817 -10.459073135567376 83.89051549978129 39.18097671510618 24.670286564350196 19.685409176785235 -31.20029189946213 -3.3821981829771857 -14.051131862758027
22 16.2959709299777 33.59260394511525 -10.885373424891759 83.44296815487185 38.82171509874758 24.77259396208984 19.249047374279403 -31.16136759220642 -3.3125866614364767 -13.988997098100596
23 17.54456718345051 33.34674818921092 -11.276829129719763 82.91373368729873 38.55639910538808 24.651534505782216 19.277083750855837 -31.114564373420134 -3.242978309685373 -13.938969473287363
24 18.780837554064384 33.11192762429048 -11.68245593878165 82.32034228854731 38.18833194030663 24.604726473856676 19.083946207294503 -31.065790245626257 -3.17408805782571 -13.890812698910965
25 20.005392271717877 32.88520878313436 -12.084581234768773 81.66672877848875 37.76846028812739 24.565135689624327 18.860727421209056 -31.016277425949006 -3.101421376288256 -13.840528277879546
26 21.214324434233358 32.664033226807554 -12.47842336354123 80.9601260392887 37.294976333148384 24.53521877257777 18.637097155647336 -30.968527457900358 -3.022557762149784 -13.78382259961022
27 22.4029828488764 32.44635650531606 -12.859619511250784 80.20836070104954 36.76789164874495 24.52461875650005 18.421839785246515 -30.924715005186414 -2.9364607927074675 -13.717895278699793
28 23.566765164656825 32.23040125484264 -13.223960289879118 79.41938549948176 36.18887147743941 24.542965584141047 18.22023426657084 -30.886762974512695 -2.8432263479763207 -13.641408486363332
29 24.701424630242965 32.01471057317392 -13.567604635425948 78.6011338393019 35.56027617201047 24.59854535391512 18.035812262461583 -30.8565480443807 -2.7435848043394575 -13.55392779839905
30 25.803231644956977 31.798215512656018 -13.887222863734348 77.761453195392 34.884413798665726 24.69748134181279 17.8709017921163 -30.835869933544018 -2.6385370433215822 -13.45542268407951
31 26.868983616808435 31.580247507314397 -14.180135791536165 76.90805546847066 34.16287253661923 24.84342381145304 17.727274969233342 -30.826068568336517 -2.5293429133505865 -13.346049641283637
32 27.896015231213745 31.36055235634501 -14.444449158822268 76.04841332440542 33.39633353509931 25.037946631731074 17.60648839110805 -30.827705645494458 -2.4175109597146327 -13.226134814380057
33 28.882348391614986 31.13935373612421 -14.679137840307973 75.18960003027696 32.585328060645296 25.28125510328839 17.509728721171022 -30.840650391964914 -2.304437115386743 -13.096206713376558
34 29.82685682746701 30.91737424917708 -14.884088306869751 74.33818487737778 31.73184322841121 25.572837705215367 17.43732046648435 -30.864296155859083 -2.190957313564219 -12.957001048218846
35 30.7292631099342 30.695732722515135 -15.060099037691856 73.50027630217728 30.840963806238506 25.911904171802355 17.388246495194966 -30.897629419648684 -2.077176888984585 -12.809404485592154
36 31.589993022394786 30.47576595944699 -15.208802884216873 72.68165580844403 29.921650829927984 26.297191102274912 17.36016801466227 -30.93924309811482 -1.96257567905455 -12.65436815312212
37 32.410038919994186 30.258846439750027 -15.332504493889111 71.88780617350324 28.98656697448528 26.725924865410615 17.35001791080221 -30.987414062072517 -1.8462924189899679 -12.492892215236646
38 33.19090829870286 30.04616934624134 -15.433963532086633 71.12367230305318 28.05131876236882 27.192634134552243 17.354734069770398 -31.04023684965853 -1.7275132845824437 -12.32610676026103
39 33.93458948166687 29.83847692331575 -15.51619825115821 70.3932513066297 27.133158704977483 27.688689732744777 17.37165247867721 -31.095747523531298 -1.6058273784205512 -12.15533549466697
40 34.643451348067984 29.63583834855779 -15.582416932121557 69.6992514032535 26.249143075986602 28.202640107625754 17.398432562526434 -31.15199721975596 -1.4814301117568718 -11.98206324289556
41 35.3200706524802 29.437637858212074 -15.636068765494679 69.04293425794648 25.414045001398637 28.720738878966248 17.433071978609735 -31.20708311026553 -1.3551719276530299 -11.807866468583134
42 35.96030612866088 29.243702926332162 -15.705142113472387 68.43627407589722 24.523725936558296 29.31019365326121 17.296788022701822 -31.26014523181256 -1.2315666240743588 -11.632695678494423
43 36.57983005412969 29.05083352906749 -15.745667333829601 67.85431498255272 23.814113687378537 29.794369635241452 17.344478817190982 -31.30731546629583 -1.1062704950449633 -11.46141148027929
44 37.17371904720788 28.858595956649587 -15.786026112283206 67.30666895282054 23.164802111215597 30.233168949954038 17.406636119165757 -31.347913307280837 -0.9844861248517915 -11.293700181579439
45 37.742716241068024 28.66644855411179 -15.831300575636055 66.7915119622155 22.570045638729272 30.62099157153881 17.475360764360698 -31.380524494999538 -0.8681573545739304 -11.13055456786219
46 38.28711451869109 28.47431629695481 -15.887254869006373 66.30706974095908 22.017206240425843 30.95680171032219 17.548827223500016 -31.404226356464015 -0.7587870099092506 -10.972717217561549
47 38.80652951012969 28.282961985635673 -15.959883413945345 65.85198500596869 21.49096756193024 31.247986749842653 17.624310580655088 -31.41859940788776 -0.6574388545124057 -10.820630044503114
48 39.2999549220074 28.093874710553063 -16.054932427350025 65.42531742028633 20.97540654672101 31.509353481527466 17.69873093480673 -31.42363862280741 -0.5648476840653286 -10.674553699730199
49 39.765964620877746 27.908916236576427 -16.17742505673435 65.02633995960667 20.45557528918356 31.76040545148496 17.76962075365696 -31.419676987750723 -0.4815454402927767 -10.53480480887652
50 40.20299552601413 27.72999797202129 -16.33130114105902 64.65433742489539 19.918655516688297 32.02179654773736 17.83550495888391 -31.4073805832266 -0.4078969221287639 -10.40185518351252
51 40.609606461677394 27.55896894640678 -16.51912637383475 64.3085829615815 19.35488008244716 32.31180064447627 17.895587492556007 -31.387811261647183 -0.34403196211742115 -10.276072785471873
52 40.984610037552486 27.39766160290898 -16.741803319140796 63.988464362658 18.75803887269617 32.64391384886774 17.949348213122782 -31.362484525521666 -0.2897725576861691 -10.157375676920456
53 41.3270757244163 27.247905148742845 -16.99833612095335 63.69355591232986 18.125681254780243 33.02616277825132 17.99647669476014 -31.333332860375123 -0.24466370489769138 -10.04525789768217
54 41.636322359846446 27.111370244188567 -17.285674560872316 63.423605349500484 17.459586819225535 33.461228623736595 18.037044439355583 -31.302544518541403 -0.20811462245507129 -9.939146690842076
55 41.91194502868023 26.989308829285275 -17.598493012008422 63.17867693791967 16.766807694787584 33.946430243722986 18.07195279568931 -31.272343608193246 -0.17952280345020893 -9.838676861565295
56 42.1538105286263 26.882342024846984 -17.92889381233974 62.959524240027505 16.06086438141393 34.474206601283896 18.10394013306858 -31.244772501451923 -0.15825927317872285 -9.74370848553961
57 42.36200359835922 26.790333518045266 -18.2664624849631 62.76790197071896 15.36117854323824 35.033987084293045 18.13875879769688 -31.221435082885545 -0.1435978826777931 -9.654262103494823
58 42.53680933650511 26.712338070266426 -18.59917910651284 62.60644140996147 14.688766500153033 35.614957530536905 18.18485480102629 -31.2032644888614 -0.13473200493852122 -9.570530190808475
59 42.678827126611786 26.646701144672775 -18.915070574086574 62.478004566591636 14.059833962604745 36.2077191526824 18.25043048652314 -31.19051228393301 -0.13083180949688256 -9.49292072176657
60 42.789186992466234 26.591374227734928 -19.203799687666272 62.384850422705114 13.48212868173466 36.80269827338385 18.339541624744594 -31.18295956604757 -0.13102518738520838 -9.422028504881798
61 42.86974838154537 26.544334825216616 -19.457581827339 62.32802077450492 12.956635442882286 37.38663230415088 18.450018957144966 -31.180161658095173 -0.13429260611732488 -9.35848922855709
62 42.92322866582726 26.50391804354425 -19.67165671478283 62.30708768578123 12.481730205579256 37.941948081604174 18.574255344847717 -31.18159866899136 -0.13935164471415584 -9.302761075505845
63 42.955575078212696 26.470815130297513 -19.830121089052714 62.310530544635554 12.118629340101679 38.410677585536284 18.717067618523807 -31.186642278141857 -0.14281586456921666 -9.255833166516153
64 42.966883924160555 26.44069953723314 -19.966763894641453 62.354872335119744 11.729324016075617 38.86515124635837 18.839303973953395 -31.194749280505558 -0.14680408765450767 -9.21580916326558
65 42.96487392655787 26.415697303637238 -20.07316596819588 62.42585976358441 11.375437021921408 39.26950631107098 18.943875446142343 -31.204968383649486 -0.14789377399085415 -9.183064368956959
66 42.95599061173847 26.396082043328203 -20.156355237131926 62.51600159817802 11.056496944731471 39.62706318324617 19.031723723715285 -31.216465356581466 -0.14507240780000494 -9.156989212585598
67 42.946577816546196 26.38171326852951 -20.225441177450858 62.61799476962567 10.76642547490596 39.95155757254807 19.105004619970327 -31.228521863372467 -0.13809058821341014 -9.136750234441347
68 42.94229011091879 26.371884293480225 -20.28854190300939 62.724935995338775 10.499079109645939 40.258323920323214 19.169043719538866 -31.24078347226419 -0.1274527377642866 -9.121240937642998
69 42.96273901320115 26.35337997231053 -20.36500226955282 62.827117951101506 10.159940920170325 40.527288667183036 19.310860986130535 -31.267854564471946 -0.11547062966557327 -9.117286498362132
70 42.980112428755035 26.34975713225065 -20.426803344962686 62.92656121000445 9.936867464567955 40.81549653506444 19.391254896566906 -31.280226855467262 -0.10060383284413661 -9.107109723629272
71 43.01002688454561 26.34659324025478 -20.499315645356777 63.02368464826671 9.68336829906787 41.119511952475 19.497041826628898 -31.294906583666457 -0.08638510099676887 -9.096545452133881
72 43.03615558401091 26.356894541620804 -20.561962447778075 63.120821377872005 9.54622897831142 41.50357745561225 19.509143714163386 -31.299502254018698 -0.07156489334807575 -9.075679549497105
73 43.08441088669155 26.358025343953898 -20.63421489102121 63.208466983198754 9.3397931080055 41.85916780911716 19.626802932664894 -31.319655956254746 -0.060076006824350006 -9.058917033413103
74 43.136184858472994 26.36124259435708 -20.70353528779026 63.29500985975878 9.133834865922191 42.21965527130269 19.77744056942916 -31.342854115458955 -0.051284061876658175 -9.036895621953226
75 43.18570376639739 26.36795027194078 -20.764761827171107 63.38383473309868 8.939507691595422 42.58704861045241 19.949089661970675 -31.368629334135143 -0.04565466033489964 -9.008489318977906
76 43.22757775091845 26.37929017579142 -20.81365206242909 63.478859635799154 8.761722492481626 42.95621012114097 20.1347238678751 -31.396383799468097 -0.04331109062562394 -8.97356177511096
77 43.25709777724661 26.39656048151772 -20.846819726085208 63.584347780705215 8.604044020217366 43.32068080438143 20.32636742067978 -31.42546905389202 -0.04404474324317023 -8.932829500135908
78 43.27066476743071 26.42121465428398 -20.862142178071466 63.70445327099836 8.468850713962842 43.67488838193925 20.514713833667322 -31.45524697656972 -0.04729548584442561 -8.88769540828967
79 43.266059027215036 26.454584090818468 -20.859053301301707 63.84254278038991 8.357110135115036 44.01525346175842 20.690092648248285 -31.48501190775606 -0.05220684320985341 -8.839986019054495
80 43.242579533205515 26.49750458795743 -20.838636639267524 64.00053218297998 8.268092286840037 44.340250853341054 20.844066969906986 -31.5139743698308 -0.05781436655693925 -8.79170323716729
81 43.225256508887405 26.537679079360547 -20.833542777293623 64.17301988633383 8.00581704353594 44.55965141985876 21.11106557059057 -31.561533551656304 -0.06180976791539565 -8.75634755532271
82 43.17017448429867 26.599450579961065 -20.779765293413657 64.36326733307978 7.987086395544785 44.81753436902043 21.218737666391114 -31.586683060782107 -0.06512297763076168 -8.714075804145942
83 43.10087722430215 26.666971299228504 -20.726363718431354 64.5747706480938 7.9437320841243855 45.08107470145591 21.29892185741241 -31.609706131902126 -0.06893509523590062 -8.67590968220163
84 43.02097076116566 26.739769272050964 -20.664350140192127 64.79781531355916 7.9379606309494815 45.34013408431259 21.334414998495465 -31.629354556041974 -0.07237905663729599 -8.643440627821319
85 42.934009455492124 26.814829014534453 -20.599618517408427 65.0309559637524 7.94303746049675 45.585085559134434 21.343264312344306 -31.645736106163895 -0.07571894664244744 -8.617398823604981
86 42.84240590377894 26.890507843679814 -20.53175154307793 65.27143167855115 7.96219787325688 45.811259096132254 21.330254310805696 -31.65908453832324 -0.07939859545807601 -8.597291704442302
87 42.748052499468294 26.965656718175236 -20.46117401851061 65.51812320026282 7.990292046392996 46.01523429699523 21.30278546063636 -31.670041914535165 -0.08401979858396881 -8.581936665876741
88 42.652270338125746 27.03984755915846 -20.38711482307891 65.77069977954645 8.02551972455103 46.19498324570448 21.266730665801575 -31.679522487167528 -0.09033741642057706 -8.569654524890066
89 42.55589218818165 27.113131948753384 -20.308369736307238 66.03007990376206 8.065881259542383 46.348603630463536 21.228235063678532 -31.68837080266027 -0.09914116415634511 -8.558606725143695
90 42.459272221144936 27.185948519312284 -20.223165923946564 66.29830204801723 8.11082983576897 46.473933230810296 21.19333508868732 -31.697106805140503 -0.11109854500846092 -8.547026826320403
91 42.36234077320872 27.259020843291104 -20.129276623755327 66.57821577029321 8.162201280632637 46.56908696020697 21.16746275253084 -31.705842555513424 -0.12665820747710493 -8.533380219218799
92 42.26470436536944 27.333281957652897 -20.02405624037751 66.87303948897004 8.2252618055622 46.63334399688394 21.154420438944545 -31.714359000408546 -0.14604138990840565 -8.516431279020695
93 42.165822657371564 27.40985824405482 -19.904585432407963 67.18593273211859 8.308421817854912 46.66756913357839 21.155711462169915 -31.72219903946928 -0.1692235581684862 -8.495283340502358
94 42.065261547114126 27.490104958904713 -19.76797079559527 67.51957358060379 8.421727150787856 46.67405403775247 21.170508738314073 -31.728658718160133 -0.19584918667064113 -8.469464395542001
95 41.96292754019101 27.5756314359301 -19.61168570908055 67.87582709410016 8.574695295015351 46.655895518334816 21.196167277268593 -31.732759916618264 -0.22519712769821776 -8.439009388187774
96 41.85921707362709 27.66829225151409 -19.433812001232273 68.25558160874617 8.774322476989326 46.61618394783934 21.228939903689287 -31.733380938888253 -0.2563329281507233 -8.404450208022059
97 41.75514731322611 27.77016679289389 -19.233310019282925 68.65877930034432 9.023463366048759 46.557289426254655 21.264704397627334 -31.72948314405773 -0.28835588573272103 -8.36675819053176
98 41.6524988884528 27.883517440937045 -19.010373499654094 69.0845609302561 9.319737669286022 46.4804180719682 21.29956362572505 -31.72022373907999 -0.32056373357281664 -8.327307618653686
99 41.553852975450496 28.010657951883648 -18.766532182594585 69.5313330835854 9.65585408483374 46.385642476109226 21.330066096389732 -31.70492902697247 -0.3525116788573499 -8.287783336467138
100 41.46242257253946 28.153726924011092 -18.50430130538046 69.99673154392782 10.021337894554744 46.27235032543599 21.35313871365219 -31.682963543864215 -0.3839564150946809 -8.2499467480887
101 41.38175650662523 28.314455976746306 -18.226663631301413 70.4776195783125 10.404180859368537 46.139843070827894 21.3660931457644 -31.653569407629263 -0.4147094215733102 -8.21534427914005
102 41.315471357082075 28.4940092731108 -17.936624683483856 70.97015576516758 10.791690245068235 45.98803391171231 21.366680101946788 -31.61595194991088 -0.44461376636455024 -8.185090439253624
103 41.26704770497822 28.692950411128326 -17.636790406950947 71.46989650953587 11.17121769618128 45.81813779055087 21.35300216949107 -31.569639079013324 -0.47369907909019454 -8.159738702039402
104 41.2396531444348 28.911338866887043 -17.32900806105295 71.97193708587899 11.531121231903887 45.63302208449164 21.3234246976094 -31.514741267373196 -0.5022633596948128 -8.13921523954398
105 41.236026081077675 29.148813968904804 -17.014258892016837 72.47107695255914 11.861445465869163 45.437073810220376 21.276688255806704 -31.45191682881583 -0.5307548061203939 -8.122844865499934
106 41.25842673665185 29.404550630874617 -16.69279233339411 72.96199839252091 12.154115376575602 45.23574526410357 21.21209453590576 -31.38214806471787 -0.5595762211843093 -8.109464823109205
107 41.30854211009781 29.67721882945619 -16.364279276518715 73.43951689937933 12.402934290657134 45.03496069320534 21.12949420096041 -31.306487229607455 -0.5889549605526828 -8.097555384859351
108 41.387318102276204 29.965104057506412 -16.027884892212786 73.89890497223455 12.603507287284517 44.84044503651182 21.02907457991517 -31.225905158013475 -0.6189344112547269 -8.085361775935594
109 41.494866731401494 30.266303071728423 -15.682358615703421 74.33616061843192 12.753132414291631 44.65711752790627 20.91113164081361 -31.1412512156546 -0.6494301480509426 -8.071031058498418
110 41.63056383710102 30.578852756287727 -15.326216100091932 74.74811209914748 12.850743282669084 44.48880394898691 20.775915517673226 -31.05327000496703 -0.6802540267982576 -8.052755477819224
111 41.79329272305011 30.900772431316426 -14.957954495372393 75.1323480104094 12.896910602480268 44.338306009533376 20.62356014205993 -30.96268525061871 -0.7110985103686647 -8.028897692656274
112 41.9301481734955 31.233582836025235 -14.629260679494584 75.53458296053556 12.49772734210598 44.03176051165288 20.2447546682075 -30.833174944266084 -0.7563933411729632 -7.992267805405532
113 42.14071524772356 31.568776201022732 -14.238519108107942 75.86130353083429 12.397806188488362 43.8876012608107 20.0500232224155 -30.738225271694986 -0.7863097635780332 -7.95344042329603
114 42.37126173039671 31.908823668398586 -13.81002519569338 76.14780717242338 12.333322748670302 43.75683780604692 19.77405507112555 -30.64598394296137 -0.8184681563286572 -7.903508142888786
115 42.62749982752794 32.250633652136806 -13.382826421341903 76.40646520606714 12.201510858231837 43.685049000518475 19.524732823749417 -30.554035493756317 -0.8434816552080983 -7.847289581715885
116 42.9059624944046 32.592918299612364 -12.937654366777226 76.62818604331557 12.054054611540506 43.637921156804886 19.259218420715204 -30.46544889208364 -0.8659738729697772 -7.783208814764178
117 43.20680981680429 32.93399974259929 -12.474492946424933 76.81041286541884 11.895603558900092 43.609399568313265 18.984895958633874 -30.38168382451134 -0.885915789803825 -7.712356518310222
118 43.52991121696771 33.27241350846175 -11.993488597412284 76.9508264930856 11.731532117865527 43.59503298833672 18.707598507962814 -30.30350498178247 -0.9032078915266304 -7.635764681374857
119 43.87445117668247 33.606941949959804 -11.495053500885604 77.0476686663802 11.565986797930577 43.59070616753865 18.43315223036078 -30.230344281857164 -0.9174719764580654 -7.554173094742441
120 44.23873209974555 33.93683033972539 -10.979678327959476 77.0997983827882 11.402628311000324 43.592985760745 18.167268171258797 -30.160121446920485 -0.9279213947633351 -7.46794971509079
121 44.62036544980291 34.26190719869657 -10.44779628455748 77.10660471333976 11.244892915013986 43.59943751047203 17.915491035049747 -30.089813276015626 -0.9334800351215597 -7.377149507975834
122 45.016706107513 34.582528873219324 -9.899723921068905 77.06791534102665 11.095786149064182 43.60870680169296 17.68301441915779 -30.01644958461292 -0.9330885451320785 -7.281638489187375
123 45.42518024366224 34.89940192108484 -9.335552383518834 76.9839747128643 10.958006091436832 43.62021176961409 17.474201117701952 -29.937884113737265 -0.9259837256220275 -7.181173851373055
124 45.84347246973081 35.2133818385371 -8.755041794511632 76.85548446355419 10.834172174540468 43.633515915758394 17.292119291545443 -29.853213942143643 -0.9118387724670746 -7.075432744500181
125 46.26961941953704 35.52536624674395 -8.15772776321596 76.68373060267669 10.726312337808556 43.64775985221947 17.138367326998527 -29.762839944617813 -0.8907571750534208 -6.964036656519401
126 46.70193027406351 35.83626466743664 -7.543225435217864 76.47065699871712 10.635299465904513 43.66170403999611 17.012994753570343 -29.668009110857152 -0.8631492170940855 -6.8465973536903535
127 47.13880904351273 36.14694040427397 -6.911507488709337 76.21874452271108 10.561226936109243 43.674323258617264 16.914324904307815 -29.570098890184884 -0.8295848338457984 -6.7228257810135945
128 47.57865410929072 36.45814518590936 -6.262943846979153 75.93083535718843 10.504231960935257 43.68513613572634 16.83884848144313 -29.47017385195198 -0.7906849581488313 -6.592673329964816
129 48.01991297063529 36.77052577697287 -5.598090707669319 75.6099074579903 10.465239790145372 43.69408524673369 16.78151429363038 -29.368998078739715 -0.7470736680829245 -6.456410572236026
130 48.46119800129084 37.0846904008383 -4.917501408401848 75.25872043077284 10.446299734461522 43.7013174059148 16.736817912602763 -29.267152236062223 -0.6994001504566174 -6.314606200100307
131 48.901295231515164 37.40123997314458 -4.221736252985585 74.87959035873304 10.450062396572386 43.706703328854616 16.7004394048518 -29.164929290150788 -0.6483833096676239 -6.168030045392899
132 49.33913152959791 37.72068164785328 -3.5114218515110163 74.47442672810959 10.479006135961884 43.70917405679322 16.670312561682355 -29.06228889411397 -0.5948343539404115 -6.017555507714722
133 49.773862958904985 38.04330680743357 -2.7871910170211764 74.04475199031653 10.535433986303211 43.706504596969374 16.64661911115066 -28.959174641938986 -0.5396530688999946 -5.864130346587504
134 50.20493582307934 38.369179456973434 -2.049506647666171 73.59164619080944 10.622117750869615 43.69563712629968 16.631164838307793 -28.855842123123434 -0.483795301124097 -5.708774083018739
135 50.6319706370447 38.698181364038696 -1.2986168265336577 73.11590757178563 10.742406946151759 43.67324640957536 16.62649922638405 -28.752821057309532 -0.42820177992417585 -5.5525398642786765
136 51.054641674271956 39.03006319891091 -0.5349060993843162 72.61843983987508 10.898929224568038 43.6366039446193 16.63497131751654 -28.65072084844505 -0.373678156340772 -5.3964353604682245
137 51.472643306731115 39.364554536353175 0.24060108943279884 72.10054086613503 11.09179198084221 43.58447641161813 16.658070273080266 -28.5501259547836 -0.32076718536867066 -5.2412929987751
138 51.885663809919194 39.70133824379505 1.026017572501118 71.5638371383133 11.318071781317332 43.51748585263948 16.696284196080608 -28.45148841815686 -0.2697197545461183 -5.087643375437152
139 52.29338853998446 40.03970750126135 1.8186799285551227 71.00992168707056 11.572662318006195 43.437733396800596 16.749478123599655 -28.354968896119036 -0.22059918145666277 -4.9357166149258465
140 52.69560673720414 40.37822007259534 2.6154478448472767 70.4399778266345 11.849283516672443 43.34766883010955 16.817559389201588 -28.26042734554923 -0.17340752435343967 -4.785595406031639
141 53.092444474231975 40.71473940686049 3.4131454110985873 69.85445986206956 12.141436856780587 43.24889342269394 16.900972198060344 -28.167684074622205 -0.12810155819234378 -4.637406771570207
142 53.484571997765 41.046792477571564 4.208908936418343 69.25284583155367 12.443398722189507 43.14206877178439 17.000777485799443 -28.076750540913746 -0.08449300912286162 -4.49141765296562
143 53.873129910949245 41.37195489269485 5.000300404357522 68.63376125660562 12.750534357508354 43.027755252165214 17.118600868320552 -27.987777372745725 -0.04218058847302363 -4.347995386507206
144 54.25937593467134 41.68809324049506 5.785349526759238 67.99553123665139 13.05899081133203 42.90683065098513 17.256602438999533 -27.900972682680035 -0.0006495211158663119 -4.207517623946328
145 54.644314640404986 41.99337217456159 6.562631300574034 67.33674204487055 13.365862267844523 42.780207165524175 17.416895189876623 -27.816687772391756 0.04052871197367592 -4.070321079759278
146 55.02852364241953 42.286048587513484 7.331200381713022 66.6565077954837 13.669660906052536 42.6488117982505 17.60032378039807 -27.735541394764674 0.08157658511351956 -3.9366905526622142
147 55.41217160269569 42.56419672009147 8.090305291538975 65.95452416093796 13.970166696546979 42.51403052263453 17.80553645657796 -27.65842020739299 0.1225270698722475 -3.806868321190758
148 55.795093023068794 42.825454054829734 8.839141045491742 65.23105627159794 14.268045591499918 42.377755637384396 18.028735772607117 -27.586253017744436 0.16330388324257522 -3.6810994723122894
149 56.176854459592285 43.0669043024541 9.576906759183109 64.48687412183527 14.564822331616199 42.241697059787136 18.263887764519882 -27.519707936484785 0.20380834915469923 -3.5596930092324675
150 56.5568276692375 43.285244376844794 10.303139972904303 63.723144606176405 14.86283563391571 42.10676907254295 18.50372607057735 -27.45909908197602 0.24400654593930157 -3.4430261968988085
151 56.93426545593294 43.47714142527702 11.018070072531112 62.9413075375523 15.164888889069013 41.97318382587637 18.741771819090015 -27.40448928966799 0.28399859084261214 -3.3314579951146555
152 57.30837081799647 43.63956953850325 11.722779629969148 62.14290091590318 15.47382606979696 41.840574623096714 18.974211540168152 -27.355792057106434 0.3240147943619802 -3.225195485380086
153 57.67838659372114 43.77012085158772 12.419146048971907 61.32934503566036 15.79215801480423 41.707675721133235 19.20030328390092 -27.312818906119023 0.3643422344378005 -3.1241803510990205
154 58.04367975660851 43.86737411259426 13.109634602210656 60.50182541727117 16.121622160688105 41.572409861440455 19.42158247259656 -27.275290379332702 0.40526973103321834 -3.027987023571222
155 58.40373040115407 43.931272061475184 13.797027947309267 59.66137165586356 16.462743889086624 41.43284235756624 19.640824689903912 -27.242831396882174 0.44708666985096013 -2.9356454080579466
156 58.75802708804276 43.9633552216762 14.484161719951855 58.80905904231167 16.814658715094943 41.28822336210722 19.86117291258331 -27.215008784896572 0.49009836433643345 -2.8453745163657307
157 59.10597359829167 43.966753996936305 15.173742560523445 57.94622161324897 17.175360770933445 41.13935796049262 20.085434610362736 -27.19138377777576 0.534627965760064 -2.7545002174822555
158 59.44691230972781 43.94600832797245 15.868333110137154 57.07460448519301 17.542385682603495 40.988265757070664 20.315477823199416 -27.171511269319087 0.580984599536704 -2.6599507776758102
159 59.78027132896795 43.9068402335336 16.57051258362128 56.196362936986965 17.913610448456925 40.83748493901053 20.551789441909108 -27.15495942664411 0.6294164031868815 -2.5591454352179577
160 60.105747446484365 43.85588769182469 17.283125295887785 55.31382155912376 18.287670546774752 40.68930852229112 20.793450741239813 -27.14143823396126 0.6801161222076909 -2.450574479009196
161 60.42342856889729 43.80030392832296 18.009482958736925 54.429055495257415 18.664020995566478 40.54495242603167 21.03882392576362 -27.130921968798877 0.7332866963448142 -2.3336921111391655
162 60.73374837279493 43.74725333009886 18.753394647141043 53.543540834282645 19.042956585155327 40.40369401478944 21.286747162140575 -27.123593220766196 0.7891838843509933 -2.2083115155890916
163 61.03737255409732 43.703552151835204 19.519010554236814 52.657925448125845 19.42546413770955 40.262639157116084 21.537469125732933 -27.119671644133835 0.8480995429446371 -2.074157293279253
164 61.335295764712924 43.675591033907246 20.310563260877384 51.77173978852875 19.812756750966372 40.117790805174785 21.792918792926855 -27.11931892617414 0.9103601372910827 -1.9310338286275797
165 61.62894732704302 43.6694324772145 21.132056423391138 50.88335731690579 20.205671951511597 39.965695521123635 22.056455737989094 -27.12262835465156 0.9763672142960441 -1.7791750066844303
166 61.91985251056937 43.690868516356836 21.98691687330496 49.99067171215156 20.6042268653742 39.80433162532032 22.33221156825125 -27.129552264084328 1.046586239348198 -1.6192667186633685
167 62.20906555299533 43.74518660607513 22.87763293990845 49.09208987923029 21.007593986994962 39.633161207319276 22.624293103895635 -27.139726927062895 1.121453520110318 -1.452281531682627
168 62.49690034327608 43.83666383543522 23.805440831776764 48.1871023654023 21.414461470265962 39.45314226703227 22.936182798849806 -27.15233841772496 1.2012710251539889 -1.2793549411741065
169 62.78301075699139 43.968122389917696 24.770145202689736 47.27626257136244 21.823336180896447 39.26715158094738 23.270218886002237 -27.16615877054709 1.286099101220052 -1.1016762164733407
170 63.06658487734883 44.1407420281982 25.770089600571737 46.36088226550057 22.232241496833904 39.080236635849424 23.627452843040746 -27.179720387933788 1.3756314573416593 -0.9203530978397901
171 63.34648801652576 44.35416568240986 26.80229429380476 45.442779272124106 22.63790516522981 38.89879288395536 24.008494944949856 -27.19152558227918 1.4691432562396436 -0.7363103288468832
172 63.62133699795374 44.60697916579012 27.86284040602619 44.52402091968402 23.035464917846017 38.72929427120156 24.414421371647123 -27.200249456705084 1.5656238409168892 -0.5502507864129755
173 63.88960744272206 44.897506786744245 28.94746606818716 43.60651943884581 23.41928348445915 38.5774902404614 24.846546069501173 -27.204949422570873 1.6640775831658203 -0.3626220609781516
174 64.14981930684277 45.22460770623364 30.0522161356608 42.69173948574699 23.784234904476378 38.44744402884765 25.305758586453155 -27.205228444786762 1.7638380525053825 -0.17357983529649706
175 64.40076470074801 45.58812319796439 31.174098990710025 41.78065338882728 24.126907425136128 38.34005860717678 25.79237540300456 -27.201269794227983 1.8647106191467362 0.01696812943567314
176 64.6417464279665 45.988823403557284 32.3117091673844 40.873732589525744 24.446669555745952 38.25198398943409 26.3062700165632 -27.1937764959541 1.9668981505947354 0.20920959811244014
177 64.87270439413616 46.427958079051784 33.46546990090727 39.97100901145507 24.74614223440086 38.17580684826118 26.84670905957634 -27.18386437471611 2.070814638091605 0.4032441396706614
178 65.09410152404978 46.90659178880812 34.637224942085865 39.07239506916189 25.030772383193337 38.10154630982598 27.411767388311855 -27.17287503382793 2.176893452542906 0.5989411372167519
179 65.30666717580573 47.42478208897064 35.829477825375584 38.178167227807705 25.308187549540083 38.01861621449584 27.997767126903288 -27.16212147329912 2.285423772603413 0.7958464546511116
180 65.511193065767 47.98072746861798 37.04479428861288 37.28936151870531 25.587964271001947 37.917450467111124 28.599227502460717 -27.152704110472385 2.396392894978711 0.993127282979502
181 65.7084547688122 48.5702650275174 38.28564295861481 36.407887999759915 25.881539763610657 37.79043174727711 29.209567693537824 -27.145525646966046 2.509346572150151 1.1895834161251673
182 65.89922364577143 49.186948223470296 39.5545631045757 35.53628498338888 26.20172794036493 37.632062924440696 29.82249830003329 -27.14138440018065 2.623352591115815 1.3837287183188491
183 66.08431385655675 49.822521891721564 40.854196457193815 34.677244533257515 26.56153459465181 37.4387225133202 30.433424539452904 -27.140919723621646 2.7371236549924878 1.5738888922717986
184 66.26464130487892 50.46761187338767 42.18680507778822 33.83318356415187 26.97216109987273 37.20846639545385 31.03998087004223 -27.144476655402578 2.8492688013061227 1.7583095513241642
185 66.44124791637367 51.11260130733218 43.553347117863964 33.00597411875706 27.440552658618643 36.94116857720427 31.641307698237906 -27.152056492131592 2.9585671541048852 1.9353133655796784
186 66.61522962276086 51.74855884164079 44.952710156407626 32.19673292699284 27.967933773647474 36.63902825569999 32.23642526413675 -27.163301387635958 3.0641370346124046 2.1034717280012147
187 66.78759028609014 52.36801180530853 46.381828451433314 31.405675175039438 28.55087722158118 36.3069300414895 32.822823133849965 -27.17749056524294 3.16545674808755 2.2617287610140364
188 66.95904563228218 52.965407134853116 47.83645451244906 30.63221793010032 29.183831619467018 35.9520936091117 33.39624123756454 -27.193644559314595 3.262275993775731 2.4094869398177137
189 67.12977816742186 53.537149940669586 49.31149483201598 29.875400683984548 29.860130004804095 35.58319976242056 33.95141799369002 -27.210731686083616 3.3544780018514104 2.5466547576674725
190 67.29919683553499 54.08122481085369 50.80043812986207 29.134495531651623 30.57069812666089 35.209590103914174 34.48289603024668 -27.22788237544257 3.441945758675943 2.673616942232938
191 67.46573810316096 54.59649760956294 52.294414350001354 28.40968782945879 31.302544603197923 34.840786197781725 34.98543146960741 -27.244543582282848 3.5244453006176983 2.7911436655095274
192 67.62675948877364 55.081786700780306 53.78160138338979 27.702762244266747 32.03893143200853 34.48605061143967 35.454271721329285 -27.26056690314912 3.6015217262560624 2.9002775803495395
193 67.77864473531632 55.53485124499634 55.24720480257563 27.017632508713557 32.76108283737365 34.15368321826782 35.88561817311295 -27.27622307008121 3.672454689433814 3.0021957611513583
194 67.91715388025602 55.95158996119018 56.673858098549694 26.36044955716706 33.45027995231932 33.850153618485216 36.27712581882941 -27.292075449120304 3.7363505312136085 3.0980567046016785
195 68.03788772248603 56.3257543837297 58.04225648525408 25.739199780588596 34.08966523788264 33.57936716630376 36.62812985319448 -27.308719771572076 3.792362817926557 3.1888660985016815
196 68.13671010443365 56.649320237185556 59.33174008127817 25.162958981639413 34.66542597164224 33.34237915213046 36.93944365780771 -27.326547922107423 3.839919689460133 3.2753581058842958
197 68.21004024974198 56.913493421252845 60.520604605820296 24.640975499054324 35.166876078290905 33.13799310010529 37.21268661990228 -27.345661490925703 3.878866684364525 3.3578724429307965
198 68.25504768347572 57.11009074463541 61.586540783633964 24.181657858232604 35.585488058742214 32.964338422895594 37.4494156773614 -27.365874853445693 3.90955460172552 3.4362474546381025
199 68.26994699322594 57.23284153504677 62.508235912831886 23.791492939858493 35.91425377644181 32.82035041663089 37.65084534947165 -27.38669879096203 3.932913979520969 3.5097768921948247
200 68.25440705038216 57.27834103388335 63.26826548291584 23.474094462020613 36.148493910566415 32.70593498785408 37.818383098336575 -27.40734560968218 3.950457893749612 3.5772765358247067
201 68.20972366061093 57.24661227444436 63.85565903000372 23.22981287213562 36.2871911642791 32.62123401112741 37.95400974085318 -27.426857407998984 3.9641276963739287 3.6372750287763798
202 68.16147952837439 57.15887499215822 64.3846744918298 23.023139343702418 36.70310710986126 32.87116613040144 37.70144925679955 -27.470181692623267 3.97958052063012 3.6776749808232063
203 68.06623376815337 56.97553889377725 64.56388243302821 22.924584021033663 36.5692153794942 32.909419779475414 37.717659648637216 -27.482562480643878 3.9935220473458832 3.7167034302157393
204 67.9534890594809 56.74295926716648 64.64192853681519 22.873022420734312 36.4842492090029 32.94336496908978 37.72117743359644 -27.493304612624236 4.006812353032212 3.745805084774852
205 67.82535850182967 56.460267367252435 64.55675089287699 22.877340841257954 36.2924251387796 32.97416575098986 37.73155059630866 -27.500941863590377 4.021862160017717 3.764452806509855
206 67.68746477154535 56.141735528730216 64.35111366348515 22.9245310087018 36.07460678703543 33.020686533717196 37.72177434407787 -27.50697646805286 4.038810926106401 3.7726204225267406
207 67.54423599383875 55.79887064084194 64.04201389594273 23.00678008421637 35.83352144733652 33.07796823606803 37.69725675839163 -27.512576659381438 4.057447059331882 3.7712444941554106
208 67.4007716450717 55.445282799961035 63.659892768628836 23.112780088053157 35.593543258159386 33.141060559457166 37.66119896582404 -27.519096247438068 4.077227772917836 3.7615599737860714
209 67.26186844531236 55.09402511605491 63.23243178806815 23.231433488859487 35.36671430359891 33.20208801888087 37.621560527287016 -27.527733773609015 4.097492995448373 3.7450706177210304
210 67.13168836067734 54.757180268148005 62.786119721839796 23.351951161461486 35.16361830580193 33.25406406894708 37.58579367040941 -27.53927542241196 4.117564796044012 3.723349169089255
211 67.0132934710706 54.44477113819481 62.34259514640868 23.465239554767457 34.9902958860813 33.29114767232249 37.56052556273755 -27.553983791014897 4.13686460895868 3.6978972497798877
212 66.90852385154298 54.164141109219116 61.91825134878781 23.564546707869923 34.85003010109547 33.3091167683708 37.550644601420494 -27.57164417346556 4.154987582187838 3.670021757997278
213 66.81802452670557 53.91959487438715 61.524449021109646 23.645844321667067 34.7440807131623 33.3053697334067 37.559117255580105 -27.591717576659747 4.171731554851528 3.6408304577564605
214 66.7414163980446 53.712562093137386 61.16846746586507 23.70763365382812 34.67245427843059 33.27890552245744 37.5869453574626 -27.613548327542414 4.187084769099097 3.611304136580796
215 66.67757485593431 53.54216433719203 60.854390324414325 23.750250939633656 34.63352732258795 33.23006366998897 37.63353474425377 -27.636564987484938 4.201188281513709 3.5823658784658297
216 66.62493566818858 53.40585550864253 60.583856993757166 23.775033660078634 34.62345166072873 33.16014085081076 37.697218819301646 -27.6604107445844 4.214305917568001 3.554913921355629
217 66.58177320814102 53.299947794780955 60.356643739020576 23.78375590695867 34.6360702148195 33.07116144725012 37.775721205101775 -27.684978722624567 4.22681304558718 3.5297880585031263
218 66.54637602480365 53.22003179042088 60.170955898596205 23.778541886034056 34.66339439200281 32.96582952316283 37.866420811717695 -27.71035585671405 4.23917889693746 3.507691149059271
219 66.51708369537562 53.16130639907765 60.02359338281064 23.762150334050816 34.696486705807196 32.847322022582155 37.96637741830748 -27.736680146195614 4.251927083502164 3.489151616776095
220 66.49237100323745 53.118900060306046 59.910654814346884 23.73813170458576 34.72666607269507 32.71860856550633 38.0724241189825 -27.76395692989182 4.265579772576492 3.474526117495379
221 66.47115450292362 53.08825705509802 59.82891002607737 23.71053858055579 34.74681959146519 32.5814367792696 38.18172534902846 -27.79195003607064 4.280596633198825 3.4639618216504733
222 66.4531827080904 53.06552304323872 59.77688766616878 23.683412770775366 34.752459641324286 32.4358318372917 38.292568451011135 -27.82022806422652 4.297323733557629 3.457310782993566
223 66.43919772884753 53.04784716700726 59.75474916491388 23.660426937221263 34.74229613078728 32.280829031226 38.40459686728828 -27.848321821894803 4.315954049095617 3.4540680768963026
224 66.43070558374092 53.03360766934221 59.76313416055537 23.64478970529093 34.71861070224715 32.115888657268584 38.518114784466405 -27.875898063188416 4.336492202263302 3.4533967293586367
225 66.42948779643923 53.02263120732206 59.802163847338605 23.639125399411355 34.68810005262692 31.941737837442766 38.633007735326004 -27.902866874050257 4.358731777386433 3.4542541939886418
226 66.43717511768303 53.016461037252725 59.871642990573015 23.644864978961028 34.662943511960975 31.760118742942147 38.747998532175885 -27.929350436745935 4.382252145899768 3.4555663777876497
227 66.45514262797563 53.01857521778351 59.972264999140826 23.661013525909578 34.660100563023974 31.572926290337964 38.86049840618478 -27.955518030390344 4.406434181111538 3.4563520617744925
228 66.48468607053849 53.03426808450635 60.10662987843136 23.682890709710847 34.69743090524531 31.38137524246803 38.96721505258635 -27.98139768863907 4.430490580338489 3.4557421485997746
229 66.52714259534547 53.06987252054477 60.27890826516797 23.70198990193767 34.78821865979318 31.185503490391863 39.06554034776371 -28.006761761310532 4.453489531393502 3.4529361333714124
230 66.583697149992 53.13128658584033 60.493173248924 23.70762707766146 34.93761494270034 30.984151463368253 39.15491345446386 -28.03111485505521 4.474360021418809 3.4471891402082355
231 66.65499229279482 53.22232280635381 60.75173504972626 23.68971108862584 35.14333029185522 30.775434932963076 39.23709216674327 -28.05380503014294 4.491900964362937 3.4378487815380003
232 66.74083091600768 53.34359691060896 61.05416060955596 23.64118354685189 35.39867723452387 30.557621479984952 39.315304988159355 -28.074247509802127 4.504835483445442 3.424395959441155
233 66.84010317854803 53.49224465054825 61.39651340258438 23.55918886868474 35.69424010421085 30.33025855925896 39.39310465986348 -28.092166169177787 4.511943810375343 3.406493873241443
234 66.95085507483388 53.662244896391485 61.77086439642097 23.44509026117147 36.01810288068823 30.095107469253314 39.473469237032006 -28.107717415853035 4.512255637083937 3.384055700379034
235 67.07032869337431 53.8449433512711 62.16549241431045 23.303987733211144 36.35686191049039 29.85628083403474 39.558037661813444 -28.121402755549106 4.505226369117853 3.357294622014693
236 67.19494097428452 54.02958102679665 62.56565191188539 23.144168896674117 36.69775866512485 29.619406392103294 39.64624399990434 -28.133811276490754 4.490831781065892 3.3267279437641135
237 67.32041852967076 54.20400928607232 62.9546986080516 22.97640358332084 37.0307966496452 29.39027720799342 39.734669405822494 -28.145375376961947 4.469574841388376 3.2930953618775516
238 67.4422722880339 54.35586053305615 63.31559045896115 22.812754550295818 37.35000563565252 29.173726440469768 39.81724575443371 -28.156284917731615 4.44244090563396 3.257162830853626
239 67.55646399819328 54.47411113214966 63.632560069157606 22.66490117750402 37.65335681391431 28.973148763364634 39.88641518020106 -28.166512059894565 4.410829180457221 3.2194851580681814
240 67.65996841870289 54.55060518328873 63.89249296562811 22.542435049782533 37.941229985762135 28.790595762182452 39.934764310938554 -28.17582858114636 4.376452472509589 3.180239098428138
241 67.75108172604266 54.58108963904085 64.0857818892274 22.45163172530992 38.21420045122704 28.627191233459214 39.95663503839995 -28.183833171054044 4.341188284091941 3.1391855989391106
242 67.8294955748521 54.56553891957183 64.20678269697605 22.39492131794679 38.47125382810319 28.483603983635522 39.949438036966754 -28.190092534220508 4.306888990318445 3.095774618740966
243 67.89619819935685 54.50770061333457 64.25407307874835 22.37105311715167 38.70923087615555 28.360304251214327 39.91437659793072 -28.194362380352164 4.275167023121625 3.049358743552943
244 67.95318895781543 54.41390703337428 64.23050619528627 22.375933093280942 38.923866608590416 28.2574296335978 39.85611322566008 -28.19671621074424 4.247158149958739 2.999439353390581
245 68.00301254259617 54.29148301510845 64.14291150148914 22.40399757388938 39.11188565111861 28.174274038893028 39.78135766376904 -28.19750639602303 4.223293425337544 2.945867258270456
246 68.0482824274373 54.14735369835326 64.00137653218451 22.449605541590152 39.27264380228366 28.10866000311926 39.6971789448732 -28.19723035685029 4.203177389719363 2.888940280669556
247 68.0914022938177 53.98740779219804 63.81820669222272 22.507783211713214 39.408102471028386 28.05665092265448 39.609914500597185 -28.196404717616016 4.185666054941714 2.829370963665736
248 68.13456771046846 53.816776468950266 63.606962174336886 22.574054643343654 39.52149944605005 28.012865213589738 39.524954552286246 -28.195524626646275 4.169119898838579 2.768128136817122
249 68.17996519867029 53.6406447730784 63.38189781945619 22.643682509564012 39.6161072166704 27.9713312367273 39.44711502668983 -28.195092355927358 4.151714684881402 2.706187708500033
250 68.22995217184875 53.46492199434771 63.15753350021752 22.710979291196775 39.69491403384279 27.926693379722575 39.38106210808799 -28.195602039557762 4.131727457028101 2.6442839926429365
251 68.2870023073456 53.296264596101445 62.9478785040219 22.76927519139746 39.761017677539066 27.875416999179944 39.33135165240419 -28.197423232690568 4.1077726579633955 2.5827836850012003
252 68.35335173980354 53.14136021433211 62.765254033315856 22.811721509878872 39.81820253941762 27.816543307707132 39.30191908338631 -28.200654987117222 4.0789635303912455 2.521743290675789
253 68.43047355115263 53.00576279901314 62.619088900018255 22.832624219677307 39.87140646989033 27.75166528342373 39.29516135036236 -28.20503394121412 4.044970995796088 2.4611016189225428
254 68.51862401107371 52.89276968229496 62.515069027330604 22.828713496876645 39.92679825926715 27.684072495214632 39.311073731533575 -28.20992124641879 4.005977974173094 2.400893824230574
255 68.61667332855663 52.8028044510391 62.45476652624411 22.79980512281117 39.9909619443981 27.617302600174135 39.34708590706076 -28.214397369620556 3.962561481382765 2.3413879605374466
256 68.72229205973021 52.73353760439578 62.435863053235984 22.748620354259934 40.06919277969754 27.553534816984623 39.39891172597649 -28.2174854523997 3.915550331023219 2.283101298689939
257 68.8324240311193 52.68066420835454 62.453056300505594 22.67986490024421 40.16399039842925 27.49257919140012 39.46196634322435 -28.218429727128072 3.8658977595099673 2.226696905839191
258 68.94388273267828 52.63900893641758 62.49933398163501 22.59892285905165 40.27489513111494 27.43224516932527 39.532509225809825 -28.21689323456714 3.814589891878074 2.172789773485965
259 69.05386689183695 52.603564451904546 62.56720595987524 22.51064908612901 40.399814386108424 27.369976630409354 39.60801035308693 -28.21300353888246 3.7625878531634624 2.1217325108587537
260 69.16022020343507 52.57015288319437 62.64959486187942 22.418687793632603 40.53671273573051 27.30462987374299 39.68685761785003 -28.207278171076197 3.7107933116653897 2.0734934664711564
261 69.26136951054924 52.53552372895644 62.73993548464884 22.32551179031032 40.68397984150492 27.23734030624452 39.767871573461576 -28.2004743084245 3.660037463164868 2.0277017146836855
262 69.35606602220221 52.49700182424557 62.83162218344906 22.232951196990843 40.83953721829164 27.17133492053061 39.84994661497576 -28.193386831528272 3.6110900489110134 1.9837935341827375
263 69.44315822145876 52.452070771002816 62.91765159463452 22.142700578069718 41.00038989490282 27.111138602310355 39.93183092494635 -28.186660173887184 3.564669518190793 1.9411363296450495
264 69.52151740028509 52.39816292405208 62.99087727136988 22.056501163589182 41.16327070489984 27.061479312047773 40.01198289689123 -28.180699069114 3.5214403374261614 1.8991093202071414
265 69.59009332185158 52.332721900517505 63.044709016761985 21.97601953005777 41.32562279535061 27.026141971889047 40.08855289268425 -28.17568735955144 3.4820076411024816 1.857198300547735
266 69.64804831584377 52.25349536441691 63.07378646464184 21.90253286222478 41.48580249352372 27.007223054327703 40.1596131025449 -28.1716627999302 3.44691225916589 1.8151096091338266
267 69.69495579633022 52.158972313182915 63.07453918958666 21.836461296531944 41.64269711829987 27.00498994063679 40.22357824291986 -28.168625296725427 3.4165895913913973 1.7728430390042706
268 69.73103109157485 52.04886823559151 63.046197233000676 21.776807928427765 41.79637169233495 27.018147040709344 40.27960008177582 -28.16666216623796 3.391273183488094 1.730687797794957
269 69.75728223493101 51.92439160408414 62.991906137710934 21.72079258342219 41.94939516436269 27.04426070469237 40.32781443970418 -28.166030741496026 3.3708905592309737 1.6891650985091025
270 69.77547220844212 51.788017167436564 62.918822464861286 21.66398298732447 42.10697281363547 27.08018886342495 40.36927653654392 -28.16716410091503 3.3549941030496546 1.648953669852591
271 69.78789974033425 51.642860749945285 62.837041333754534 21.600911257410612 42.275780543749114 27.122480950766978 40.405464062149775 -28.17064752636509 3.3427116671005517 1.6108196082371418
272 69.79708840108387 51.49195859186595 62.75777743336251 21.52599900492557 42.46208982053614 27.16778655055039 40.437651333754495 -28.177205621314368 3.332725680291314 1.575562119825638
273 69.80545475480643 51.3376833873204 62.6911658742815 21.434641965943168 42.66956784157156 27.213247890784412 40.466544446542144 -28.187663659797334 3.3233442638630106 1.5439777798201746
274 69.8150081886223 51.18149436350329 62.644592110063755 21.32424561818195 42.89826393003699 27.25682553207657 40.49221943008635 -28.20287253697533 3.3126641999066657 1.5168356385001736
275 69.82717353792621 51.02405243280054 62.622065455186416 21.194975880512796 43.145107922459935 27.29748955994261 40.51440789685656 -28.2236307936327 3.2987523705741526 1.4948255597890885
276 69.84282114234617 50.865481768061194 62.62399986175143 21.050075529740244 43.40384036570553 27.335153786794166 40.53318584198745 -28.250582443597946 3.279823946076238 1.478444340566139
277 69.86247137902615 50.705704037191666 62.64732145063202 20.89564930778731 43.6643742079395 27.370445295129272 40.549478299189445 -28.28408537960512 3.254431328140836 1.4678745203821846
278 69.88652619141516 50.544987515611105 62.686384146476776 20.73991608279891 43.913482280212065 27.40459589626133 40.56465918464339 -28.3241232950523 3.2216326684446104 1.4629408145768723
279 69.91541952335363 50.384631072110714 62.73407784079825 20.592032030296554 44.13605517602521 27.439527986689164 40.57946558560777 -28.370283516967337 3.18111327228045 1.4631379193074672
280 69.94971210792296 50.22758938587088 62.78282307713451 20.460488937128048 44.316271807167006 27.478058745496217 40.59286066121623 -28.421764942562064 3.1332631301172342 1.4676902588543952
281 69.99021468568125 50.079043738999715 62.82650340266648 20.351077649935842 44.440283404035846 27.52400306506628 40.601449092021255 -28.477435698179985 3.079188113020029 1.4756392087192445
282 70.03817896040908 49.94678421577834 62.86328799552475 20.26480792241308 44.499303615390815 27.581655832858846 40.60040758973951 -28.535979791868375 3.02061845399275 1.485942354555841
283 70.09545532087347 49.8410302857892 62.89787585164452 20.196668987068563 44.49062405768959 27.654572655046888 40.58608636918146 -28.59613189245405 2.9596973986885637 1.4975727135148247
284 70.16434851646456 49.77339618901817 62.94207379593417 20.13621705149459 44.41746401689187 27.74434753945415 40.55870511583544 -28.656946445781536 2.898658080853677 1.5096516912121216
285 70.24698143841059 49.75491379936697 63.01288892031255 20.070285071310206 44.28875516461648 27.850015896724653 40.523335437372 -28.71798917212685 2.8394395667041956 1.5216237765879113
286 70.34433055993436 49.79353521817685 63.12803706143491 19.986809642646556 44.11778164156588 27.96830788181389 40.48859803478325 -28.779371461270863 2.7833358124827483 1.5334074712604548
287 70.45534795528229 49.892087603661196 63.30060762715998 19.878049986388735 43.91940086303717 28.09464350468273 40.46379026597758 -28.84163864645358 2.7307842113427463 1.5454567569996753
288 70.5765588065222 50.04744947755476 63.53524806955279 19.74204846447479 43.70719954725574 28.224297550330302 40.45582985020982 -28.905580701582462 2.6813626267558734 1.5587074013192486
289 70.70232804910252 50.250941810090296 63.82681340200971 19.58233828428691 43.49142462107028 28.353155669554468 40.46726452928562 -28.97204534131702 2.6339986429355915 1.5744046736749513
290 70.8257231531045 50.48953933005063 64.16110950124633 19.406578144565046 43.277754180278706 28.478080055015532 40.495883616603216 -29.041778633839677 2.5873456848325582 1.5938381286693033
291 70.93968743528607 50.747648082980554 64.5173789084366 19.224794003034575 43.06755764641369 28.59716389738435 40.53574048379954 -29.11526441895015 2.540234852939683 1.6180442768820575
292 71.03817667845674 51.009121992294396 64.8720752403281 19.04772699816588 42.8599716454696 28.709836164451886 40.57897638851405 -29.192541561949536 2.4920705059029777 1.6475573668304784
293 71.1169553718573 51.25898141210128 65.20278662109587 18.8855866195 42.65472672063698 28.816705489388095 40.617578147229324 -29.27302814409351 2.4430317833211888 1.6822570963216283
294 71.17384656932167 51.48448449501407 65.49107783154153 18.74728192909781 42.454426086821535 28.919275763041345 40.64435146770579 -29.355438309259014 2.3939935344897547 1.7213036512076347
295 71.20844163155198 51.67541680121388 65.72331801472862 18.640118504124295 42.26488691068948 29.019638039812932 40.653196513947144 -29.43785076571431 2.34621511132218 1.763148862095227
296 71.22152709981364 51.823558846567735 65.88908650166499 18.569925046036897 42.09218568131547 29.120089184107847 40.639322207738296 -29.51789702515633 2.3009826282304804 1.8056358997555295
297 71.21452389719198 51.9217761012481 65.97842623937247 18.54144200824171 41.93798202306403 29.22277504189739 40.599630371117875 -29.593045292659347 2.259355240583618 1.8461900192072618
298 71.18907126125464 51.96356801673436 65.98049997996354 18.558684874278022 41.797492729910104 29.329614763360027 40.53297355701458 -29.66099577125644 2.222005399961748 1.8820973259008125
299 71.14674405646895 51.943417062271706 65.88463995161405 18.625094869335463 41.66180162026787 29.442537399898704 40.44007553543186 -29.720087304804473 2.1891056971761365 1.9108591770799062
300 71.0888416154595 51.85752442243285 65.68214941163346 18.743548815419146 41.52146683565932 29.56376986132157 40.323112806312544 -29.769529123712104 2.1602957579564506 1.930533856917446
301 71.01621381739986 51.704379986365154 65.36684152944775 18.916408451198894 41.36790388067925 29.695906238151746 40.184913064361766 -29.809392761415175 2.134768651842778 1.939937806375978
302 70.92916004065695 51.48496607611974 64.93414996603352 19.145629441258837 41.192253319822846 29.841673135453895 40.02780330414962 -29.840426475187293 2.111459054846545 1.9386778255080988
303 70.82746094704089 51.20277929393974 64.3804939922442 19.432764436202536 40.98446925133974 30.003573718381933 39.852416249329636 -29.863782378816733 2.08927147671819 1.9270736200610192
304 70.71055478679753 50.86394165969102 63.704447625338965 19.77871142401385 40.73508430083078 30.183659270821426 39.65699634157856 -29.880738955783766 2.0672733500863703 1.9060239573837252
305 70.5778643245271 50.47734711956717 62.909071290971184 20.18322016387072 40.43816361794925 30.383303228750506 39.43783321783045 -29.892486557063226 2.044818939310696 1.8768146259680534
306 70.41510404065217 50.03970473719045 61.99030694035958 20.66645652486512 40.1863050693154 30.724476371389667 39.07384496149131 -29.898840759664242 2.0164857311188036 1.8417258231922855
307 70.24961769968604 49.593839717833426 60.99205065777027 21.18191475819686 39.81117550176138 30.98750453681352 38.770919243949315 -29.90329227470195 1.9920586666364881 1.800997845766308
308 70.07211859644497 49.1399714888143 59.92140579908575 21.74213776489272 39.386034434403975 31.25412463157408 38.447504337260895 -29.90510328328453 1.9676363829296657 1.7551616060173196
309 69.88498069150894 48.68980380301403 58.80139605111924 22.340431322475215 38.92354979096255 31.52985034512493 38.097541909019874 -29.90447600528624 1.9433435375667614 1.704565700932481
310 69.69153436509038 48.25272566707891 57.65496072212284 22.9696140554871 38.430976730860074 31.811606420612524 37.724980453586916 -29.901469448915584 1.9195203385388115 1.649128163043261
311 69.49478651821144 47.83407513350243 56.50087098805966 23.624086989208244 37.913838424214084 32.09733118757878 37.33392944161097 -29.895824945873827 1.8963887640941237 1.588585446709048
312 69.29671372322387 47.43490685154936 55.35092993218944 24.300821705872337 37.37590237281123 32.387919735529614 36.92557775154744 -29.887057114280584 1.8739813453714678 1.5226092391546777
313 69.09798917591701 47.05289482942553 54.209305446361654 24.999228936504984 36.81975434269543 32.686772489935024 36.497559264532676 -29.87462993130618 1.8521577823776103 1.4508605117498776
314 68.89820852042223 46.683993854523635 53.0741911031021 25.720041705442537 36.24759701023323 32.99804702113043 36.04527390489993 -29.858072483410773 1.83072692866815 1.372988556062845
315 68.69647129358934 46.3241311295359 51.94092992043398 26.463823517360883 35.66184966602558 33.32432422608722 35.564238075872126 -29.837014415054735 1.8095612636652776 1.2885836203071404
316 68.49197092143437 45.97021571228789 50.80501777130151 27.229871842691395 35.06531822400878 33.664474916703284 35.052137892626966 -29.811219673758323 1.7885998216972534 1.1971855362882877
317 68.28425366898207 45.620278782711004 49.66382879938707 28.01601536468508 34.46093052112119 34.012883231404736 34.50966676162844 -29.780638993792923 1.7678028505904222 1.0984229683345919
318 68.07306941728481 45.273041983661834 48.51685604801616 28.819273274500045 33.85120935247431 34.360468657282915 33.94018091479531 -29.74546826394844 1.7471404051686088 0.9921910542535316
319 67.85800489476016 44.92733938316869 47.364920000250756 29.63694143215017 33.23759771224896 34.696716894274644 33.348830485665516 -29.70620450276307 1.7265947091800442 0.8787215200255373
320 67.63810833212979 44.581687950533514 46.208952090933956 30.467675190896962 32.61996267655356 35.01188826997166 32.74166514919417 -29.6636739501947 1.7061429635356156 0.7585371888776619
321 67.41160431915175 44.23404482803649 45.04883940447757 31.31227150320972 31.996646825740456 35.29924136252997 32.124655616571054 -29.619007860357865 1.6857209455407807 0.6324060259613205
322 67.175767355899 43.88172234686195 43.88276061345979 32.17389719214661 31.364940591780694 35.55685366157095 31.502684684074868 -29.573548878312952 1.665172832297395 0.5013393070406496
323 66.9270188337409 43.52156569488997 42.707387988780226 33.05768881596924 30.721756657904173 35.78797228219564 30.879091916126278 -29.52869741219961 1.6442219706607524 0.3665898542410415
324 66.66124131186272 43.15044693715715 41.51897766190395 33.96992410856074 30.06460446580297 35.99939148602828 30.256008134411232 -29.48577995880602 1.6225233061386386 0.2296481921566797
325 66.37422201503712 42.765945112508255 40.31488227919097 34.917031983365554 29.39285557499646 36.1986378348499 29.635058730634377 -29.445982527178533 1.599808376152691 0.0921820596574359
326 66.06212970158137 42.367019012146294 39.094802286509726 35.904555439373816 28.708795482441527 36.39140837533527 29.01796774503089 -29.410240441185685 1.5760473009745142 -0.044248256088220604
327 65.72193438670303 41.95445617859374 37.86118868989517 36.93617050224581 28.01775025107117 36.58045126100903 28.406668852161523 -29.37902289468172 1.5515386216160454 -0.17863145399323244
328 65.35166175127003 41.53087837130002 36.61859185111479 38.01307740844278 27.327058922606945 36.76603683004852 27.802917060410845 -29.352148830791144 1.5269031958542483 -0.3107510308431749
329 64.95044732742075 41.100215665717755 35.37235217296672 39.13405333061702 26.644502306633004 36.9471321244046 27.20805800738767 -29.328783273357725 1.5029959106507151 -0.4411175547199023
330 64.51848649316915 40.66681409984867 34.12739105649412 40.29602003962533 25.977198332075105 37.12242781018176 26.62322063198836 -29.307636904033572 1.4807522825401982 -0.5707849402816363
331 64.05415483394701 40.23618151123563 32.85410386054735 41.504032002631696 25.243173445594152 37.31559813976458 26.0608278609061 -29.284272495514315 1.4629742376465389 -0.7013472612664048
332 63.56803545610076 39.8059925358776 31.653887102139553 42.725643193059724 24.706105366403953 37.45626775820758 25.485517589093195 -29.266655095835517 1.4442872740578079 -0.8338009937590742
333 63.05281522503509 39.38467894936315 30.40304078358193 43.990200128295854 24.03734818157531 37.63384400259407 24.955073972700617 -29.242097123485543 1.4328490020822546 -0.9705513003206512
334 62.52194883233024 38.962778496931925 29.224825707284857 45.25779503386326 23.56332097716804 37.76666573063271 24.389031406769515 -29.22395872766961 1.4190218349582369 -1.1114691579482443
335 61.97067601670996 38.54796730938601 28.001083790110474 46.555800667421856 22.961214976873553 37.93518924426313 23.88574272316203 -29.19973211473727 1.4111919968216258 -1.2589306601278092
336 61.40871931587101 38.12935666486608 26.820528462528273 47.85402396989927 22.46688762962087 38.07856973440386 23.365156477149988 -29.181243666865452 1.3996668384171334 -1.4116445409416292
337 60.83669492766502 37.70568942793269 25.652455335496988 49.156515509041704 21.9895529865213 38.21255692608093 22.85848904718266 -29.166346895613362 1.3844373453696293 -1.5697900304200016
338 60.25622138844278 37.272705076426774 24.49713188166196 50.45971047670794 21.526920002578482 38.33662631665496 22.366274766678586 -29.15613869056584 1.3627836358760304 -1.7326834802322124
339 59.66804745577429 36.82570682463162 23.354620392929064 51.76062677748279 21.0769902156345 38.4515785206463 21.889568074199566 -29.151227377081064 1.3321386666864574 -1.8994322936425119
340 59.07212924952829 36.359899332835575 22.225206118725087 53.0562426636791 20.6404638429293 38.5600913972029 21.42885166625077 -29.151691517373923 1.290392423205383 -2.069059763872976
341 58.467741283833135 35.870936043014346 21.10928578166136 54.34324584389381 20.219560437920443 38.66511505923641 20.9851556467894 -29.157052620161814 1.236115437521258 -2.2406820696370033
342 57.85385498916478 35.355554052497794 20.007261656853416 55.6178254469547 19.816287097871765 38.76827701208029 20.56127113932154 -29.166451403319734 1.1686777367954135 -2.413762388116635
343 57.229805062440896 34.812313162506726 18.91953189183921 56.87523382049926 19.43098835339825 38.86983940974979 20.16163273860435 -29.17920334350611 1.0882645778734537 -2.5882972958978696
344 56.5958800431841 34.242412129320854 17.846799631736104 58.10941995611064 19.06245032076997 38.96953218664528 19.791438506092113 -29.19545738612391 0.9958777036347934 -2.764756304072455
345 55.953428250369576 33.650153311226674 16.79034990595436 59.313383142892924 18.709090654411888 39.066840147844786 19.45568869710856 -29.216387699705297 0.893374773735858 -2.943816888430578
346 55.304467113825744 33.04266573978872 15.751873294175706 60.48027738634208 18.369630484924667 39.16057688319166 19.158051756058693 -29.243672546887495 0.7834600375789561 -3.1260444086755648
347 54.65115794075424 32.42898278022576 14.733037707932098 61.604576271689965 18.0430721787891 39.24852281117481 18.89998722926718 -29.278570897352015 0.6695049427868555 -3.311630336548394
348 53.99545927234152 31.818885823970785 13.73512018585706 62.682776625582285 17.72841611353869 39.3277641211837 18.68081423180273 -29.321181025312892 0.5552011132244079 -3.500296208244701
349 53.339012691096265 31.221904923696368 12.758768206684486 63.71363489917137 17.424059365079835 39.39571695310283 18.49839222766053 -29.37030155975942 0.4441518765806599 -3.691389883881093
350 52.68321163553755 30.646620641421396 11.803981579897952 64.6980110273229 17.127370543747034 39.45127961276891 18.34946226524564 -29.423892816323114 0.3394986420489168 -3.8840401712616424
351 52.029387831919 30.100177536736247 10.870376850705197 65.63834723820786 16.835096398838296 39.49541902318544 18.22945307142819 -29.47976540698283 0.24363566737047107 -4.077218037232321
352 51.379031546520864 29.58796926056118 9.957568778603507 66.53790887063907 16.54425261152534 39.53077628596639 18.132386560195034 -29.536144592930018 0.15804117237290727 -4.269719442111896
353 50.73393420862745 29.113604962171806 9.065406345543375 67.40000370432575 16.252760071858866 39.56051201482889 18.051680922189384 -29.59194073093538 0.08323965207988923 -4.46019120375635
354 50.09615615960467 28.679141121852844 8.193978699864326 68.2274131459106 15.95958746724966 39.58736406176962 17.98170333529236 -29.646691683634277 0.018864096309889947 -4.647262371351537
355 49.46789087917494 28.285349070461596 7.3435190532878405 69.02214115414257 15.664661138241566 39.613612479573 17.91884117365718 -29.700383662907534 -0.03624134930062868 -4.829755839091008
356 48.85134793993113 27.93187230413363 6.514315776615516 69.7854313904026 15.369036963191975 39.64142482715707 17.86161369693716 -29.75328522495873 -0.08385295249908552 -5.006885562224575
357 48.248661826956635 27.617330166935197 5.706683020896062 70.51794812190585 15.075609197936297 39.67292443541344 17.810393977344223 -29.805701475656768 -0.12607546050215818 -5.178337190056168
358 47.66179938985349 27.339416359957223 4.92097743221777 71.22001742684526 14.789860400020105 39.7100632446476 17.767032470005798 -29.857591660102486 -0.16496831164128803 -5.344251976826829
359 47.09246226912537 27.095003200154235 4.15745596409702 71.89190589961936 14.519287829639183 39.754618587530445 17.734336052827555 -29.90821035789098 -0.20221338722694146 -5.5052088190817425
360 46.54204343761849 26.880303175315753 3.4158278167349434 72.53414890378764 14.270621564507698 39.808750856982556 17.715293216007957 -29.95618253994963 -0.23895941649383878 -5.662174418997197
361 46.01168712498976 26.691089223880958 2.6948563069811935 73.14777744591959 14.04683083510735 39.87576332854351 17.711760193824357 -30.000082025101545 -0.27585395836702054 -5.816277302778247
362 45.502380591483394 26.522915890967692 1.9926368051887118 73.73422646251714 13.847236930623152 39.95948673044121 17.723045547021155 -30.039026114269447 -0.3131375417960995 -5.968417178961817
363 45.014993586167016 26.37127574441821 1.3075002716045356 74.29498892236444 13.669949519414342 40.06208593997098 17.74608238433456 -30.072948969348193 -0.35076090273057914 -6.118948191734437
364 44.550207064765715 26.23169090229122 0.6387424037160638 74.83132712179966 13.512989540458209 40.182240059765775 17.77760094915161 -30.10249363768896 -0.3885492064268589 -6.267568088535611
365 44.10830262794827 26.099867421479615 -0.013275375433631876 75.34419868212353 13.373967126166704 40.3151505048356 17.815920602462665 -30.12854412044472 -0.4263016110516423 -6.413337834000565
366 43.68901976596677 25.97197536519826 -0.6474017440508584 75.83427130439111 13.250474623057318 40.45392365965337 17.8607256320872 -30.151775813180905 -0.46373652742751525 -6.55484804245915
367 43.29170739579096 25.844931802203707 -1.2620177848430145 76.30190769558757 13.141093916257612 40.59095302554522 17.91202078222154 -30.172633762111527 -0.5004081837897072 -6.690546744428913
368 42.91558848221408 25.716589530501867 -1.8553299868697783 76.74718251423896 13.045806782268176 40.71870003454353 17.969551261336296 -30.19155797040708 -0.5357475956445338 -6.819011424510388
369 42.55988828847416 25.585841582419416 -2.425685220135547 77.16997026302941 12.965635754120562 40.83023454327031 18.032631523682934 -30.209115085778006 -0.5692041909703524 -6.939037566596997
370 42.22390879830569 25.45258637969421 -2.971953576819192 77.57002313693715 12.90195993802766 40.9199710668342 18.10003339053017 -30.226037016773553 -0.6003551008100182 -7.049707903228491
371 41.90711418475367 25.317493796760647 -3.4939257190252087 77.94702978825514 12.85579515933281 40.98480388033983 18.169873083130568 -30.24319448813201 -0.6289270848577847 -7.150593543454394
372 41.60905382730706 25.181722790198492 -3.9925455621430275 78.30076404657495 12.827020618800615 41.02519067676159 18.239800037049104 -30.2614021301024 -0.6547981030203032 -7.242028750088534
373 41.32911074456405 25.04675954066988 -4.469848481586387 78.63133448033963 12.81377518416156 41.04525641316483 18.307621581885808 -30.28115131802156 -0.6780116556654044 -7.325327352336939
374 41.06630383637159 24.914285519065444 -4.928683802217496 78.93936469284085 12.812551594406665 41.0517254261801 18.371898343019165 -30.302525524318526 -0.6987581159313306 -7.402721644064397
375 40.819248841395876 24.785938056362248 -5.372365825177007 79.2259662896551 12.819133712690338 41.052449951942975 18.43206557345396 -30.32533023730862 -0.717333591406052 -7.476829657717981
376 40.58622508758368 24.663053451861625 -5.804195823878547 79.49254868875133 12.830033274680222 41.05516722374733 18.48815814916703 -30.349280400899286 -0.7341360579934963 -7.549988528117337
377 40.36524458606522 24.546544600525724 -6.226793867330433 79.74059030731742 12.843666911400668 41.066454430547935 18.540580352720333 -30.374101148187005 -0.7496826738015218 -7.623864748140419
378 40.154066867212116 24.436892809890214 -6.641544521515016 79.97146075312865 12.860404907862549 41.09082182737181 18.590247214530226 -30.399504098719515 -0.7645802230625068 -7.699205224984594
379 39.95027169611542 24.33414736870017 -7.048512578044989 80.1863607511199 12.881485206187685 41.130272665882934 18.638862854430574 -30.425161476430443 -0.7794258098663969 -7.775716620506081
380 39.70862573310369 24.253310619944017 -7.500855270877938 80.42808805320722 12.541762847374606 41.02647623241786 18.500692452510666 -30.423911522615644 -0.8016405516609426 -7.845263663049791
381 39.51168856023765 24.16305446188873 -7.875474710091432 80.61223873240769 12.57724376288605 41.047686319495625 18.531002388928684 -30.450894090152854 -0.820739656506396 -7.919124162727379
382 39.31844961665728 24.076954765625157 -8.255000880396711 80.7866741869198 12.581475357940441 41.10817286321522 18.61026348084322 -30.476720236509554 -0.8372478745630597 -7.991570539113337
383 39.12443456861538 23.995919193032606 -8.618053235507642 80.95011314670043 12.611675397427776 41.188462828735055 18.69106021981925 -30.50266365236871 -0.8527093301253491 -8.059047545788454
384 38.92818093647344 23.91866144369059 -8.967488731074143 81.10622992223563 12.637373629719745 41.28047704914054 18.779016837841382 -30.527850480788327 -0.8667622898977599 -8.120601395309244
385 38.72896370354254 23.844380215252226 -9.30107826331239 81.25604043202851 12.661872896461144 41.380513786195216 18.871545143078453 -30.551967010814064 -0.8786784003021223 -8.175719188366873
386 38.527067555924496 23.771951436739517 -9.618511940155173 81.40000437557188 12.683820477284245 41.48651948947323 18.968085457193297 -30.57458984619564 -0.8877931284670696 -8.224691545730114
387 38.323599301843636 23.700537573008855 -9.919619737180385 81.53756427831243 12.704722441084225 41.59697798845173 19.06650843957875 -30.595400927545885 -0.893568323772022 -8.268348460857487
388 38.120404115383515 23.629694835597494 -10.204729401432914 81.667551104798 12.725701341483614 41.71045971479446 19.164452723048452 -30.614238869612457 -0.8955794743182637 -8.307872882383284
389 37.919822729840625 23.559379633418743 -10.474414266155447 81.78857242517464 12.747509914998998 41.825646323469996 19.259373995452087 -30.631133444613624 -0.8935079376058357 -8.344556761918184
390 37.72433343138093 23.489792948966187 -10.72930090997764 81.89943127335589 12.770343539408122 41.94146566590823 19.348738070147125 -30.646283693562197 -0.8871981501870289 -8.379534596403138
391 37.536194451831555 23.421156868940027 -10.969909302287164 81.9993462573939 12.794273443583272 42.05702987799557 19.430170639738584 -30.659960487506027 -0.8767085997972092 -8.413579064140485
392 37.357213208427815 23.353463028300382 -11.19665797622645 82.08794479915504 12.819599221765845 42.171363443909655 19.501800416494863 -30.672355650181213 -0.8623107292487638 -8.44703773116812
393 37.1886384566355 23.286298005998628 -11.409907823972068 82.16510908890191 12.846998056762162 42.283079470888474 19.562612619548997 -30.683479655843204 -0.8444690269316241 -8.47988959167678
394 37.03115149855051 23.2188554913764 -11.609969530367515 82.23077435198198 12.877498585222908 42.39014777905988 19.612525458681933 -30.69322518519682 -0.823818039250519 -8.511874917396806
395 36.88494263035446 23.150147644569245 -11.797130639334865 82.28474039456644 12.91222863822489 42.48994721565415 19.652192133819007 -30.70155815107012 -0.8010930308985074 -8.542640303659784
396 36.74981175532222 23.079292445267406 -11.971766704030147 82.32656673184896 12.951857136871524 42.57984726541839 19.682875273103377 -30.708631363303674 -0.7770053844333701 -8.57183839143322
397 36.62522987658021 23.005723080860175 -12.134511430983379 82.35563481717794 12.995901184545238 42.65817482050542 19.706475052882606 -30.714750876290914 -0.7521410830979736 -8.599165336397784
398 36.51037309203606 22.929239936629173 -12.286362585486415 82.37134680196475 13.042419574274842 42.72495966145581 19.725368874188174 -30.7203099568677 -0.7269514585561144 -8.624374642786288
399 36.404165593628555 22.849903824475454 -12.428618942761672 82.37328813801864 13.08846072878366 42.782099292173044 19.741946523733116 -30.725727394488704 -0.701799812228024 -8.647290769946508
400 36.30531845465074 22.76786772795304 -12.562646344621854 82.36125690194721 13.131037936657863 42.832993452684335 19.75808710519569 -30.731367632703286 -0.6769887975479814 -8.667794981566502
401 36.21237074194989 22.683280025038563 -12.689563195306393 82.33527008118926 13.168012039806133 42.881687021968 19.77479922578932 -30.73750341430333 -0.6527657805695583 -8.685810828192627
402 36.12379778131325 22.596277599989797 -12.81002799559032 82.29564370775775 13.198416180230987 42.93171940452376 19.792150330086265 -30.744330511657846 -0.6293208323807638 -8.701370892988406
403 36.038189810312424 22.506998675538327 -12.924284000147727 82.24307888033516 13.222217248127814 42.985180893854945 19.809557364248732 -30.751944393305035 -0.6067439708796953 -8.714739846857041
404 35.954401077744386 22.41560200095212 -13.03239608433876 82.17870909858703 13.23971851384195 43.04235375280845 19.82634000933933 -30.76029301416568 -0.584948019414915 -8.726463705968705
405 35.871580898087345 22.32232924712564 -13.134459402965186 82.10414693018302 13.250883181088811 43.10200737137705 19.84220476698128 -30.769216314323938 -0.5636235638785714 -8.737281164487968
406 35.78909976519595 22.22756439891791 -13.230667767466725 82.02149570347538 13.255038074244654 43.162110722506824 19.857343282337098 -30.778555727100894 -0.5422668218743517 -8.747979392541387
407 35.70645992262702 22.131811444148912 -13.32128988173265 81.93324172792262 13.251333720217012 43.22051551582359 19.87210789205162 -30.788212328750742 -0.5202691964125562 -8.759316351454094
408 35.62324658565844 22.035640020695972 -13.406606593343355 81.84199849477606 13.239774452866737 43.27535130838258 19.886525913308972 -30.798126364639845 -0.49700999382477545 -8.771995477143898
409 35.539105983648746 21.93968447346325 -13.486866252296892 81.75008881087922 13.22202872638528 43.32520451904202 19.900111854735314 -30.808241905075715 -0.4718978140973992 -8.786582248013053
410 35.45375434122677 21.844668544954224 -13.56235850986014 81.65900559504755 13.201249969315404 43.369244462701204 19.912347208187555 -30.818487693376138 -0.4443929614692479 -8.803373001803578
411 35.367040726186424 21.75139243431016 -13.6335787673631 81.56902464315053 13.180938701340123 43.407261364657344 19.923720496234488 -30.82877612693514 -0.41407089242926887 -8.82232280904723
412 35.27901737016265 21.660665096451716 -13.701277174973564 81.4792911868471 13.163890582234599 43.43950384673448 19.936532766870474 -30.83903917307391 -0.38071168257903076 -8.843059048489096
413 35.18993307214283 21.573182563684114 -13.766279556398702 81.38833072221252 13.1521749270854 43.46649085031433 19.954645024819587 -30.849293369375964 -0.3443707081463369 -8.864941251100298
414 35.1001283504827 21.489393111490923 -13.829193909604319 81.29465829069385 13.147777008753087 43.488990424348046 19.982373490364925 -30.859691744621863 -0.30540560146899765 -8.887133781806162
415 35.00988464133006 21.409443549325623 -13.890145510331669 81.19728324419931 13.153067535035081 43.507988814690556 20.023367662092333 -30.87054423659332 -0.2644296111368428 -8.908667304930216
416 34.919304367988026 21.333222623329434 -13.94861904785103 81.09607354699219 13.170794936185452 43.5243500047197 20.08000778842905 -30.882289958789475 -0.22218772862138433 -8.928495279472589
417 34.82828003135522 21.260414101565463 -14.003500535727769 80.99192790222575 13.20346507586453 43.53826901393461 20.1535118617806 -30.895386051187508 -0.17941217594180794 -8.945583067572901
418 34.73655694581261 21.190530121776245 -14.053356834005267 80.8867012606111 13.252207349412272 43.54907668508567 20.244557544661895 -30.91014956826634 -0.13673015292730942 -8.95903598249673
419 34.64385788196758 21.12295493550367 -14.096787866790708 80.78297078765617 13.315930878933433 43.55564826278525 20.35391347607167 -30.9266646022535 -0.09465690917942478 -8.968223767562835
420 34.55002970904928 21.057002910026398 -14.132597229997335 80.6838005018853 13.391677946964391 43.557018876206634 20.482705441685308 -30.944793319763914 -0.05363640251996789 -8.972856268400127
421 34.45516053812954 20.991982852887173 -14.159769637419231 80.59256735701345 13.475859851785263 43.55272420460749 20.632288328262153 -30.9642126990419 -0.014051859603203353 -8.972986089655958
422 34.35965144419499 20.927239426353633 -14.177482643036448 80.51279881442903 13.565284309900152 43.54266993386666 20.803778270357743 -30.984417183634303 0.02382466004428051 -8.968972492377219
423 34.264271523415665 20.862152361181394 -14.185273674774846 80.44790618757051 13.657749144493934 43.5266822734159 20.997061924321642 -31.00471945348501 0.05989507849606802 -8.961469439898739
424 34.170186239433136 20.796162126408806 -14.183319659939274 80.40069545424655 13.752452377565119 43.50428185403829 21.209260496133062 -31.02428853937034 0.09424296939267798 -8.951413999328734
425 34.078928849795616 20.7288846714394 -14.172734188742979 80.37266616358356 13.849938876257754 43.47510387325375 21.433586550474367 -31.042217991136532 0.12706103400329014 -8.939967194317656
426 33.99231372885457 20.660249345643052 -14.155673562450469 80.36339330985714 13.951327177432074 43.43953468178091 21.660062340805606 -31.057604903163142 0.158517521307691 -8.928425622304431
427 33.91225469942548 20.590578022345134 -14.13509908036548 80.37039283639938 14.057198889085562 43.398900577643865 21.878047956560867 -31.06962723919547 0.1886017188638044 -8.918100899112225
428 33.84046007601568 20.520582558416784 -14.114399253868942 80.3895060864399 14.166642408553596 43.35544464193046 22.07867544955216 -31.077597892556593 0.216996890966642 -8.910154931936068
429 33.77812561462502 20.45122136709319 -14.097162875693614 80.41548186864587 14.27659006853844 43.31256159870866 22.25595737259677 -31.080956364858377 0.24302698854040752 -8.90546032954031
430 33.7257879274243 20.383415182410094 -14.087030831060943 80.44255865990613 14.381780952428294 43.274971985108486 22.406892511836663 -31.07920082015758 0.2656995223022181 -8.90455624199251
431 33.683339519676416 20.31778894441123 -14.087353385445388 80.46509152452022 14.475869848368866 43.24825519217731 22.53106344621571 -31.071842734837606 0.2838332874217404 -8.907668832867042
432 33.65012169028933 20.25457668865695 -14.100640698617605 80.4782057330368 14.553394619335263 43.237702448558515 22.629997620219832 -31.058443407449552 0.2962309273290433 -8.914742047531623
433 33.625065931342895 20.193692809450397 -14.128114077509 80.47830480314269 14.61145842318197 43.2470444181405 22.70656430471274 -31.038683186449592 0.3018422689859694 -8.925479568603386
434 33.60688709440841 20.134938657912446 -14.16963429604206 80.4633250300874 14.650208630769841 43.27767523020325 22.764534272655357 -31.01240141168474 0.2998850589422596 -8.939404562674513
435 33.59431504347048 20.078288386068728 -14.223998328175735 80.43276387165592 14.67215112743839 43.328549805515 22.808195103654217 -30.979632053234173 0.2899198681412206 -8.955933433541475
436 33.586287696008895 20.02416637387609 -14.28938705616298 80.38750892181297 14.681072234750257 43.39657950076122 22.841747746408522 -30.940656243865252 0.2718871626634285 -8.974462026057967
437 33.58199884416864 19.973650046455614 -14.363808589485345 80.32949468270559 14.681109918676492 43.477334123897656 22.868434195174522 -30.896013457697503 0.2461151103397522 -8.994453796655211
438 33.5808038676478 19.928549734899097 -14.445500693852415 80.26131489534124 14.676050673409454 43.5658991497537 22.889716718512936 -30.846430619949885 0.21329568110612593 -9.015520988759704
439 33.58209834106337 19.891277839123156 -14.533139355165952 80.18595062001873 14.6692715175065 43.65765757032417 22.904694175600195 -30.7926955882826 0.17441314938746902 -9.037491690447109
440 33.58525302554355 19.86445507192309 -14.625668771242118 80.10666410507807 14.664845682448801 43.748635756935904 22.909632613101127 -30.735514062405407 0.13061712619945942 -9.06046810563645
441 33.58958449210978 19.850395685350026 -14.721824217508475 80.02699139764228 14.669408893726729 43.83508486750832 22.897625950981617 -30.67540152630391 0.08306360898204573 -9.084874336229632
442 33.59430424510743 19.85069664067615 -14.819606337152859 79.95072513051112 14.69355532455885 43.91238773237767 22.858773218971262 -30.61265948378132 0.032757949231774615 -9.111450573568117
443 33.59845956528185 19.866017390107704 -14.915960119508517 79.88176438102123 14.751828332142901 43.97391061631237 22.78125588501107 -30.54740853497305 -0.0195887430404376 -9.141189553377256
444 33.6009275842241 19.896071330943208 -15.006810209820845 79.82379124876881 14.861267938692642 44.01046385961623 22.653207874278767 -30.479620390489522 -0.07367033689227716 -9.175275233058375
445 33.60045866308799 19.93989593486147 -15.087442430226002 79.7799371053991 15.038994075945348 44.010600594740765 22.464724565117745 -30.409150979034603 -0.1296018453616567 -9.215022367025368
446 33.59570383449371 19.996370789703537 -15.153104788530994 79.7526272186191 15.299665767069058 43.96132551434896 22.20934641640109 -30.335788504321602 -0.1877874271342503 -9.261750584522986
447 33.58520168563625 20.064732042311707 -15.199668725601374 79.74359685989045 15.653514460682368 43.848420882601005 21.885075482252578 -30.259289310275815 -0.24868269553916694 -9.316602433388901
448 33.57261052127448 20.129716047927882 -15.24702024585256 79.75612750929919 15.89988595107342 43.57305218483045 21.6222596082298 -30.180498449338018 -0.319455662169868 -9.38463699993623
449 33.54781852287779 20.219293940242032 -15.255399629324739 79.78747374308499 16.373836852470173 43.24399012880054 21.230539514555556 -30.097993592028914 -0.3867086176113433 -9.458702746910683
450 33.51178205676476 20.32262706503586 -15.238585252924569 79.83897586685808 16.93694237361964 42.80580207124733 20.797974045061604 -30.011772832977698 -0.4564427040655912 -9.541741215405056
451 33.462094542605925 20.441724339020265 -15.197326717052219 79.91135134356252 17.565350466677145 42.24041708686984 20.351919374570908 -29.92198727874904 -0.5283673379845887 -9.63304651333399
452 33.395813832265 20.581833033338828 -15.113903538396624 79.99964204146036 18.302067134349233 41.478705433045356 19.926458597749676 -29.82886829016965 -0.6021428599004158 -9.731407848271251
453 33.30965000349907 20.74371567068299 -15.021524124530414 80.11789966750338 19.000425913357933 40.62820637291952 19.536042082643775 -29.734493182561728 -0.6759495659369559 -9.835163609277911
454 33.19908118716906 20.934295962548862 -14.90497738173397 80.26472687493384 19.698293445799035 39.65735472245027 19.197092742451623 -29.639804084964553 -0.7490654218728752 -9.942462730251087
455 33.0594108773406 21.15871459114986 -14.765320745814488 80.4452509926401 20.37272997769008 38.589942563239866 18.924979049027748 -29.54617656518932 -0.8203654604342671 -10.051583691713832
456 32.88572716812645 21.42181969435773 -14.604003483300163 80.6649737354482 21.00781831726266 37.46472422259671 18.72501810305383 -29.454900190242633 -0.8888238887095714 -10.160985604619304
457 32.673419299493816 21.727420994754933 -14.422454379011507 80.92882728472105 21.594945571611227 36.32903545989249 18.595842621839378 -29.36707985337938 -0.953762566600631 -10.269305298299459
458 32.418550979321985 22.077719261927502 -14.221514353562638 81.24047760240862 22.132711157872514 35.23130958366782 18.531147156747313 -29.283506234949996 -1.0150177809862206 -10.375129131119282
459 32.11802955401441 22.473026190664665 -14.001212301866522 81.60206298400438 22.624316989666397 34.213638076670165 18.52100668405424 -29.204540985924748 -1.072951466799994 -10.47683217351132
460 31.76960956784892 22.91176045728424 -13.76071520093789 82.01423817612972 23.07467989230355 33.30634796621162 18.552798153175463 -29.13012018129317 -1.1282811655943357 -10.572870044886246
461 31.371851674957824 23.39062769435518 -13.498373784544965 82.47631113433103 23.488919896718727 32.52540452704377 18.6122815942173 -29.05985433927891 -1.1818299908792236 -10.662429447677601
462 30.92409874513865 23.90495936931435 -13.211956636825569 82.98630560148314 23.871886363691413 31.873046864819724 18.685123335241574 -28.993128095318482 -1.2343509654690066 -10.745845694081192
463 30.426416226455867 24.449158279661205 -12.898978326442503 83.54095382013222 24.228088273602886 31.341221960679167 18.758679979408534 -28.92919865272788 -1.286496974743671 -10.824470296667645
464 29.879439022225508 25.017170993278132 -12.55694164266923 84.13581970165681 24.561758791187657 30.915880129560435 18.823697518786496 -28.867329551293015 -1.3388876150721045 -10.90020305873099
465 29.28418478548962 25.602932477255223 -12.18353646935877 84.765611857726 24.877009475588967 30.580474674463613 18.875367318362365 -28.806936423871186 -1.3921836252166997 -10.975016543763331
466 28.641914721023767 26.200671780947538 -11.776831371610337 85.42449846986435 25.178471697999115 30.318853396835788 18.913244226780535 -28.747665453707903 -1.4471367508065174 -11.050623231022666
467 27.954055117157456 26.805025316119544 -11.335303950259377 86.10633885724373 25.472317412051083 30.11782993541355 18.940223384151462 -28.68937792596329 -1.5046217557306505 -11.128279804963666
468 27.22219962520342 27.411120158388144 -10.857723440898413 86.80481868539596 25.76714443591224 29.968721005361804 18.961018898628165 -28.632119699254847 -1.5656265630409631 -11.20871290225206
469 26.448186010185342 28.01473306430051 -10.343107588380423 87.51340457456432 26.074667494724434 29.867300051627232 18.980404438306344 -28.57609284749121 -1.631202089345128 -11.292189152644388
470 25.634153551574688 28.612422232743583 -9.790822325409007 88.2252056910516 26.409766671759243 29.812055185123995 19.001889829661625 -28.521549349239166 -1.7024292764024458 -11.378699287228772
471 24.782511127304694 29.201553305754036 -9.200718111022251 88.93294952295714 26.789533782922476 29.80110534895458 19.02751417339057 -28.468596482517324 -1.7804243616575166 -11.46814812799545
472 23.895837001155854 29.780239522509248 -8.573219161622227 89.62913501134372 27.231822022815958 29.828944606255476 19.058517926738446 -28.417021532317218 -1.8663218942988953 -11.560465733465755
473 22.97678192394741 30.347273141729698 -7.909390552891823 90.30630441202291 27.753477094860774 29.884287174025555 19.096241394690285 -28.366266821645507 -1.961151798107553 -11.655650158256647
474 22.028051989108494 30.902112365638875 -7.211053655110888 90.95733389467348 28.368386618354588 29.949573079978443 19.1428568808066 -28.315598013056633 -2.0656232354630744 -11.753820721319393
475 21.052466405452 31.444854018977345 -6.48096465431496 91.57563466882749 29.086170523841904 30.00214329065096 19.201627750233737 -28.264354657620633 -2.1799638262360737 -11.855329382702633
476 20.052980905782753 31.976107433906844 -5.723063840055313 92.15523845624335 29.911671989756876 30.017108996206446 19.276363769485076 -28.21210788484086 -2.303945788319159 -11.960859505781858
477 19.03258354948648 32.496816475341994 -4.942786575061788 92.6908486569724 30.844505516339268 29.971870100033364 19.37003448717709 -28.15866413821747 -2.437068560144146 -12.0713970896413
478 17.994100640543042 33.008095967683666 -4.1473320435225425 93.1779310238187 31.878467321772554 29.85121398303695 19.48304425641906 -28.10396743977607 -2.578757299287841 -12.1880651769776
479 16.940065328315267 33.51109622887924 -3.345759975580756 93.61283121422407 33.00119327296121 29.650786247719196 19.611976083334955 -28.04802570133271 -2.7284246584385605 -12.311848857985737
480 15.872765546949731 34.00688608105636 -2.5487759651634243 93.99284197047207 34.19438369973576 29.377238322991534 19.749448432511144 -27.99099354942319 -2.8853519396596665 -12.443230991021574
481 14.794424354213778 34.49631394552666 -1.7681277218191236 94.31616577191497 35.434904363022646 29.045331727790664 19.885202241187162 -27.933330720126733 -3.0485807596620025 -12.581952145998892
482 13.707379781325793 34.979858448708555 -1.0157304271316998 94.58183034510867 36.69677616784886 28.673703700583996 20.008030664020826 -27.87586880966857 -3.2169576724759117 -12.72709955982872
483 12.614185939173613 35.45756835446338 -0.3027313821392661 94.78965455743122 37.953664667073326 28.280894118031778 20.10802995509083 -27.819798274149317 -3.3891822198052637 -12.877364969102759
484 11.517664147975875 35.92913032470051 0.3612327877009115 94.94025628202476 39.181494036422556 27.882705149999367 20.178356325474205 -27.76664076736793 -3.563769806233077 -13.03125063032388
485 10.421007816932963 36.39398511077685 0.9683811921903988 95.03499149504403 40.360708330766236 27.491423855984205 20.215760056125045 -27.718283695826894 -3.7389798893797055 -13.187207467038668
486 9.327956139932384 36.85140405731093 1.5127825434741202 95.07574628371464 41.47754151692693 27.116450314894863 20.220253235460675 -27.677082515649595 -3.9127260252277685 -13.343724485242841
487 8.242906704844897 37.30051060567343 1.9901533975362258 95.06463945684362 42.52406048363983 26.7652779818375 20.194630417192297 -27.645759343171896 -4.082646785366199 -13.499400096090264
488 7.170855164657134 37.74025644066178 2.3975762406822945 95.00379199456701 43.49733669201316 26.444062030560158 20.143910115996352 -27.626873686055497 -4.246562156904684 -13.653064711199024
489 6.1171721515894495 38.169344258097524 2.7332644256030094 94.89527318302547 44.39818365678268 26.157640179845288 20.074586986660233 -27.622084497817184 -4.403134581070428 -13.803936857482832
490 5.087307441171574 38.586162842493955 2.9964908521684754 94.74115378922859 45.22974050113527 25.90938726343767 19.994015980310422 -27.63174517597244 -4.552192594653198 -13.951660787613084
491 4.086408317909895 38.988840788507005 3.187721165164777 94.54348239341917 45.99641050718731 25.701594611077244 19.910063019202788 -27.655082347350973 -4.694471015717936 -14.09615665724064
492 3.1187305605689972 39.37538647476847 3.3088883264308966 94.30419699826126 46.70333006038436 25.536356047594335 19.830397405445723 -27.69052778895094 -4.831180771151907 -14.237418507455484
493 2.186988679645086 39.743786083597215 3.363747234216317 94.02518019214241 47.35563574617322 25.41568231675884 19.761399115386794 -27.735893620309323 -4.963726183827145 -14.375306718427783
494 1.2920714131863467 40.09203144767723 3.3582024333493314 93.70847462186715 47.95748516402305 25.34055407182179 19.70749407629116 -27.788700746237044 -5.093290423241847 -14.509253799728075
495 0.42208552369877234 40.41391718831306 3.289810867173717 93.3578871645828 48.44296729541379 25.388706273613906 19.451280410940768 -27.847970709510825 -5.220421024099555 -14.633163912101098
496 -0.403996296689672 40.71654538161996 3.1900896497745745 92.9741814127435 48.95565234474537 25.40653852410093 19.407310133843655 -27.909420002082005 -5.343816826128487 -14.754321386261656
497 -1.1968936345241892 40.993000658213354 3.058736857151507 92.56160386863696 49.41988876998311 25.44860533000545 19.41385021863629 -27.973074496699617 -5.462499471314149 -14.866738362774248
498 -1.9604901414578246 41.24173746257142 2.905514142094624 92.12455856498894 49.83550999708721 25.520444528415233 19.44580611312624 -28.037790776773654 -5.574628025753729 -14.968123810769143
499 -2.6976926854289287 41.46144755366124 2.739738918203676 91.66789033401463 50.203214177273075 25.619346653982923 19.49985129750225 -28.10242432841388 -5.678476676130901 -15.05700220667524
500 -3.410974925981029 41.65123096151974 2.5695866970171606 91.19700076158793 50.52520261960801 25.741429057347695 19.576911552249104 -28.16596600747945 -5.77243890597175 -15.132494367814942
501 -4.102314409812347 41.81064816369053 2.402051100996375 90.7178759319809 50.8054756678742 25.881910368475545 19.68025090764757 -28.227839337622513 -5.85490588805962 -15.194151480750557
502 -4.773146822310282 41.93960508679498 2.243045684769002 90.23697726685818 51.04944171169362 26.03516743188086 19.81435489075466 -28.287990205436145 -5.9243201286940055 -15.241861146532564
503 -5.424376962109923 42.03811991253256 2.097514388142933 89.76091766219359 51.26325825670791 26.195549311913215 19.98299825657133 -28.346503184170125 -5.979536949137225 -15.276021327973359
504 -6.056381973771491 42.10612836739446 1.9695718205648014 89.29596631969619 51.452753943502344 26.358058445466423 20.187769460878126 -28.403147264851263 -6.02015487648863 -15.297876423554357
505 -6.668898370803032 42.14344926510281 1.8626965411806977 88.84744978806471 51.62197948199385 26.51804998280465 20.428305516589255 -28.45749140850435 -6.046397552303993 -15.309649414365213
506 -7.260808184194797 42.14993425622811 1.7797662274472426 88.41918621731025 51.772214178670595 26.6705627080774 20.7032134058427 -28.50950198725438 -6.058634574148701 -15.314308669852792
507 -7.830024131825177 42.12575293473275 1.7226635539398407 88.01314682670107 51.902265986433086 26.810347481745982 21.010028320878316 -28.5597844326595 -6.057103856468231 -15.315156008426147
508 -8.373629099554542 42.07174426946897 1.6915566111386888 87.62945336174857 52.01007669642101 26.932793294530512 21.344061315482833 -28.609177759249487 -6.042025080556406 -15.315420710242837
509 -8.888254588278025 41.989749228576436 1.6843570809841595 87.26673939328609 52.0947094694924 27.03481359763889 21.697556780728952 -28.658268991742464 -6.013756213339792 -15.317943179913675
510 -9.370563705955309 41.88280971642723 1.6967798040337359 86.92276154654849 52.15748235955279 27.114655889902917 22.060693165259156 -28.707214637089233 -5.972821187469821 -15.32498745717259
511 -9.817661714069322 41.75515592390988 1.7229611991523526 86.59499109875566 52.201568972033286 27.171011167227856 22.424075951615173 -28.75578149609813 -5.919939637370543 -15.338140707949014
512 -10.227328488505204 41.611969599319714 1.7563408861606482 86.28101426491824 52.230458813230804 27.20259031818488 22.780894233599305 -28.803460901560417 -5.856172516944331 -15.358252429730825
513 -10.598092687327906 41.45899036318285 1.7906278557270374 85.97885241908055 52.24654667130637 27.208469325587572 23.1275391260702 -28.849596422898532 -5.783158326746398 -15.385402691798985
514 -10.929227009300341 41.302120053319165 1.8207557960690264 85.68746265990072 52.25095040468243 27.188719073017023 23.46267260254616 -28.893491345335825 -5.703299247472903 -15.418900533856904
515 -11.219452467062913 41.147395164086625 1.8432153023011344 85.40824349420087 52.24424504219473 27.144456371532808 23.785218303537214 -28.934344995981377 -5.619810220847672 -15.45737593171021
516 -11.47120134959048 41.000260249576534 1.85799785404847 85.14346328847463 52.22904019294953 27.081920940168864 24.090293155929253 -28.97166262554688 -5.536517034903779 -15.498516586647868
