 SFE SAA SIR EFE EPS WFE WAA TFE TAA TIR
0 -6.015205743022322 28.26378267468288 4.223228487774307 88.25409107201754 51.501266919415535 21.626246294932294 18.277546836657255 -25.957557222405477 -3.8093998875885893 -1.514965314091477
1 -5.259924314597514 27.825697868335297 3.8781268909949054 88.73074982509448 50.7451456801848 21.932952763496544 18.429156921311304 -25.95743123814979 -3.8041346746362596 -1.658359715722072
2 -4.475746293334924 27.37806482080891 3.5013886258215154 89.17966333302432 49.970540725138825 22.31789085061051 18.396861160168047 -25.96120419944643 -3.789713586000872 -1.80925262519194
3 -3.6623833559108463 26.919097501213493 3.1046426109151377 89.59896937587865 49.18194827000649 22.715994552444254 18.276201224631453 -25.968890827951444 -3.7637182142694363 -1.9605098661096128
4 -2.8182164521678406 26.447300856472285 2.6913901836931484 89.98122448170434 48.37980930005778 23.112384741022804 18.09938230759432 -25.981239129666683 -3.7252530694099306 -2.108828375817147
5 -1.9441612318513137 25.962741900812023 2.2637120942517392 90.3216645209406 47.56839815434536 23.499035351494182 17.884866217189973 -25.99853548248777 -3.6738778897197353 -2.251141414169959
6 -1.0411208540984573 25.465475168285785 1.8232157496382737 90.61680791687381 46.753240186094516 23.868984544644512 17.648951310155667 -26.020801011160138 -3.6094821271809012 -2.384302739905655
7 -0.10907367773628482 24.95402001334945 1.350145564686325 90.86060646946365 45.90012515578765 24.307298448259342 17.27798636689198 -26.048718989072196 -3.532971096259791 -2.5097323853631823
8 0.8450590469340613 24.433637467152625 0.886528119730017 91.05928101753325 45.096693717176954 24.63211636404689 17.019834589570582 -26.079547116360857 -3.443410686216795 -2.61572852410777
9 1.8204530189954289 23.903728716491965 0.4145629428631447 91.20755233321312 44.31421883425399 24.91939710572559 16.76237270914853 -26.113200047669295 -3.3426426108078915 -2.704823900884772
10 2.8134191173587766 23.36616735194158 -0.06415004159004124 91.30435440663278 43.561748085028974 25.162493620286682 16.501516444072916 -26.148358177215933 -3.2319593520421184 -2.775560126139472
11 3.8201334004899326 22.82312033693734 -0.5478807871263783 91.34874159348745 42.84552894345754 25.352523839586595 16.23542094892473 -26.18371302517801 -3.1126959213386205 -2.8270250834555677
12 4.836492367636156 22.277285593432566 -1.034909354701951 91.34007214149098 42.16812847622343 25.481148028980147 15.962717714340501 -26.21825830861933 -2.9859629065609354 -2.8586513594199974
13 5.858080821496329 21.73201403032549 -1.5235729689815494 91.27820662943313 41.52801003430613 25.54246972285505 15.68333396872205 -26.2513870274033 -2.8526297300928785 -2.870076693418513
14 6.880244973106038 21.191175959353775 -2.012240137830882 91.16364677459589 40.919982461163066 25.53466664727386 15.399038617023466 -26.28278259394306 -2.7134620108695544 -2.8610363811950683
15 7.8982709768843264 20.658874270295605 -2.4993096819558835 90.99766524160029 40.335869635341886 25.46057556541889 15.113504689243218 -26.31227936330982 -2.569197615579077 -2.8313229494270806
16 8.907648850190478 20.139176012620844 -2.983306600047607 90.78243203408837 39.765335570616664 25.327288971984167 14.831749323700585 -26.33979718392394 -2.420533502832249 -2.7808824400855587
17 9.90434678995736 19.635878584776805 -3.4629322458344123 90.52104753546894 39.197563820764586 25.145196706407784 14.559078455007905 -26.365332232508127 -2.268110415380969 -2.709991161593452
18 10.884990321352962 19.15223716066285 -3.936896984214428 90.21743654831032 38.623872420453765 24.92633967632557 14.299960605327463 -26.388961587013448 -2.1125674681189084 -2.619377729840995
19 11.846943974807326 18.69063110659179 -4.403617509549747 89.87608646416649 38.04032882141607 24.68194799510669 14.057279579368174 -26.410817203682132 -1.954707581340739 -2.510276558947199
20 12.788396658307073 18.252247956582195 -4.861032601730977 89.50158473327748 37.449292265966626 24.419963675591887 13.832150355107816 -26.4310346725605 -1.7957207934675727 -2.3845168802580865
21 13.708449330350511 17.83693512453714 -5.30665493198858 89.09801540095208 36.85929306512318 24.14361100107053 13.624178665831664 -26.449722324738758 -1.6372898381295447 -2.2446176758219694
22 14.607067772856201 17.443330980814313 -5.7377995238794535 88.66842098987071 36.283301569799335 23.851394821080326 13.4319824118043 -26.466948580040388 -1.48146041342991 -2.0937215540359353
23 15.484844964376135 17.06917656763741 -6.151879221752086 88.21449208912156 35.735877660553435 23.538240078869027 13.254007549198763 -26.482705425480425 -1.330375928336738 -1.93533809750567
24 16.34267236791983 16.711614920331616 -6.546685443677938 87.73650038701788 35.22979970702906 23.1973859096444 13.089581187478968 -26.49684020714997 -1.1860219481957532 -1.773035958163358
25 17.1814424656098 16.367470390461104 -6.920677025642915 87.23343576733615 34.77293039885075 22.822867320427623 12.939712714406364 -26.508996976504932 -1.0500001109110422 -1.6102014571512093
26 18.001814049985494 16.03357179295608 -7.2732798560115315 86.70334119155203 34.3662148708942 22.412163715548452 12.807266359401632 -26.51862208625123 -0.9233439100606388 -1.449861713227827
27 18.804044871285768 15.707046105388354 -7.605046528549645 86.14385681681954 34.00336443647772 21.968241568345107 12.69655996960742 -26.52515899108186 -0.8064888630312008 -1.2945199134517946
28 19.58795323234878 15.385503479331042 -7.917550543264131 85.55296614407747 33.67206469606879 21.50040078339249 12.612506111889047 -26.528552000402467 -0.6994502516501547 -1.1460092934849961
29 20.352960375377084 15.067159403151203 -8.21300000343001 84.92990517872406 33.35614537629627 21.02357809578611 12.559450861149106 -26.529818131902573 -0.6020281716402246 -1.0053773227569054
30 21.097996651500623 14.750947529140834 -8.493585183497622 84.27606484575499 33.03849169975541 20.55620516995981 12.540055890130969 -26.531101521351413 -0.513816937095844 -0.8727659032831294
31 21.82119169470616 14.436604934525468 -8.760713135495497 83.5955966953611 32.704533188529034 20.11735203507042 12.554575214039476 -26.534915207195986 -0.434039424086277 -0.7473065718806379
32 22.5196513428695 14.12466482954241 -9.014471707687552 82.8955569714515 32.34530086526837 19.72381350210896 12.600716685411234 -26.543124603802898 -0.3614618388470355 -0.6271755040510772
33 23.189709306644836 13.816293733338348 -9.253587060765247 82.18561228284337 31.958875104546188 19.387469383574317 12.674124889773996 -26.556571747146588 -0.29458468621114364 -0.5099444297235111
34 23.827491875253823 13.513074310534758 -9.475787113962001 81.47740046736534 31.549959191427085 19.11354675139614 12.76934154276259 -26.575313676278054 -0.2319167243315894 -0.39304943597956016
35 24.42928498878982 13.216924241712483 -9.678293665252289 80.7836744003928 31.12795105777645 18.900729259615385 12.880871850804935 -26.598723099715855 -0.17199784789799774 -0.2740422631210914
36 24.991812396064155 12.930019297649851 -9.858472769947284 80.11725270888242 30.704134884837867 18.743383333615654 13.003964068623324 -26.62550621096647 -0.11333568862544384 -0.15077086578117493
37 25.512892620247044 12.654407227829896 -10.014851695635901 79.48974288619868 30.28876159153894 18.63473210085906 13.134968074550445 -26.65424597301778 -0.05466643610718733 -0.021879093429282074
38 25.992117177109073 12.391509279368979 -10.148081613582898 78.91036325090543 29.888822194056356 18.569176003436578 13.271236971203924 -26.68410345389456 0.004675800809005993 0.11268193718633553
39 26.43088337004165 12.141962356507854 -10.261051167388612 78.3853084564996 29.507491424489874 18.542758242512747 13.4105627738003 -26.714906677325025 0.06476468532373422 0.2517083176839681
40 26.83198528203502 11.905723036644638 -10.358150700806975 77.9175870116574 29.145506233378065 18.55203714560706 13.550448523460961 -26.746831650898724 0.12533076968217896 0.39319574276389296
41 27.19923348009947 11.682164073020328 -10.444366230679252 77.50707951347627 28.803079195228193 18.592487265950947 13.687682572194829 -26.780223502978124 0.1858951342197512 0.5347365918749056
42 27.53710840381982 11.470192323023253 -10.524631204589843 77.15081984002899 28.4808124985822 18.65754360274734 13.818468902468814 -26.815585070305577 0.2457694108453384 0.6737888437544166
43 27.850316661875947 11.268470349530174 -10.603416765066706 76.84352234433999 28.17962877021744 18.73875864874614 13.939022396220393 -26.8534596490472 0.3041180251458655 0.8079585054111732
44 28.143219070952334 11.075741200437163 -10.684372770484623 76.57830263498188 27.900502488613057 18.827063561261227 14.046204321487227 -26.894004633433788 0.3602345715547965 0.9353979516036656
45 28.419336705109618 10.89110585055841 -10.770058267775529 76.34745580611151 27.64420847631102 18.91475528259221 14.137812113898612 -26.936542318396114 0.4138394245297056 1.0551384207090064
46 28.681296006292186 10.713990027391082 -10.86204288702505 76.14306798653952 27.410897611023824 18.99728791893502 14.212622631634693 -26.979652109099764 0.46502356196410083 1.167033672476589
47 28.931153725596236 10.543838496222012 -10.961309079595681 75.95744317169653 27.199677487029472 19.07389918644505 14.27049596902513 -27.02175765089443 0.5138790272597453 1.2713920709022768
48 29.170664249791983 10.379881488351275 -11.068524055866344 75.78353628401301 27.008581931882663 19.146747614689357 14.312540260815446 -27.061662958995306 0.5601848290405902 1.368666571778732
49 29.401383184390724 10.22109407635846 -11.184075476370976 75.61537485704099 26.83484744196625 19.218973986651303 14.341238025940886 -27.09889602014579 0.6032736019667571 1.4592800468498752
50 29.624747547974415 10.066234078966431 -11.308036510645039 75.44830920030883 26.675042800257582 19.292659587309345 14.360492476661326 -27.133966281058253 0.6420480758070074 1.5434797404632001
51 29.841999167666952 9.914013625901987 -11.440041119385645 75.27915446989604 26.52491319824155 19.367685236318213 14.375278007078043 -27.168261121255746 0.6752658808922796 1.6213455234717586
52 30.053910332566588 9.763439930465221 -11.579150162996733 75.10631289601812 26.37927408250497 19.44179884703407 14.390677294194031 -27.203466485223235 0.7020282619551339 1.693005685291877
53 30.260650702508375 9.614067871367487 -11.724006332019925 74.92975943026379 26.232382700091257 19.51153361038872 14.410718574169904 -27.240991740586708 0.7221108111886426 1.758829462349209
54 30.461935760198553 9.465975372416368 -11.873229467526686 74.75082631139965 26.0790579170045 19.573511714625596 14.437566375623078 -27.281712524912074 0.7359898504004375 1.819510690908571
55 30.657239861607657 9.319567261555573 -12.025671756738273 74.57187080546609 25.91640622368955 19.62561307788913 14.471333044012926 -27.325876925813166 0.7447259234210367 1.8761293000979236
56 30.8459704371845 9.175351871050871 -12.180464232826617 74.39586818638689 25.745260365433282 19.667425578497955 14.510602683686331 -27.37310370263935 0.7498021329600876 1.9301195377259
57 31.027700536672846 9.03372979533925 -12.337160566599112 74.22592258767848 25.570211694391546 19.699894453709415 14.553456085578125 -27.422607411492148 0.7528847174968124 1.9830284458072984
58 31.202424330666606 8.89484600817721 -12.496032110794461 74.06478484270588 25.39823029734491 19.724714519908222 14.598472943832226 -27.473566103160245 0.755546730189127 2.036176825461483
59 31.370638466573848 8.758556046304136 -12.658154902534983 73.91451607993 25.236907832866713 19.744053972683403 14.64527068436185 -27.525323412908275 0.7590765152286867 2.0904489097012564
60 31.53320503207452 8.624451211755487 -12.8251044583518 73.77632854027382 25.092851818705654 19.7609494596041 14.694435897125212 -27.57737048304997 0.7644065085386712 2.146266118482169
61 31.69111460534428 8.491906150834133 -12.998447438324865 73.6505634542923 24.970079782288956 19.78031423377671 14.747004211932934 -27.62928264580068 0.7721249768644683 2.203686105044137
62 31.84523514108596 8.360177836007715 -13.179230360208823 73.5367631828488 24.868655372389938 19.809952731518024 14.80388774818906 -27.680665454717364 0.7825349644839757 2.2626002216152936
63 31.996097166302892 8.228503451929141 -13.367509918471667 73.43377634169005 24.784266233529852 19.860874319067236 14.865594899657314 -27.731082358755234 0.795707364603783 2.3229493803571595
64 32.14375935316252 8.09611811387033 -13.56189343352292 73.33986467675888 24.70918222914594 19.946630131256377 14.932308149241102 -27.78001139365021 0.8114916509959254 2.3848470650401703
65 32.28777991441616 7.962212341584489 -13.759126621432248 73.2528353444368 24.634304300723546 20.08176314705004 15.00415943881571 -27.826913143789632 0.8294826203370406 2.448573104390205
66 32.427291111810284 7.825897403743643 -13.953937535788704 73.17022466259898 24.551148950332333 20.279644854455064 15.081407958487329 -27.871401938540515 0.8489688014089821 2.5144534371899425
67 32.561103746260564 7.686263496076932 -14.139355720365483 73.08957669588713 24.452532376290833 20.550034917331995 15.164243583312533 -27.91339218241251 0.868949710524516 2.5827099147691253
68 32.68777875170588 7.542602954282477 -14.307447670466084 73.00885087400985 24.332275725376807 20.89658645985579 15.25209947526821 -27.953125202438578 0.8882943096739445 2.6533827409724906
69 32.80573367751005 7.394756448335505 -14.450219119994433 72.92685833420995 24.185548468714142 21.314454748129616 15.34266431366475 -27.991117928277127 0.9060030343187292 2.7263367459849905
70 32.91344777383079 7.243464154867749 -14.56061202204245 72.84357766006849 24.01018421826328 21.78865003680535 15.431417746688103 -28.02802966764281 0.9214822824765556 2.8013323781714816
71 33.00974278695831 7.0905819375873 -14.633726377033899 72.76029941286895 23.80749168775947 22.294879035206964 15.512786214289452 -28.064406501265648 0.9347015301161465 2.878092043001264
72 33.09410285171432 6.939031843991797 -14.66818712372859 72.67953814238116 23.5815205130402 22.804555064187387 15.582794573810256 -28.10046679431194 0.946112244985672 2.956228170456345
73 33.166904945137645 6.792497640092199 -14.667127388890767 72.60460551961322 23.337256409134415 23.292814907448378 15.641367527690367 -28.13611218419168 0.9563662054270727 3.0350629807507623
74 33.22939581768582 6.654968105016798 -14.638193583054795 72.53891045250029 23.07886435083363 23.7452976792208 15.692599176875376 -28.171118081652498 0.9659531181171339 3.1135437844940084
75 33.28505480578421 6.530595843020414 -14.580399237572282 72.47860157604394 22.85704005814549 24.131762160535796 15.767763042230284 -28.205200935966428 0.9745898082431834 3.18970276207902
76 33.33271128989335 6.421547094322336 -14.53029188241524 72.43911942941943 22.57596932725776 24.5173335927734 15.824184387824523 -28.23901018653939 0.9820582141174978 3.2635302231552745
77 33.37591153487948 6.330106497116543 -14.487609104236176 72.4151362949979 22.28297320512548 24.887322293568175 15.889634048096317 -28.27309348434439 0.9865902098981634 3.333328711622575
78 33.41648275481938 6.256658377180135 -14.459799186096701 72.40653942972247 21.982629051477797 25.25137561868643 15.969367345377396 -28.308734068246252 0.98615858538181 3.3984831991976976
79 33.455631024073114 6.200163116469674 -14.450799527588346 72.41320288042273 21.678207274106025 25.617849658379324 16.063776976649628 -28.34752662622166 0.9786471628866981 3.4590600001088134
80 33.49393774601411 6.1584964463064935 -14.459536471837769 72.43473096311706 21.37504926111527 25.988827003855217 16.171476823338473 -28.3910514265593 0.9622822814040896 3.515925177510772
81 33.53126237244443 6.1290417260134555 -14.47998465904097 72.47065887279395 21.08061419162818 26.358213275104287 16.29074244891379 -28.44045712342025 0.9360657800794411 3.5708081166640433
82 33.566613369563576 6.109400008106147 -14.502089822262963 72.5207782932331 20.803537058774033 26.711821043151037 16.420189043690016 -28.49601749665562 0.900123843583878 3.62629431638365
83 33.59804139044763 6.098064928601215 -14.513390909519304 72.58553258998327 20.552218672410334 27.02995857470563 16.558602446648692 -28.556766014797617 0.8559438127166175 3.6857437858552924
84 33.62272328341253 6.094839617189139 -14.501101711452504 72.66636800680915 20.333646217104366 27.291938718252997 16.70407598434538 -28.62044169786394 0.806387303118757 3.7530496751595606
85 33.63737874111148 6.100765578257514 -14.454256471795283 72.76586397536845 20.152792960135677 27.48069258647419 16.852949696931184 -28.683923919856216 0.7553525640245449 3.832116912312926
86 33.65219551528418 6.1069545825666305 -14.397135137462872 72.88316245329196 19.882262036019707 27.576040794304834 17.072575202375813 -28.75320320460473 0.7070057554979734 3.917291694912319
87 33.64096433349245 6.135167472907693 -14.25544007798069 73.02471258091992 19.841709439028797 27.599756465668005 17.206502647824948 -28.807468139828757 0.6662753322414225 4.025322258518627
88 33.61278547443766 6.176371231662164 -14.078575654103846 73.20128153884633 19.798258493091673 27.550532846738953 17.32153467485591 -28.854011314129888 0.6356938863823012 4.150489789195675
89 33.569181829562645 6.230400017041556 -13.86025043761504 73.41136172836744 19.798811470271282 27.427720687100205 17.408517666320584 -28.89221981341158 0.616665443136892 4.290407780825943
90 33.51326673230841 6.294574159395306 -13.610837331743657 73.65816382580664 19.821543337130095 27.239157788117137 17.46789044486781 -28.923928932822342 0.6088960219218235 4.441034919289728
91 33.44962579111906 6.365610090481643 -13.337796806114573 73.9413498663497 19.864950143876335 26.99527278389104 17.498863547373496 -28.95179635846242 0.6109340530187342 4.597516619793921
92 33.38339593029677 6.439952852639719 -13.049903517935531 74.25894464176014 19.921919444664884 26.707997098955033 17.504657735709184 -28.978069265805814 0.6209777863840937 4.754904512336414
93 33.3200243535294 6.514144450639392 -12.75531164473943 74.60680202386008 19.986174575215117 26.389999076821525 17.491399221446475 -29.004466552126292 0.636897600638236 4.908683852438298
94 33.265300318165345 6.584830629262221 -12.46180321183031 74.9790791545259 20.05049508233783 26.053814189064283 17.46733495639964 -29.032652904185074 0.6560497714035358 5.0549193730130195
95 33.224800035319724 6.649322432319252 -12.176026048800805 75.36907800289438 20.107632129064008 25.711137730242704 17.441050487207068 -29.06389072212982 0.6757990304525666 5.1907924693835765
96 33.202959934838034 6.7063613873923735 -11.902510671235994 75.77034463918929 20.150928561505932 25.37264219690164 17.419774920958414 -29.09810055936674 0.694391724259018 5.315321856419948
97 33.20270762643809 6.756331079622193 -11.6431207145765 76.17730248201184 20.175322411648196 25.04802305010604 17.408135893047525 -29.133563029717994 0.7112855604976805 5.429562059414196
98 33.22599343103076 6.800707017092641 -11.39737924292347 76.58520313462157 20.17825398648178 24.745958602990456 17.40761148383116 -29.16772376273874 0.7267019103458714 5.536035054183719
99 33.27489073152161 6.841013458777771 -11.163468779638348 76.9895471872624 20.160175518470965 24.473839486637747 17.416811230585072 -29.198667850489418 0.7407095065431772 5.637629047147041
100 33.352521170230496 6.87783893183996 -10.939290242011158 77.38539100357158 20.12424508574815 24.237134782460135 17.432624812075243 -29.22628091107001 0.7524651280761466 5.736519008658665
101 33.46305963837749 6.910582654204216 -10.722837154575 77.76706647841337 20.07536942477378 24.03854482440808 17.451769825014374 -29.252138222419386 0.7602910243560072 5.8337811893200975
102 33.61085370149173 6.938029171755463 -10.511804442806744 78.12847512587338 20.019235574726675 23.8774898979887 17.471962529456356 -29.27824026258305 0.7625809336520352 5.929808781550423
103 33.79949633951716 6.9590632550061615 -10.30317390339117 78.46353732578216 19.96163842925105 23.75027546865755 17.49238169411092 -29.30579182835466 0.7587069198068019 6.0249201828313765
104 34.031382895117616 6.972992084203806 -10.093259999788373 78.76638356770913 19.908137799831376 23.650762212168953 17.513586080342243 -29.334733429425103 0.7493670628779787 6.119722387023542
105 34.27395290514582 6.99545078074659 -9.849065679732679 79.05452726799719 19.98192873979062 23.521999476597152 17.12503123097859 -29.353830741534484 0.735602190434454 6.2254875946329475
106 34.59211065664514 6.995306832067282 -9.626182574281753 79.27789518128203 19.94734796976772 23.448847309896784 17.094167802261012 -29.38083296656591 0.7219386925044051 6.323138445924529
107 34.954405004238666 6.987092518388839 -9.391937743152912 79.45203506694689 19.919109886721866 23.369933217140794 17.091652646473392 -29.403220917362624 0.7117179554923966 6.425715570129868
108 35.35877640642711 6.971670125185595 -9.14234822971974 79.57162027722794 19.905521900320828 23.28231814190585 17.10212198766149 -29.418254503436838 0.7089921529748264 6.537080058214585
109 35.80322607690431 6.949389937996426 -8.875044825624459 79.63168085476899 19.908984938507672 23.181638857116408 17.12548763986882 -29.42383070045009 0.7175431185913037 6.66133686563595
110 36.285394846524106 6.920697203270761 -8.588592083368168 79.62802923167422 19.92963964572699 23.06683226983613 17.161349484362745 -29.418536480380926 0.7401376247833432 6.802151658650117
111 36.80278741713952 6.886327079875055 -8.282501365936497 79.55756996159025 19.96528005612568 22.941526096091785 17.207746875328805 -29.402115391285477 0.7777942464778685 6.961339719319713
112 37.35316159380615 6.847454349349147 -7.957133489716255 79.41839175238809 20.011724610504512 22.813609880535648 17.26133247200888 -29.37604456825491 0.8293079707742765 7.137768060566164
113 37.93468919449941 6.805667178614227 -7.613333085407375 79.2095873008484 20.064259771891496 22.693087804188156 17.318168599449567 -29.34330175366096 0.8917092172773987 7.327898039067603
114 38.54579375047386 6.762704356159108 -7.2518365203714374 78.93091113571087 20.119293602324298 22.589188265823815 17.375218522972045 -29.30731340156407 0.9614857097093944 7.527721405289855
115 39.18501208544176 6.720068705887111 -6.872791621986259 78.58245543966514 20.174917261814247 22.50798908575372 17.431921231857558 -29.271218769142838 1.0354544523330422 7.734214093482283
116 39.85097668778916 6.678778069652489 -6.4755817759698315 78.16452497233382 20.23048037179615 22.451247264880624 17.490623377262295 -29.23784037072769 1.1108982370429035 7.945564501075364
117 40.54225602695674 6.63947969407779 -6.0588040994265535 77.67782133074456 20.286057344016434 22.416511810132135 17.555582372710145 -29.209749910332746 1.1855236745033852 8.160984716808798
118 41.256966935154665 6.60292803396353 -5.620234791170534 77.12386894022421 20.341975852257786 22.398204029704832 17.631430310378498 -29.18902105513679 1.2576202721990177 8.380703249149139
119 41.992402699341724 6.570564874306441 -5.156819094665597 76.50542928996396 20.398330667031804 22.389210251472363 17.721995340676486 -29.1768391900265 1.3263145275587527 8.60605016055354
120 42.74490272836573 6.544939997170675 -4.664804851818767 75.82666877098141 20.454669263991416 22.382485169124863 17.829815121590286 -29.173301356195896 1.39168407453178 8.839367668783012
121 43.50844387189015 6.533114514677337 -4.1287215863079165 75.08892271272681 20.511986008266902 22.338242442336806 17.847373198374477 -29.177422570912434 1.452406683533655 9.085021814518074
122 44.28107482388062 6.533839906391134 -3.5655523893543033 74.30603233894853 20.568010003851928 22.315831352338225 17.992177272742683 -29.18758854193684 1.5142824877185785 9.34341658719534
123 45.05611690164983 6.5556827060639815 -2.9617128798474273 73.48137356347775 20.622121864918853 22.284042264944688 18.15653591603225 -29.20143913803901 1.5770007717079326 9.618508609683072
124 45.828709515330985 6.604102366646074 -2.3145054061492405 72.62185170234545 20.67342492841043 22.240966856585608 18.338675139089784 -29.216524666187212 1.6423302979943952 9.911940371624429
125 46.59466944348905 6.683778405306223 -1.6219978369912416 71.73400234030298 20.72410834869995 22.185239287437895 18.537100007886103 -29.230580459462075 1.7118150245147208 10.22411555850518
126 47.350754284495714 6.798031476245064 -0.8833936939255896 70.82372036312573 20.77825386864031 22.115502391388702 18.74979031677153 -29.241885125801577 1.7864432397235508 10.554026405560835
127 48.094921067883675 6.948407612314994 -0.0992928040775782 69.89589835709174 20.841204505766417 22.030575183719677 18.974336103824502 -29.24971020895571 1.866395907108846 10.899219923844566
128 48.826575073749645 7.134407052849985 0.727979946393422 68.95409327334491 20.918525650818413 21.929646457215917 19.20811058362979 -29.25484563506394 1.9508662398401992 11.255867532975858
129 49.54654903146936 7.35361480642971 1.5943503996480175 68.000463625948 21.01509645915355 21.812178907066375 19.448287956237984 -29.259776458122865 2.0380899017658307 11.619103267189432
130 50.25631700206089 7.602677126002796 2.4948546707520425 67.03633060125031 21.1346444277718 21.677689825671216 19.69176007089782 -29.26773917550396 2.1259613541608573 11.98395121952968
131 50.956679066634536 7.878748930485991 3.4250325154058614 66.06317800314106 21.27953984262387 21.526017894076336 19.935111186073275 -29.280975940094763 2.213055268225088 12.34656029780291
132 51.64691876797655 8.180323536870521 4.381720531219964 65.08335511114109 21.45058291836873 21.357895748898894 20.17489358933602 -29.299683791705206 2.299174706494041 12.704875707480369
133 52.324834863726856 8.507091416139886 5.362928711534787 64.10014616995912 21.646842397352238 21.175135340428998 20.40830829007345 -29.322222000396415 2.385051630686306 13.058447221738513
134 52.987263071177914 8.859347589019654 6.367336478702536 63.11743905277195 21.86578994665494 20.980624789045585 20.633798411572617 -29.345891860785095 2.4716683967959034 13.40782696414599
135 53.63080655704764 9.237343640941642 7.393780783712868 62.13922091507026 22.103886726433913 20.77856899737572 20.851030960758813 -29.367845755336365 2.559647748472484 13.753911430410911
136 54.252612360925255 9.640755255485246 8.44092591742049 61.16905041980891 22.357416787697385 20.57429501975383 21.06052254088481 -29.385995399375744 2.6488653860793905 14.097340112790544
137 54.85083653011536 10.068573848868782 9.507319702737833 60.20969027803156 22.62319054125623 20.37290320094286 21.263329130086568 -29.399479165640734 2.7384691309363145 14.438179553872526
138 55.42458934269491 10.519538715174567 10.591814912070522 59.262966707138766 22.89901604786375 20.177650042867338 21.460779864797637 -29.40836971160021 2.8273919386143658 14.776056520683749
139 55.97368748691206 10.992653426332607 11.693942417440239 58.32971629610034 23.183896123819913 19.989350657632354 21.65410713443083 -29.413081974622617 2.914996475598292 15.110461159321645
140 56.49877813711254 11.487168736934224 12.813674007059024 57.409655936803595 23.47782846910161 19.806677806907476 21.844059213046343 -29.41439827141689 3.0012439356060017 15.440745027841027
141 57.00180391967486 12.002067591107146 13.950634322924072 56.50134021124672 23.781278349188646 19.62674210871064 22.030952247991287 -29.4142179787615 3.0862806636682603 15.765834975707987
142 57.485975146437674 12.535856414129018 15.103648273837491 55.602618432614655 24.094587568898636 19.446114816627492 22.21495590847306 -29.41580653190819 3.1700910058274983 16.084246465336545
143 57.9548335191692 13.087078755295764 16.271112201317848 54.711568789215704 24.417587908327633 19.26236255103799 22.395586986479145 -29.42276341506207 3.252661674572471 16.394651561563627
144 58.41116393556744 13.654882085664644 17.451616762338965 53.82737008182905 24.74946289355353 19.07516367802311 22.57076779430582 -29.437746745735854 3.3342281058840135 16.696500031181756
145 58.8565320177533 14.23894767285536 18.64417139973109 52.950732542547655 25.08876643231358 18.886209031173628 22.73683737423579 -29.462101008430416 3.4151684760499 16.990184116470537
146 59.291324268602644 14.83894334489438 19.848000991756702 52.08392741032802 25.433715627349756 18.698215050778153 22.889660196961188 -29.496102180566677 3.49579449800195 17.27678409328227
147 59.714884307908356 15.454013320853738 21.062188151248055 51.23060087575295 25.78273611976636 18.51375655994727 23.02614630514227 -29.539162596477055 3.576332695602792 17.557680827952513
148 60.12566336244558 16.082583289822676 22.28535159846601 50.39543926684727 26.13453742862397 18.334569357458804 23.145508309321468 -29.589953591640665 3.6569834157226007 17.834234355285165
149 60.52142937611136 16.722507983381785 23.515488969187228 49.58367584860808 26.48737023411639 18.161675018450623 23.24958156214693 -29.646601655959895 3.7378970058312433 18.107642091360365
150 60.89947113771578 17.371539703125357 24.750221643531905 48.80054617423062 26.83871529572513 17.995824916680935 23.34204391384346 -29.706912694240934 3.8191222515214887 18.37902439662577
151 61.25687154938958 18.0280265936506 25.987510897333262 48.050743258426614 27.186362214946577 17.837414705022706 23.42721854843299 -29.76867092685843 3.900623632617678 18.649573646820876
152 61.591142889571294 18.691514002583123 27.22638433509944 47.33773891875819 27.529687712402144 17.685695828521816 23.50944054443638 -29.83035366210799 3.9822088183625244 18.920477152148454
153 61.901067024732846 19.36281176959714 28.466988169862937 46.66306985909919 27.86967428320222 17.538030157758996 23.593184954828054 -29.89190525663021 4.063285231213896 19.192559488209337
154 62.18709355671898 20.04326352380256 29.70968415076123 46.02603262482041 28.20794275851125 17.39002619915444 23.68316790151452 -29.954545276385186 4.142723572131767 19.465837671332867
155 62.4510570327194 20.733508647927984 30.953620743565025 45.4240767705793 28.54588382777854 17.236667967363402 23.783498317766067 -30.01970741195811 4.21905688063721 19.739217665999107
156 62.695427309211084 21.43270357346115 32.195735818940044 44.853714504306275 28.884185239696897 17.074022959901765 23.895882176795975 -30.087999193899005 4.291111157907368 20.010579725653447
157 62.92240872011685 22.138842574512054 33.4310035346987 44.31143298722139 29.222513343314926 16.900757078648944 24.018307139381385 -30.158572146230075 4.3587443445093665 20.277350433643093
158 63.13331771474929 22.849605726194884 34.65370550540732 43.794270436948636 29.559432756180897 16.71840639886233 24.145427147029757 -30.22904387732497 4.422998067930411 20.537235224562345
159 63.32843866731372 23.56282034344754 35.85868675836461 43.3001624390635 29.89280951504966 16.53020464825014 24.26998538081834 -30.295938004865935 4.485636084140151 20.788660854707118
160 63.507216940648235 24.2763052891856 37.0418948438718 42.82817990341953 30.220563653762248 16.33963819444959 24.38420836205309 -30.355389058840917 4.548553889386398 21.030822878463663
161 63.66868312142759 24.987307099146552 38.200094379333365 42.378500855953604 30.54115683627501 16.14975043135753 24.481245000967377 -30.403939515964815 4.613209291327145 21.263467603287378
162 63.81306111254188 25.689285315725627 39.30406005698339 41.95418160162307 30.793897096173435 15.983293950610713 24.590869860749194 -30.439974079901642 4.681072454155274 21.485067637833946
163 63.93747043017136 26.384516786158734 40.428888859405426 41.5489561586361 31.15965197048382 15.782690818127667 24.61094765348744 -30.460595014305984 4.748460331418571 21.699913858242386
164 64.04728852487798 27.056343012415013 41.467787462505974 41.17133930742952 31.401847284481637 15.627504597555093 24.680010134885112 -30.469930173091566 4.8172146415019546 21.901742445355815
165 64.14136991635694 27.705225837570445 42.49167734287798 40.81462368306122 31.69518404803576 15.465930861074513 24.7043099232569 -30.46792090345017 4.881990738502462 22.094333220324252
166 64.2234834226528 28.322159536944245 43.47486424009291 40.47940952838943 31.990923960164345 15.317148472814626 24.72067084420711 -30.45904280377834 4.940686693391647 22.275703584822715
167 64.29611437433027 28.901052704379108 44.413299965793684 40.16486818815877 32.2876331779883 15.185537015738895 24.733473074398216 -30.44728629944067 4.990520443734939 22.445395358819198
168 64.36116620359374 29.43688657089336 45.30461203151813 39.870167836970424 32.58463868457201 15.073690780193589 24.74404660794788 -30.43612743464719 5.029380069851955 22.603337785320473
169 64.41972434674187 29.926309351947477 46.14690515601044 39.594429735021826 32.878059845074844 14.982733607370632 24.752242541672203 -30.4279445549295 5.056277596468145 22.749984189081133
170 64.47222703132435 30.368154303553165 46.938819953907185 39.33633257872181 33.16043980382513 14.912635857436895 24.757275849274972 -30.423872541291658 5.071499259021244 22.886316327471512
171 64.51880838844616 30.763376360140043 47.67969914532208 39.09388011224868 33.42232960420351 14.862427408281617 24.7582106855119 -30.42401003972406 5.07633630635508 23.013665061801298
172 64.55956908587328 31.11447229122306 48.369884213021514 38.86457942348456 33.655539401525026 14.829862174262141 24.75416498210271 -30.427783693023283 5.0725343461237316 23.133410674078593
173 64.6083171144168 31.427677437485592 49.087946392664456 38.627303689092535 34.08092387539597 14.837699464212927 24.851754233096464 -30.4336773335366 5.056300295790491 23.249833721221616
174 64.63768335796283 31.699189812778695 49.66549119225406 38.41915464091283 34.201757966308584 14.833375964977941 24.843865461818 -30.441791002694043 5.04025114343074 23.356990936640628
175 64.66131604077472 31.93621236616008 50.21831073063465 38.217211434008256 34.35300552770591 14.828356509160846 24.813116883711405 -30.448907638631354 5.0197924866310775 23.459831680302333
176 64.68024537178025 32.138789940843075 50.72700351939967 38.02255310576412 34.4757164244227 14.821849014102277 24.777315301546466 -30.454286329934078 4.996256617510978 23.55710727804819
177 64.69577338782837 32.30763194991858 51.19884162266688 37.83443034542736 34.59260133682941 14.808880745994514 24.74013827290558 -30.45748007102835 4.970370749333501 23.648284471404356
178 64.70941420077581 32.44267094126903 51.63464454642242 37.65289374561365 34.70453564578737 14.786288529165626 24.704815898162455 -30.45879420565723 4.942595613017089 23.73223059014744
179 64.72305451667117 32.54413529450251 52.037403890514824 37.47766623058156 34.81529031091741 14.753395893155847 24.673514326159335 -30.459167383161287 4.913344667037203 23.80769423095508
180 64.73854012827485 32.613080850518294 52.41085744737605 37.30850106469366 34.92674719082646 14.711450016912952 24.64747629461896 -30.459944420672237 4.883076373075431 23.873774994469212
181 64.75719475390437 32.651940644632134 52.759764860187495 37.14551009784169 35.04079979564504 14.662575237604083 24.627092782530305 -30.462523239110713 4.852439152620521 23.93046368926837
182 64.77940526022492 32.664837426078165 53.089243604616065 36.989344206827425 35.158872540153986 14.609472898340767 24.61248243062826 -30.467898680441575 4.822408547926764 23.978875973148845
183 64.80447945679421 32.65744037400086 53.40404914670549 36.84098127643838 35.28157152300157 14.55543248590194 24.60379805376445 -30.476247492462903 4.794305052169834 24.021086417472524
184 64.83086798580436 32.63630713285657 53.70800442455742 36.701383491555326 35.40877004656783 14.50385779046515 24.600959680180782 -30.48687637292828 4.7696177268319495 24.059676870226927
185 64.85664170711571 32.60811219748636 54.00390100123865 36.57132815384436 35.53998555814147 14.457434029358158 24.603328045509322 -30.498686894664097 4.749699699061178 24.09721051682771
186 64.87998096437798 32.5790568995563 54.293698383960944 36.45136324506732 35.67438173659597 14.417513850449591 24.60978832567434 -30.51079033499381 4.735458435193275 24.135753810772542
187 64.89950968629698 32.55440081772022 54.57871258258885 36.341742398094084 35.810576536882316 14.383883891513275 24.61908292690701 -30.522811797405947 4.727169052749265 24.17653736259606
188 64.91445247486875 32.538138543670456 54.85981416654515 36.242364303065806 35.94666729410844 14.354980504902414 24.630095938018542 -30.534849755948063 4.724502706148624 24.219885520306704
189 64.92464990543213 32.532969151922 55.13773109883455 36.15279335869741 36.08037698291888 14.328590933101689 24.641955294450355 -30.54730327269353 4.726735352269996 24.265426969346503
190 64.9304723056906 32.54050637369781 55.413339828278325 36.0724012677866 36.20927154250368 14.302627655761835 24.653937098317662 -30.560704497622137 4.73298000948883 24.312419542428728
191 64.93268879455067 32.56152840573339 55.687724059010286 36.00058873981447 36.33095366502627 14.275570107607978 24.665375736113326 -30.575610275967755 4.742293482322754 24.36000637056777
192 64.93234449839838 32.59613091922334 55.961930178694026 35.93700085040454 36.442908163495765 14.246727712227221 24.6757970064157 -30.592552140419116 4.753659332345551 24.40735103734805
193 64.93064963174292 32.643768855054766 56.23655470175013 35.88168964257507 36.542022888369296 14.216640848673565 24.685155778868456 -30.611973027963607 4.765996094425216 24.453691882375892
194 64.92882894643901 32.70325407234991 56.51138457321157 35.8351855779556 36.62442604919693 14.187327427534637 24.69388185520251 -30.634065813859664 4.778305639462136 24.498371307642625
195 64.9279190317001 32.77281337802876 56.785328998631144 35.79836944774009 36.6863026473213 14.161684999824974 24.70268742047394 -30.658542929188897 4.789898832208222 24.540884329055448
196 64.92859481764931 32.85034644222495 57.05683259968179 35.77200693966173 36.725673650426565 14.142147448748634 24.7123327893041 -30.68454994258948 4.800541967844739 24.580945198330717
197 64.93105806135345 32.933907518516 57.32463060099973 35.75600654910825 36.74421578561561 14.129554042194274 24.723411772133208 -30.710873520418822 4.81043176398949 24.618541214524434
198 64.93493029742773 33.02218690615734 57.58816753370411 35.74883772130162 36.7472361841357 14.122914743089728 24.736113011999734 -30.73627920996538 4.820024271766378 24.65395371573081
199 64.9392144730986 33.11476725649343 57.84726774258364 35.74764337588917 36.7412592113421 14.11994843892826 24.750064188896424 -30.759791787898415 4.829835290186672 24.687745551623713
200 64.94252064512399 33.21213659668827 58.1018447620772 35.749027376695445 36.73227667079692 14.1178656264224 24.76443344263155 -30.780952897172785 4.840290879752719 24.72069080070045
201 64.94352428996682 33.31547613356552 58.352373938321584 35.74978849541377 36.726667781789935 14.11381676953102 24.778340127939106 -30.799951822569238 4.8516325136826435 24.753616723406065
202 64.94131386238156 33.426239559311604 58.60037442591306 35.747006590648276 36.73191205662421 14.104722521421415 24.79142831249069 -30.81735867229221 4.8639414648169845 24.787252931776496
203 64.93542967600955 33.54570575289545 58.84807348120052 35.73777713736608 36.75483555375968 14.086983363636715 24.804229300625774 -30.833665751248617 4.877272368693351 24.82220455630636
204 64.9257291972176 33.674704517680816 59.09764637527852 35.71924377695185 36.79950959940763 14.056793764448742 24.817905576747165 -30.849157835942027 4.891713383018201 24.85898146523752
205 64.91224009491951 33.81353401964579 59.3506890349286 35.688982913923525 36.866994540881755 14.011169841047138 24.833501914996134 -30.864096602169464 4.90732436419908 24.897975903203633
206 64.89505297322786 33.96201995327304 59.60806283347522 35.64533992920398 36.9564129564446 13.949040075901372 24.851329761084287 -30.878844504893582 4.924090824755476 24.93943252214658
207 64.87425236325319 34.11968324854543 59.87002475591267 35.58751957633532 37.06614600735909 13.871526434039145 24.87087892567187 -30.893825814848398 4.9419632730384375 24.983498226633017
208 64.84986611009931 34.28592049104886 60.13644938621289 35.515468647298945 37.19450695416669 13.781435568980147 24.89134555385245 -30.909425601213478 4.960918356416928 25.030308404702645
209 64.82182818104037 34.46001033275744 60.40677693986855 35.42971477862589 37.339619987516976 13.682536182117458 24.912551002728303 -30.92589038096706 4.980959880639009 25.079991431790106
210 64.78995417933078 34.640849375207615 60.67957185168374 35.33143996134735 37.498894945758266 13.578828065526949 24.93556287577539 -30.94327081658192 5.002086962595059 25.13257810107758
211 64.75393971922674 34.826583242785155 60.95199281734013 35.22284015356697 37.668698937495954 13.474043722539491 24.962547824626196 -30.961453079741986 5.024307457844816 25.1878911942617
212 64.7134102669383 35.014351787079086 61.21936540977637 35.10751643451946 37.844265569630046 13.371378692444194 24.99595348624611 -30.980265818902698 5.047686738478715 25.24546300939032
213 64.66803000176999 35.20020522423812 61.47494066969559 34.990708578164835 38.01979744658747 13.272982447854654 25.037425381445388 -30.99960379402309 5.0723580509575825 25.304510238743894
214 64.61764714177683 35.379238781346906 61.7101347607697 34.87933740602358 38.18900038921719 13.179285616650514 25.087079287877337 -31.01958821111855 5.0984177019413774 25.363973146550553
215 64.56245566641861 35.54597222674361 61.915373224996486 34.78178788244668 38.345906767464804 13.08874569696328 25.143465347360276 -31.040792781726402 5.125697340012578 25.42258012416097
216 64.50317725809214 35.69482669087407 62.08138387021315 34.70725344885849 38.4854906324058 12.998356038932274 25.203947201106264 -31.064387921155383 5.153545965179685 25.47893502630563
217 64.44122972667365 35.8206344015195 62.20085533609127 34.664477966949136 38.60404099906859 12.904751587999787 25.265063870718336 -31.091991484078296 5.18080184620581 25.531661065677188
218 64.37872183054657 35.919345665853534 62.27020185129221 34.659947720141304 38.6994295650644 12.805241402790589 25.32264764753512 -31.125128083001638 5.206083977405322 25.57958146649836
219 64.3181241936967 35.98892321288959 62.29074024202779 34.69595734477122 38.77084002407637 12.698112045708376 25.371956322279154 -31.164421633972918 5.228355317999766 25.621900260176687
220 64.26169484644349 36.02997786714585 62.268461552522005 34.76947953697719 38.81791620188586 12.582362935465195 25.408399027133925 -31.208990889575528 5.247372488678858 25.658362867445785
221 64.21087549679274 36.04562258539973 62.21221093630493 34.87281557510362 38.84092415123126 12.45794609483359 25.428666313704632 -31.25638877910203 5.263695531206231 25.689328361049988
222 64.1658360502338 36.04060175984304 62.131423163451984 34.99586069232745 38.84283665394587 12.326660009465874 25.431418563910352 -31.30289610059543 5.2784564551509545 25.71572280594159
223 64.12539013697496 36.020386979722524 62.03486484108156 35.128576977918115 38.83092304202274 12.192094475689931 25.417366511181367 -31.34416439651498 5.293097545114872 25.738936718374397
224 64.08750947344801 35.990681964594415 61.93042904291999 35.262504393617974 38.81535823661469 12.058117199170237 25.389069775176708 -31.376508901096404 5.30889175587837 25.760621556532822
225 64.0502533090143 35.95707105568032 61.82510373663389 35.39116410259789 38.805830078793726 11.927441015413226 25.350430407965785 -31.398342977499425 5.326323347277311 25.78230019347929
226 64.01254994818932 35.924504821538626 61.7247524246099 35.50975896336545 38.80852153901802 11.801244195105872 25.30581960581976 -31.410668457690463 5.344828098286797 25.804946024817642
227 63.97449862505491 35.89675538380628 61.633968125451865 35.61470598639815 38.82488071740808 11.679635106375642 25.25917664681041 -31.416331891009456 5.3631042027304145 25.828787263602564
228 63.937224673968856 35.876095808769385 61.55616938156158 35.7034059326114 38.85247334123201 11.562617817864432 25.21356123085898 -31.418571833042385 5.379806102468662 25.853402716532617
229 63.902457995852984 35.863286975937385 61.49370916563867 35.77423310323098 38.8869600603636 11.450989614967174 25.171294830177434 -31.419688275717476 5.394190964034798 25.877969780105403
230 63.8720678372737 35.85783398621279 61.44781082560985 35.82649066942246 38.923867846555936 11.34658370724013 25.134360573693442 -31.42063749127476 5.406228292708034 25.901510216103667
231 63.847693359593194 35.858406331551 61.41853039479333 35.86032316594627 38.959702034191814 11.25186877274934 25.104537142500252 -31.42150755708303 5.41624631554151 25.92310870112632
232 63.83046396724314 35.863301058592 61.40492943923998 35.87675916891385 38.99245186769774 11.169166447658583 25.083018813883978 -31.422095140779664 5.42465272939175 25.94211780551156
233 63.82082629444632 35.87090343368179 61.40536592218074 35.87782548030861 39.021654907404226 11.099790118871342 25.069946412844047 -31.422185754098802 5.431902987344351 25.958278712937513
234 63.818550941569846 35.88007653463384 61.41781919871715 35.86648057981032 39.04835263216564 11.043554042947877 25.064509234807463 -31.421681137888136 5.438485089562401 25.97168032114678
235 63.82292283470203 35.89029597042799 61.4401664901212 35.8462383632695 39.07473479577771 10.998830032449858 25.06553461946749 -31.420678868899156 5.444820011259217 25.982584324558506
236 63.83301148552859 35.90146070347696 61.47020109441324 35.82056961599422 39.10291950397439 10.96309504104921 25.07185123245628 -31.419472914207883 5.4511885339352615 25.991228420813112
237 63.84791117152671 35.913608920884336 61.50552272097497 35.79231514386839 39.1335917826155 10.933826195628496 25.082204119156007 -31.418481561546034 5.4577766416875635 25.997710317209044
238 63.86689618282188 35.92680773718433 61.54379037146038 35.763356233836085 39.16602070268204 10.909208344492907 25.095186253196253 -31.418142684392837 5.464795281909349 26.00197244276867
239 63.88947289552463 35.941199388167725 61.583284937373385 35.73461637074035 39.19926002883825 10.888212431338138 25.10945059770676 -31.418824918767893 5.472528628123006 26.003841370130296
240 63.915348723530336 35.957015553615506 61.62319915304853 35.706290069344675 39.23301154213369 10.87033093076932 25.123961418671506 -31.420811761243606 5.481233267352192 26.003084864854912
241 63.944357934012395 35.97450420209667 61.663461729219435 35.678151785960054 39.2675800974711 10.85547142881577 25.138041112661615 -31.424361384089067 5.490978152586065 25.999480606758983
242 63.976363517532235 35.99385120799744 61.704363110836944 35.6498034848605 39.303288353407225 10.844021829384705 25.151259229778 -31.4297644216986 5.501557936038299 25.992900146824482
243 64.01114180704857 36.01514510145412 61.74623376497791 35.62079041404081 39.33985816308313 10.83678179288257 25.163358176094572 -31.437308923185075 5.512518980569358 25.98340468241336
244 64.04827062221551 36.03836841890617 61.789261541367075 35.59062853766837 39.376282256205656 10.834699792050664 25.17431645891398 -31.447119068208757 5.5232630047756945 25.97131752908875
245 64.08706265001871 36.06341179040097 61.8334385532913 35.558800173775644 39.411259580659575 10.838592820904628 25.184471789331056 -31.45892948860147 5.533183900172022 25.957228986740407
246 64.12659153761227 36.090138642412285 61.87860461401017 35.52475421300548 39.443686180798586 10.848857326534645 25.194553193705634 -31.471974231389574 5.54177592958907 25.9419159550177
247 64.16581015160628 36.11849227335456 61.924516072336026 35.48795804375148 39.47280777667769 10.865056982404848 25.20554263344309 -31.48513330601814 5.54864784818965 25.926183058444092
248 64.20369127217967 36.14856448665301 61.970821944237365 35.44800242749226 39.498084845863666 10.88549458194771 25.21840904669137 -31.497240582037005 5.553453989585435 25.91069728265884
249 64.23932827341622 36.1805906515487 62.016951860229234 35.404670105757006 39.518946553215216 10.907195553784172 25.233846758816366 -31.507378014016023 5.555821864606823 25.895907445242308
250 64.27198438083126 36.21493978829732 62.06209296733399 35.35788522602864 39.53455887462079 10.926695710111469 25.25219893448662 -31.51510268950301 5.555328536820372 25.882050726250604
251 64.30108955587336 36.2521014460398 62.105289244513365 35.30763980738689 39.543712250156304 10.941270097375979 25.273555294384227 -31.52056342626381 5.551525825974614 25.869207536227318
252 64.32618016879128 36.292601315022914 62.14548965499432 35.254074804838794 39.544879081209 10.949706309164547 25.297726940582148 -31.52443580938969 5.544016609410124 25.857380450205227
253 64.34679695275543 36.33687607869918 62.18148653675697 35.19768806237027 39.536384069265104 10.952347745967879 25.324007063248285 -31.527699888589783 5.532570269033894 25.846562474457222
254 64.36239708750944 36.38515730967924 62.21180468371002 35.139507487291546 39.51652156834374 10.950721840175001 25.350994102374322 -31.531393583298318 5.517201346438061 25.836756792874443
255 64.37234400007294 36.43735672135677 62.23457853322603 35.08112423761429 39.48362333008308 10.946959349134492 25.376658031120666 -31.536454944131954 5.498158612081568 25.82794305480568
256 64.37600419664788 36.49296591332604 62.24756238200781 35.02450895227911 39.43637622174348 10.943250828446935 25.398639807563942 -31.54364078310209 5.4758666997984 25.820032213397756
257 64.37293391454246 36.55098728428941 62.24847299970987 34.971657605098706 39.37440426154375 10.941634040033723 25.414764736013034 -31.553458073358602 5.450883821079053 25.812869552053005
258 64.36305178041964 36.60993771783831 62.23556832121707 34.92431240080249 39.29861351918811 10.943951602279878 25.423586411968586 -31.56613144165269 5.4238808763206565 25.806304889187665
259 64.34669972217829 36.66799588879843 62.20812805936851 34.88387758966368 39.210981342139085 10.951588990561467 25.424661227840392 -31.58166491462678 5.395581181781696 25.800262184191592
260 64.32462497771026 36.72323752339066 62.166615769812395 34.85135695004578 39.114038618203054 10.964999922754624 25.418493652082862 -31.59993444070242 5.366621487210554 25.794728447823676
261 64.29791892281385 36.7738111811234 62.11253610495757 34.82723802396994 39.01046690383636 10.983512091804661 25.406291310942215 -31.62069614122986 5.337398843966214 25.78970320146055
262 64.26788063468433 36.81805075412586 62.048213168555016 34.81146200465505 38.90299788901111 11.005908823623226 25.389663294205942 -31.643542937401666 5.308004553402944 25.7852027066919
263 64.23582283138694 36.85462923821164 61.9765779352009 34.80349931470944 38.794432627576434 11.031358377813067 25.37033017678678 -31.667924499908807 5.27827264216904 25.78130210906027
264 64.2028890544985 36.882753451761126 61.90082333026563 34.80247940824756 38.68752317401247 11.059701367122763 25.349875196384232 -31.693230969138163 5.247916924474533 25.778149899566998
265 64.16992100736128 36.90234789709847 61.82401353684375 34.807375861354906 38.58478003702469 11.091016376915965 25.329633210857406 -31.718864649950582 5.216726708248038 25.775965398832966
266 64.13739912233854 36.91421015342157 61.74880824609548 34.817121513877574 38.48826870206899 11.125165353980213 25.31075399291544 -31.744294261474746 5.184727805474705 25.775027514323074
267 64.10550448488968 36.92005388898808 61.67725448485495 34.83050646027993 38.39926393639208 11.16171719471483 25.29431561809481 -31.76912200669957 5.152184740549114 25.775599629547553
268 64.07430123343545 36.922376834458106 61.61069643289563 34.845927445625925 38.31785493659654 11.20010365788382 25.281429830291884 -31.79313247056323 5.119459503826774 25.777804205218903
269 64.04390241040116 36.924241640908846 61.54993992723352 34.861253036764495 38.2428963609796 11.239759424973073 25.273283519634713 -31.816295429106418 5.0868795342978474 25.78157693033817
270 64.01448568248878 36.92904055258111 61.495613676343574 34.87404417636793 38.17260187849347 11.280232809514345 25.270919605241108 -31.838756746356736 5.054708750441275 25.786778903732973
271 63.98621083776614 36.94024563112655 61.448500393649724 34.88200651823181 38.10545431805864 11.321347122881573 25.274825411962123 -31.860827488123203 5.023171345739186 25.793381688346027
272 63.95916931419454 36.96122638265295 61.40967066516824 34.88331760873699 38.040733687780325 11.363369235609124 25.284734780056585 -31.8829492424 4.99245883738378 25.801565325777506
273 63.93339948432693 36.995192681266175 61.38039599394958 34.87670303117013 37.97833818640085 11.407102118042044 25.299792040104908 -31.905654569384122 4.9627344854647175 25.811674740402157
274 63.90891823633266 37.04515221359105 61.36181836903725 34.861371314023515 37.91802238224185 11.453978435651317 25.318790945735277 -31.92953322030292 4.934170932924803 25.824137735147232
275 63.88571299097897 37.11377031533444 61.35450064487594 34.83699264568463 37.85868294019636 11.506149055863299 25.34023357089728 -31.95517956236778 4.907007002355823 25.839443079302825
276 63.86367957350186 37.20314487878872 61.358187602702955 34.803904092729454 37.7984815067049 11.566251647903673 25.362318874720497 -31.9831234007349 4.881581418922756 25.858150702412352
277 63.84254788512712 37.314537300531555 61.37178681859059 34.76348007819377 37.735624568845545 11.636790683184602 25.38313239643739 -32.013757516159146 4.858316804702746 25.88084657731621
278 63.821847337908515 37.44808872480416 61.39323252821935 34.71838084765663 37.668825333289746 11.719590344551719 25.40107353085253 -32.0472719584159 4.83767900892182 25.908014932820425
279 63.80091792060019 37.602587328707145 61.4192712209387 34.672597122834716 37.59717960889731 11.81577071861691 25.41531374027772 -32.0836293051143 4.820176559926616 25.939903304941943
280 63.778946893053686 37.7753835178684 61.44552853366678 34.63145533597347 37.5199270448321 11.926183941571768 25.426170511634712 -32.122588142062405 4.806404936488754 25.976466046452952
281 63.7550220198926 37.96247272201242 61.46677388316676 34.60161166194595 37.43623574643687 12.05166470897344 25.435317549949346 -32.163723287589434 4.797048546021073 26.017375276229085
282 63.72820322390138 38.15862443921805 61.47709166259299 34.59091537496196 37.3451731800143 12.192676627790606 25.445626693358363 -32.20639399824473 4.792767424741958 26.062019685012565
283 63.69763183154633 38.35744936588477 61.470040891116916 34.608034819734854 37.24612693186847 12.348808391067712 25.460678714872767 -32.24965413751976 4.793976043644832 26.10944574903603
284 63.662679178069375 38.55149610014356 61.43897024370972 34.661773017954566 37.13928714952672 12.518491911928164 25.484145097177603 -32.29217476130317 4.800609074715723 26.158301005934998
285 63.62307061315055 38.73258282259968 61.377496214739296 34.76018733655064 37.02576462313896 12.698883250803947 25.518979709989036 -32.33231046079341 4.8120112559441575 26.206867414176365
286 63.57892524612215 38.892391056336834 61.27994645812347 34.909756487869025 36.907140478313686 12.886319225480094 25.566572458874663 -32.368353719378874 4.826964593888999 26.25315145381512
287 63.530734158717664 39.0231201669718 61.141475260043606 35.11473618015422 36.78441202255104 13.077557877628465 25.62640188000634 -32.39888631282032 4.843747071579493 26.294963303314816
288 63.47933181075 39.11803376475541 60.95793839607729 35.37684617606224 36.65712069182893 13.270712233312864 25.696228008360112 -32.42314610925666 4.86020871917594 26.33002677083855
289 63.42588568804908 39.171879309954036 60.725864784827024 35.695358085407285 36.52329472592854 13.464924537446345 25.77243209162658 -32.44135625481261 4.873921061173703 26.356138867542107
290 63.37180693177638 39.18117878914047 60.44262958170992 36.06739366270801 36.37975342540707 13.659507572771869 25.850518985474725 -32.454717944404614 4.882484541168296 26.371348083985932
291 63.31838797979759 39.144335070574265 60.10674467469743 36.48834508422071 36.222247848458494 13.853808732987474 25.925916088856187 -32.464698935468746 4.8840957715732864 26.37420243387397
292 63.266253322413164 39.061550795695446 59.71817468063791 36.95254431964665 36.04561626518742 14.047689410551406 25.99471982692697 -32.472001226096225 4.878145319127295 26.364055267803003
293 63.21498749223986 38.93462055148693 59.278566023184624 37.45409162429774 35.8446978624371 14.241319059273254 26.053958913298143 -32.476012629280255 4.865426598534666 26.34128035720484
294 63.16308060003584 38.76658188221469 58.79122170324054 37.98755254277127 35.6161698030756 14.434207299704138 26.101441098699944 -32.47478736389505 4.847962854187253 26.307292419160234
295 63.10814543733358 38.56118519729271 58.26068031939631 38.54831654187451 35.360047450899195 14.625058034670978 26.135577238549107 -32.46524165098726 4.828635816324616 26.26430401523406
296 63.04742239939724 38.322290963527855 57.69186977353334 39.13255013968974 35.07963851881109 14.81277931315635 26.15537233249839 -32.44373913346678 4.810544272418002 26.214771452468376
297 62.97840905529796 38.05334263134309 57.088973726439235 39.73695279167424 34.78021553321461 14.997322117618952 26.160433576698136 -32.40705941682085 4.79617185445633 26.160689469209174
298 62.89929883833669 37.75694266179668 56.45438611625249 40.35865416314311 34.46746334790074 15.179792592642018 26.150776915985777 -32.353193958016014 4.78673661321086 26.10301428731051
299 62.807242500929014 37.43540081274217 55.84122388515226 40.99559692492386 34.38107214016245 15.467830094140716 26.07477283189547 -32.28643935950741 4.783572548734202 26.04159047669567
300 62.70721802489268 37.08822841529893 55.147126688433346 41.643475595485015 34.0757521718854 15.664336488925693 26.03393144134393 -32.2005563957816 4.780423647886647 25.974083822949076
301 62.598353425262374 36.714251926957395 54.41516222438983 42.30203718388529 33.76294496082677 15.858393861418186 25.985099964014847 -32.101962929219056 4.776550213061013 25.897302125392077
302 62.48279371575468 36.31207586886821 53.6448839224062 42.96923263333641 33.45823464922148 16.057156216631085 25.92755932071682 -31.995268651810814 4.767888908074063 25.80778342095556
303 62.362406977797654 35.8797963664241 52.8336428465066 43.643430599791834 33.16544494091958 16.25849226502632 25.864814113745183 -31.884975051654095 4.750622295694094 25.702544717346147
304 62.23788183111653 35.41590676803568 51.978720352116106 44.32368205124371 32.88465152721606 16.457180450244003 25.801557407529465 -31.774680483128687 4.722005124252224 25.579847452642245
305 62.10846228701766 34.91984825665785 51.07764231459359 45.010010954296376 32.61258005528245 16.646142036185648 25.74256500154504 -31.66695461342498 4.680634392301802 25.43931997357116
306 61.9721641428296 34.392131349068514 50.12815732910572 45.7034089780591 32.3427006967226 16.8181718617573 25.691326110571637 -31.563507737346562 4.626318285874029 25.28171227846992
307 61.82621695642518 33.83404224281984 49.127839698845264 46.405539611147404 32.06466949866958 16.96858822442648 25.64851383112103 -31.465368326944592 4.559722527207081 25.10847336335148
308 61.66742714175425 33.24724514873727 48.074069268855546 47.1185290576265 31.764938741207008 17.097471966520665 25.611067673684204 -31.372949319161023 4.481986037382514 24.921364234090202
309 61.492318254221 32.633594948821084 46.96522268461752 47.84514321914583 31.431059048537808 17.209492925501973 25.57277991315965 -31.28602995943911 4.394416038046271 24.72225852264506
310 61.29723744933242 31.995182116479974 45.80246118787846 48.589003862477036 31.0573829560483 17.311673650761225 25.526178355983035 -31.20385034876988 4.298269778939498 24.513068681511335
311 61.07862821371041 31.33444010126307 44.590639887864675 49.35428962403078 30.64704193115943 17.411309223827246 25.464153223196135 -31.125370728468585 4.194633242182728 24.295697699798062
312 60.83341506675071 30.65428317908971 43.33795060507949 50.144939869010734 30.20937529851384 17.514824710806412 25.380676347222813 -31.049574031521093 4.084401105680763 24.072021397465186
313 60.55994173415341 29.9569387117767 42.02707121224717 50.96651761607859 29.678181227722984 17.642788832382752 25.30693806474599 -30.976547206557758 3.9687530004949796 23.842324211012155
314 60.25551858907965 29.250694150256745 40.7513337242224 51.81254918576657 29.292311377457803 17.750677551819514 25.13718660990191 -30.904040716000846 3.846960684474689 23.61285625214437
315 59.922494146954655 28.534814288003876 39.41343852032776 52.69349427018807 28.75885188446178 17.902253595940998 25.01555945154369 -30.835921265538474 3.7212154052868303 23.3788201208435
316 59.56015385823131 27.817559093135714 38.10196031215482 53.600027889136996 28.30536192342137 18.050201947123032 24.832771347207355 -30.771281137961225 3.5903803163476375 23.14550405517137
317 59.17012166120971 27.101630127695838 36.79298941613454 54.53349557342254 27.848644967883747 18.21078507606229 24.626789684969573 -30.712685947994448 3.45497810999031 22.911550461965046
318 58.75337557522952 26.391396249612797 35.488386171336124 55.49216265205044 27.382419418189183 18.38516088710957 24.39899552448091 -30.661921920020205 3.3152640656253762 22.676827357820475
319 58.31063546552629 25.6917550153533 34.18897952837822 56.47427470747363 26.900331700314858 18.57457803211938 24.15078283708001 -30.62044475557915 3.1718431001828917 22.440973305706514
320 57.842365636981675 25.00803715410878 32.89595133123897 57.478005693294904 26.39873871134765 18.780565121729328 23.88301267829861 -30.58912937027026 3.0257523711163814 22.203454627269764
321 57.348668634131556 24.34583111282234 31.61108309670477 58.50156672861262 25.87590089027671 19.005065432284265 23.595365917243296 -30.568022713017555 2.878517765955633 21.963727022806765
322 56.82914736956342 23.71073117926856 30.336672361221197 59.543340202412246 25.331011945304123 19.250353655803348 23.2863718240423 -30.556059541111505 2.73214909171444 21.72147956253652
323 56.282867748562374 23.10794888650852 29.075393303917096 60.60205606658248 24.76423677878913 19.518925995504663 22.953835747868187 -30.55094209909193 2.5889648075264966 21.47681399792479
324 55.70852638377379 22.541959831385768 27.83014713898151 61.67686381313982 24.177285098340164 19.81349522832288 22.595499617965658 -30.549367847824755 2.4513419093827955 21.230329968392866
325 55.104843158107535 22.016216497081246 26.603735071428332 62.767090297645424 23.57342214093102 20.136713627049243 22.21003537794598 -30.547546194271536 2.321493756662786 20.983122638838996
326 54.47107662760328 21.53286435396385 25.398387182778347 63.871791811450635 22.957015598749244 20.490374352005446 21.798036488903126 -30.541811889451754 2.2012734325366496 20.736677873869347
327 53.80748851368312 21.092588141850435 24.215469070785645 64.98931737999985 22.333595980271603 20.874415247257797 21.36249015298105 -30.52912378549659 2.092071396333658 20.49272672663967
328 53.11567100367388 20.69464859650338 23.055504273870074 66.11692288087492 21.710287474777964 21.286154699801884 20.908676318259566 -30.507360351261298 1.9948336806823517 20.25314650270986
329 52.39873792337053 20.33691840638596 21.918435524999296 67.25049464174607 21.095791715411547 21.72023037134812 20.44347897454112 -30.475473707867767 1.9100652815903212 20.019925817445156
330 51.66129549372351 20.015822757951504 20.803994378321914 68.3845872775695 20.49976386517633 22.169373185833 19.974057593259893 -30.433535366145083 1.8376580424602607 19.794919609807042
331 50.909061523305304 19.72639381016378 19.711984991453743 69.51291311933774 19.931775320810253 22.625215064993707 19.506611899666773 -30.38267557448445 1.7764726288889332 19.578933648906926
332 50.148174266471344 19.462649615766008 18.64236655915803 70.62911607036274 19.40020329848274 23.078621964184865 19.04621772443428 -30.32497151281212 1.7238797016926295 19.370466134320644
333 49.3844333240855 19.218192140148627 17.595153665161263 71.72745514947293 18.911576146018806 23.52041575209443 18.597312121219247 -30.26325227829762 1.6757384800404398 19.16531352383153
334 48.62269352148112 18.9867987855564 16.570253470203955 72.80319852666224 18.47051177100465 23.942997737100523 18.163577374900562 -30.200680828036592 1.6270799031935512 18.957665270126697
335 47.866503244610065 18.762983845263964 15.567411827468844 73.852797345224 18.07990283299005 24.34171431970645 17.74726891524277 -30.140202383296945 1.57317017858127 18.741898089085115
336 47.11803831524935 18.542523107676903 14.586295189732818 74.87390067824805 17.74110839044915 24.715070134253082 17.348920631253698 -30.084169625950484 1.5103624171617758 18.513806511302278
337 46.37830865159741 18.322747256245066 13.626605195001018 75.86517641257255 17.45404426287052 25.064273293141643 16.96761248655768 -30.034206467395308 1.4364980536996719 18.270930538937616
338 45.647525051620114 18.102473078832872 12.688196737349823 76.82593630981614 17.217088018785194 25.39223413065798 16.601528614416196 -29.991169777334164 1.3509888681289295 18.012476119525846
339 44.92551805440033 17.881677841952534 11.771198689125367 77.75565488234697 17.027010805234227 25.701876177379958 16.248721995446893 -29.95519652214074 1.2547054139656553 17.739227746122936
340 44.21207617681026 17.661094980864558 10.876094582077855 78.65354269587297 16.879379114886362 25.994834817222195 15.90788113637428 -29.925793608624303 1.1497518332582328 17.453614204186106
341 43.50705985393348 17.441844401067215 10.00379741623534 79.51835258133782 16.769550076092866 26.27139778142923 15.578837989902912 -29.901798000435644 1.0392368576107347 17.15994169287673
342 42.81033922317364 17.225186366256782 9.155796230530632 80.34849434472574 16.69367835563259 26.530912013920826 15.262870455975618 -29.88134720291907 0.9269657949158608 16.864325550781718
343 42.12182432147002 17.012428133965532 8.334230839787613 81.14233040156329 16.648923049693234 26.771783424440205 14.96276385036588 -29.862344893499934 0.8167938407715765 16.573626810958935
344 41.44170733564854 16.804851134078138 7.5416089921357745 81.89846174898038 16.632586528516374 26.991525583793383 14.682456267120743 -29.843351792132015 0.7118261697108423 16.293761048033293
345 40.77072765113344 16.603552987157776 6.780187811800251 82.61588308637106 16.640896268416675 27.187557182231302 14.42618905175019 -29.8241881751087 0.614053144133627 16.028652562730322
346 40.11028243878921 16.409303707152375 6.051378174548517 83.29391628670048 16.668618729004095 27.358281005792985 14.197110736402069 -29.80590464797353 0.524525458795475 15.780212727069515
347 39.46232391241446 16.22252137472812 5.355525942527986 83.93199771085919 16.70964015446557 27.504067600046774 13.996270916675032 -29.790263132508276 0.44373127832244563 15.548781612570666
348 38.829026389688146 16.043354531233607 4.692211266648038 84.5295238954722 16.757890319821133 27.627781266455234 13.822943693096652 -29.77895845170188 0.3719493219032282 15.333693277773092
349 38.21236534252195 15.871829153703503 4.060916944349934 85.08579381335562 16.808453912026064 27.733314221032373 13.67536262004155 -29.772951222670404 0.309469577627927 15.133869020891504
350 37.61387442127546 15.707995551492454 3.46170690069111 85.5999955104598 16.85848334673937 27.822706696500422 13.55130742881429 -29.77223393741822 0.2566678664049422 14.948260719355567
351 37.0347823148807 15.551983529548574 2.8955020509558733 86.07122792302648 16.90730595374521 27.89497439049102 13.448995606725315 -29.776148840762485 0.21394091257569098 14.775965581373399
352 36.47409014789112 15.40724944759541 2.376673274877363 86.49418084485055 16.963110432536297 27.905201972830305 13.306494319174359 -29.783240283680662 0.17946267977796018 14.618512771693457
353 35.93837394676508 15.267437131668988 1.8797325238946738 86.8770921358608 17.01069793158197 27.9370254884454 13.243468246833508 -29.795706774813784 0.15682374759150872 14.469626247788794
354 35.42777811804692 15.135863903641681 1.417024716952162 87.2155231414631 17.058079209788406 27.950442963580603 13.201722655732436 -29.813904728677866 0.14317816434044733 14.330036182524625
355 34.9442091800288 15.013402882063502 0.987665936136356 87.50977807138712 17.106805462828735 27.9463179133143 13.176081887290813 -29.839195776908664 0.13713481803971714 14.197646558287977
356 34.48873507386106 14.90094986955852 0.5890381458639127 87.76180868894777 17.15626634427781 27.93158940012629 13.16157826229351 -29.872488771342514 0.13710592231541546 14.069881426497945
357 34.061151963615494 14.799200425588804 0.21824195698522453 87.97472760981029 17.20571123950342 27.914467954846813 13.152232075303013 -29.913896361820303 0.1412790598483324 13.944039225484818
358 33.65987829291002 14.708102797452705 -0.12694626154727634 88.15236329571867 17.254608210735803 27.9008986051085 13.143326926842779 -29.962405570170098 0.1479945400829599 13.818466850842505
359 33.281899167056515 14.626636778997588 -0.44745625490060886 88.29880138072704 17.30242420736593 27.892640620172084 13.133477646823588 -30.015363625323868 0.1564078282490522 13.693908020748259
360 32.92294878140335 14.553147180157735 -0.7429347238196491 88.41797479633587 17.348787001164812 27.88736623468248 13.124296082830808 -30.068448555771457 0.16672730176678974 13.573421238756469
361 32.57814341675629 14.485898159050503 -1.0123274757584695 88.51335968726171 17.393727826713764 27.879884396451914 13.118445768317974 -30.116566076026146 0.17981289201318842 13.460808584710303
362 32.242914063503925 14.423382959099095 -1.2546916063308406 88.58782547809493 17.43751974928509 27.86368216859861 13.118056997076264 -30.155202487592483 0.19662850178520722 13.35910396689286
363 31.913967035221194 14.364253505186324 -1.469896431914674 88.64361221442451 17.480568825432105 27.83276890879475 13.124475299277435 -30.18166166532441 0.21779612939841997 13.269878272556706
364 31.589945650072636 14.307132894651273 -1.6589740969990592 88.68238504871653 17.523731153861238 27.783546181399785 13.138846930481254 -30.195788258094606 0.24328802774477643 13.193116148920996
365 31.271394416182456 14.250685363469882 -1.8240226176074714 88.70539064060313 17.56853260754963 27.715977479718358 13.162252120571555 -30.199773461032944 0.27250495009970765 13.127560563244323
366 30.960072505913924 14.193922240011416 -1.9677953167335644 88.7136923261735 17.616791292604773 27.633472168451338 13.195089031683173 -30.197169911620474 0.3047243542478534 13.071379049040262
367 30.658140082705845 14.13637769090394 -2.093288124640346 88.70836544918356 17.669929608736396 27.541562569551836 13.23654086077895 -30.191771691044565 0.33947516868607536 13.022736947656043
368 30.367562417102494 14.078024678035016 -2.2035125970339666 88.69060669389569 17.72839635006978 27.44641793725171 13.284629717004686 -30.186813613168397 0.3765704045779155 12.980088007741653
369 30.089835385504927 14.019043761978274 -2.3014616396964676 88.66174300254679 17.791372423356624 27.35406732262664 13.336643126573481 -30.184653197363954 0.41584955821177366 12.942216359089732
370 29.82607913562012 13.959528351550432 -2.390202506092158 88.62310860497828 17.856962827020634 27.27005775342639 13.389661121075966 -30.186941518763565 0.4567883253472745 12.908057032491877
371 29.577249971613636 13.899291906265917 -2.4728507947918907 88.57588689863421 17.92288495778378 27.1990441325288 13.440981076335841 -30.19493493550292 0.49825720213651803 12.87651460160311
372 29.344055560305886 13.837948653547333 -2.5521892988115176 88.52109545965175 17.98717140597952 27.144480020028634 13.488279371994535 -30.20946776526589 0.5386756788301823 12.84657089129931
373 29.12651059612125 13.775206373954868 -2.6300727932118413 88.45974946726766 18.048434256725468 27.108542005120494 13.529678896184594 -30.23052918123277 0.5765215385364633 12.817645262246756
374 28.923446384589106 13.711176074691313 -2.7069672828913127 88.39306650336869 18.105680402348696 27.092028666205216 13.56400819251727 -30.256803776190036 0.6109340369470605 12.789951821282648
375 28.713247289371022 13.647970396363295 -2.776945023298102 88.33464498340561 18.141871297072047 27.022008558228972 13.407396946306823 -30.284293038800545 0.6416889663679556 12.770384542959151
376 28.53081088264184 13.583914113901633 -2.8484465536301053 88.2627273644573 18.17285921095592 27.040068284482892 13.412736500014427 -30.31147147107543 0.6698585996796197 12.749722546083785
377 28.35476723454531 13.520601187682814 -2.913493693742166 88.18825418367149 18.210253650385628 27.07497700011695 13.436170344763497 -30.33422729962547 0.6980313457867999 12.733664385759335
378 28.182418910166657 13.458436105174702 -2.971059751925507 88.11345652302823 18.239660360183535 27.121751581961938 13.463163278295651 -30.350316952004444 0.7265252360514828 12.723602738165255
379 28.01307843555037 13.397244870508173 -3.0202811773863805 88.03851754150614 18.261074352837998 27.176830068327167 13.49104319946249 -30.359778782922124 0.7554840968991682 12.719346861970035
380 27.847621940303746 13.336362519271317 -3.06153374272156 87.9631976497486 18.27380008403101 27.237312251315185 13.520721379836662 -30.36429063339797 0.7846947315487108 12.719883442148058
381 27.687757818258472 13.27520410411546 -3.0955462867187227 87.88692076155891 18.27902360845916 27.300285434281168 13.552886687937242 -30.366250772319038 0.8139202442625751 12.723901408165396
382 27.535446332514372 13.213437238994798 -3.123305890320634 87.8091038701472 18.278361416189025 27.362830563230254 13.587601392025933 -30.3679021329946 0.8431557742446925 12.730145909263058
383 27.39247269258291 13.151070185372278 -3.1458605522498595 87.72933889728422 18.27344201269958 27.422168687586456 13.624393653977371 -30.370820106318856 0.8727393898750464 12.73760693514159
384 27.26024319623145 13.088403714852067 -3.1642909817243074 87.64749680914177 18.265291596700482 27.47613158615174 13.662575575811854 -30.37588152667689 0.9032253337784214 12.745551683347548
385 27.139784213476567 13.025859241167932 -3.179685912290333 87.56371793335732 18.25429511558405 27.523550894532057 13.701484263810022 -30.38351107244029 0.9351246729215592 12.753486217112126
386 27.031847703733266 12.963784884828753 -3.1930376892277943 87.47831824209675 18.240687187442873 27.564259290393533 13.740667430059357 -30.39390396073763 0.9686965457375382 12.761119489002159
387 26.936991445762413 12.902386543970438 -3.2050605335096742 87.39166875581616 18.225193423148184 27.598701843753542 13.780048503438364 -30.40705784922204 1.0039178699859408 12.768367717505113
388 26.85552436061543 12.841832735982688 -3.2160363924253486 87.30412714641105 18.20931626462863 27.62738362127382 13.82000774772853 -30.422600492328456 1.0406534350700571 12.775395144953318
389 26.787378128054705 12.782407243427828 -3.2257996719828843 87.21599941727496 18.19513125029131 27.65052185587763 13.861335272941709 -30.43966550552069 1.0788516166497213 12.782611271016963
390 26.732096048229074 12.724556313763816 -3.233915789014125 87.12747220493291 18.18467448779406 27.668138507712836 13.90512182217779 -30.457115929382976 1.1185546906152026 12.790561604238938
391 26.688975025616962 12.668834704793454 -3.23998333179803 87.03855847383394 18.179214364289873 27.680448528756248 13.952572415754416 -30.4739720342277 1.1597583854602567 12.799766250724574
392 26.657206585214087 12.615814651194656 -3.2438788830589846 86.94911373017581 18.178969048557214 27.688157893413837 14.0046860210283 -30.489652943849272 1.2023046696930768 12.810582139653828
393 26.635913279422688 12.56596092033604 -3.2458231675870866 86.85887871698131 18.183544239214584 27.692413979032548 14.061933002519373 -30.503893314001118 1.245872314230337 12.823111660709875
394 26.624142138010363 12.519487725563781 -3.2462957820212965 86.76750213168775 18.192644744580253 27.694475732926453 14.12414408991326 -30.516552732463534 1.2899804109397317 12.837164853803802
395 26.620918016233237 12.476271942844045 -3.2458535157465382 86.67458751461663 18.206462149911424 27.695279090856403 14.190623380144766 -30.527647899714434 1.3339498370636367 12.852293469378562
396 26.62532185281889 12.435888700329185 -3.2448935999191226 86.57982194224289 18.22563718565785 27.69501459772898 14.260288874126623 -30.53761222734135 1.376900731857347 12.86792136715165
397 26.636484108069155 12.397746121105593 -3.2434964209566832 86.48314508465884 18.250978950078522 27.692899288170512 14.331705487301566 -30.547445641771493 1.4178505068876333 12.883524429584446
398 26.653520606838406 12.361200820789945 -3.2414937239540165 86.38483979374648 18.28308649891019 27.68733909578708 14.403117738356922 -30.558577483576798 1.4558361176517625 12.898716529873669
399 26.67549436549147 12.325588178537389 -3.23868085886101 86.28551251011356 18.322060649325262 27.676458826541328 14.472665429599775 -30.572552165172677 1.4899923190589162 12.91319471857564
400 26.701355051013966 12.290248427488319 -3.2349521134754218 86.18604135012257 18.367469654223402 27.658698998264082 14.53874985988662 -30.59061537515909 1.519651097655175 12.926691446855155
401 26.72980800105449 12.254636148471818 -3.230285729780751 86.08753537400285 18.418544976191022 27.63307274789056 14.600295153791823 -30.61325440036925 1.5445256514973975 12.939047374956326
402 26.759179653732048 12.218500529473342 -3.2246190340657472 85.99133650706182 18.474399406128338 27.598990680940055 14.656763007444601 -30.639885279197486 1.5649304228229863 12.950359177894581
403 26.787320748359914 12.182066707585081 -3.2176404651730994 85.89912946400112 18.533975497187694 27.556121034642725 14.708135928521283 -30.668809749550142 1.581953360392752 12.961147693898312
404 26.811573375641697 12.146106454671626 -3.2085973248084247 85.81311253462573 18.595746018432198 27.504659357085245 14.755099674656957 -30.697375739643356 1.5974954135841273 12.972495048873887
405 26.82896031123081 12.11176693291867 -3.196302931235051 85.73603410597674 18.65765409960933 27.445648953554457 14.799225198766106 -30.722361426478532 1.6140391535054703 12.985988280394325
406 26.83676725179716 12.080128626818246 -3.179452771465852 85.67093469923509 18.717590755522487 27.380949793702904 14.842776077538618 -30.74074331805294 1.6340483986962795 13.003310020124546
407 26.833446823599672 12.051629649163175 -3.1572058269560905 85.62059892423471 18.77406316579788 27.313080972781247 14.888092477602665 -30.750788183598978 1.6591147127406953 13.025515758614924
408 26.819326908879777 12.025677244819713 -3.1297357819379577 85.58694140860386 18.82653744711395 27.245151715407555 14.93677242602722 -30.752791902322283 1.689327301372149 13.052379029787195
409 26.796398275753855 12.000844214586042 -3.0982729274946927 85.57064776433842 18.87536175855563 27.180692133239315 14.988800387133399 -30.74859874163111 1.7234662872520672 13.082403794634446
410 26.76729066225274 11.975570488289636 -3.0646394566449073 85.5710591034421 18.921417200736744 27.12331196715732 15.041917415541223 -30.74027524887515 1.7598517801653852 13.113539494658951
411 26.734457970433194 11.948712787180915 -3.030860261149627 85.58605333036539 18.965507645467206 27.076316195455753 15.091961032047383 -30.72931449808572 1.7969790198305302 13.143874496185362
412 26.700045101298294 11.919605585431992 -2.999018589964959 85.61209495259814 19.007854115680335 27.04225825850912 15.13439788313822 -30.716709588124743 1.833653163171911 13.171877639401748
413 26.666015628644356 11.887914278810918 -2.9709759980428685 85.64480654096943 19.048494309899365 27.02234660683804 15.165974805026465 -30.703204180832074 1.868984736420955 13.196394475429294
414 26.634177533496853 11.853531360389777 -2.947934209734152 85.67987966190952 19.088441962116782 27.01591320406553 15.185350955893865 -30.689403064381583 1.9023943876088685 13.216587595534595
415 26.60610468607965 11.816515247839048 -2.9302564926894568 85.71379857815218 19.130389224006823 27.020416134632182 15.192786689519366 -30.675819027192777 1.933568712293464 13.231827777560003
416 26.583064803475697 11.777047901155083 -2.9177333752982864 85.74405204336668 19.178309298141 27.032097825791247 15.18956857022275 -30.662919343108324 1.9623786380249963 13.24154148691316
417 26.566003807354008 11.735409751746369 -2.9100764417004545 85.76888016795435 19.236265245580174 27.046789909029012 15.177482210577018 -30.65120528299277 1.9887837421298162 13.245051920431875
418 26.5555061679801 11.691961656304121 -2.9073228496031556 85.78689676224853 19.307006499169212 27.060366055149412 15.158330366459955 -30.641215269655834 2.012758909735369 13.241513628895731
419 26.551676423272355 11.647128967977144 -2.909961409368738 85.79691603809343 19.39099876185566 27.06899109804818 15.133611414908897 -30.633342382849193 2.0342961163326128 13.230024635733105
420 26.553994248146438 11.601402448201009 -2.9187709203730456 85.79806294211657 19.486405563377712 27.069628731481725 15.104471772018298 -30.627528582219114 2.053492015588985 13.209864711571306
421 26.561184706472872 11.555375050895144 -2.9344774935925866 85.79005478646945 19.590090846796922 27.06071898103658 15.071692454593782 -30.622951240362493 2.0706815003309993 13.180752899727462
422 26.57118949952308 11.509772344350829 -2.957398575259395 85.77342657064088 19.69911238703975 27.042384573543533 15.035455593705693 -30.61790575341037 2.086519474038242 13.143029837023741
423 26.58136495476221 11.46540720683763 -2.9872032546881124 85.74950107330987 19.811928464977846 27.015812138337136 14.995114178971525 -30.610042807232258 2.101963435026865 13.097671605558249
424 26.588935981336242 11.42303182607883 -3.022818238272175 85.72012235429699 19.92894635412361 26.982025543527147 14.94930717313296 -30.59689629515844 2.1181495905365177 13.046084678733555
425 26.59163867704881 11.383086521618635 -3.062491895142284 85.68730717717126 20.052544292004843 26.94049474030097 14.896378814853824 -30.576593631658117 2.1360670779783555 12.989709185068657
426 26.588303209051073 11.345454445064645 -3.1039485715051853 85.65296581256304 20.186827225482375 26.887998425928743 14.834805681879281 -30.548512632590892 2.1561175791225833 12.929605530592095
427 26.5790187099533 11.30942534462869 -3.144447184090518 85.61880023308507 20.3373175303723 26.81796690621291 14.76337969021857 -30.513483327523215 2.177923570034057 12.866278314903415
428 26.564829856877907 11.273916087995879 -3.18069920440726 85.58635085861019 20.51061793162048 26.72030967376254 14.681128241333775 -30.4734187299435 2.2005402159144305 12.799790571371
429 26.54726117045764 11.237810495177856 -3.2088350723229464 85.55704461503484 20.71378769731823 26.5817596323355 14.587229975390366 -30.430640115800625 2.2228708028733526 12.730006431974637
430 26.527929583430527 11.200272920729898 -3.224628997488694 85.53213125407918 20.95315356699615 26.3868896371523 14.481173343674582 -30.387216555921896 2.2440293068133044 12.656797202911886
431 26.50834192248903 11.160955098261477 -3.224023955019486 85.51249584905422 21.232762401013865 26.119830692487305 14.363125263204326 -30.34458146035494 2.263483725592723 12.580121446675237
432 26.48986703293542 11.120113920221398 -3.2037727241855625 85.49843779049853 21.553109671573733 25.766427167051912 14.23434281677349 -30.303550730754882 2.2809647931101407 12.499997215330753
433 26.485757199378536 11.070975579606753 -3.18893280551542 85.48823953783858 21.762980949072986 25.263551363504806 14.164704957366968 -30.2716651952216 2.294439499906096 12.407756643289497
434 26.473859121430472 11.02924767779443 -3.1300636372255193 85.48407563668083 22.105524579740532 24.68499450921542 14.042155869209143 -30.23479291390193 2.3069428682051862 12.31991438364006
435 26.465608482578993 10.991212359102184 -3.048836266005621 85.48256942805028 22.472789416676324 24.007184514651982 13.917433993988107 -30.200027698463284 2.3169617230012807 12.229028680674666
436 26.461116258518583 10.959440993059275 -2.947669303428626 85.4825756975993 22.848132281595596 23.234265294451426 13.801553252799636 -30.16712843674395 2.3243765401861705 12.135071927490346
437 26.459570317277542 10.936927120509443 -2.8287613412437396 85.48336688368414 23.221164041546103 22.37863461691993 13.701560842040566 -30.13560086710637 2.329153455099675 12.038258966020715
438 26.46097016547019 10.926838093590307 -2.6817847417725957 85.47902257268161 23.621693904000125 21.407555108710806 13.64263081110859 -30.104628230039655 2.330710580459574 11.937851690214467
439 26.460130371321732 10.931255491519911 -2.5341405706209614 85.48268437959366 23.969580689123514 20.441092903877504 13.592451754469172 -30.07424555832876 2.330112228174239 11.836351646749774
440 26.455775434048892 10.95226653483773 -2.376717650542811 85.49091300959411 24.30095181596951 19.464774927814485 13.565388604711274 -30.043961018677066 2.326736207613831 11.733002608030782
441 26.445102905800454 10.990411928159546 -2.211814818808871 85.50647914764149 24.615350215419 18.507519497776354 13.560419847263896 -30.013704974372743 2.3202428020245107 11.627818542747468
442 26.42518425036713 11.04493912237213 -2.0405981839324436 85.53222059616385 24.915282436803604 17.596476305486053 13.573372895388736 -29.98335589476238 2.310204734231769 11.520627917964678
443 26.393092357785683 11.113880143672713 -1.8628531355199756 85.57066834723275 25.203219535710883 16.752493681178453 13.599225063345504 -29.952599629436897 2.2962770709237788 11.41113520331879
444 26.345961231941033 11.194340805523513 -1.676834373796626 85.6237468066301 25.479631533078688 15.987589249415047 13.633866178267638 -29.921003506060885 2.278416165742155 11.299036554070202
445 26.28096386419478 11.282839075330154 -1.4794629085579947 85.69261348273768 25.74159363555796 15.304867744520038 13.675322591158569 -29.888118347976917 2.2570203952999646 11.1840952884003
446 26.19526524103582 11.3756522877991 -1.2668965633826297 85.77770222248522 25.98252136169089 14.701082818001622 13.723662457561035 -29.853460823191373 2.2329006431963876 11.06612386238459
447 26.08603203855032 11.469146943333051 -1.0352795786351838 85.87898868049625 26.192987491883127 14.170307181436524 13.779904296389605 -29.816502213927993 2.2071123161849395 10.944923537732677
448 25.950470376828978 11.56003531867328 -0.7813500075185855 85.99641137105972 26.3621097516297 13.70684258638405 13.845010037950958 -29.776791938102917 2.1807117786003682 10.820233051450357
449 25.785813685616507 11.645533372866966 -0.5027376679588099 86.13032438489518 26.47918996345712 13.306819300996299 13.919542455204168 -29.734115745612595 2.154486078916552 10.691681942037802
450 25.589320754494103 11.7234121883014 -0.1980015556857856 86.28185114876065 26.53577345295159 12.968742852378446 14.003699625495576 -29.688610747812135 2.1287102363488017 10.558695850418818
451 25.358370721981657 11.791962454256415 0.13354192860397565 86.4530828888771 26.527926700552715 12.693094412344074 14.097403828078987 -29.640852276564782 2.1030127051237244 10.420355467940992
452 25.090573803245235 11.849964429196097 0.4921630246356538 86.64711044575289 26.457821991472137 12.481127465072603 14.20045032592685 -29.591837973963063 2.076437806955922 10.27533381412369
453 24.783801682371777 11.896741285855555 0.8780787469700052 86.8678271567483 26.33388068007523 12.333403960549871 14.312726621124543 -29.542800123220385 2.047706275053074 10.122009932759099
454 24.436191398442304 11.932292536067065 1.291659939508648 87.11947355834126 26.169451244489814 12.248961671869406 14.434324750875344 -29.49496307718853 2.0155877777722817 9.958763440778586
455 24.046211056640804 11.957446898543811 1.7334005332126152 87.40602401513345 25.980451725810436 12.225689920269621 14.56537932115455 -29.44940383096433 1.9792581368009834 9.784389014130179
456 23.612791370241336 11.973945653764977 2.2036310396799825 87.73056586120362 25.782611597643424 12.261407995467717 14.705812556882758 -29.406988213231905 1.9384923861669479 9.598412843301356
457 23.135463778705518 11.98440732649808 2.7021255579859296 88.09480646646143 25.589201505732944 12.354616108083254 14.855288819477424 -29.36828198298557 1.893627152144446 9.401047958265783
458 22.614435314588306 11.992198194084045 3.227913316772053 88.4988267183567 25.410194121178968 12.504326720084366 15.013322775384982 -29.333461974054647 1.8453761159054929 9.192859973330561
459 22.050561522989337 12.001273681172421 3.77946478333821 88.94112164188095 25.253198506862184 12.708827169288679 15.179399577600497 -29.30229786492382 1.7946472291475735 8.9744885381432
460 21.44523650326322 12.016033266422227 4.355081207280506 89.41883272671139 25.125437390641572 12.963835954325654 15.353281066894017 -29.27420268423769 1.7424255825024364 8.746544380354207
461 20.800287872962613 12.041152798766225 4.953166834678655 89.92800885890296 25.03556643554455 13.26125652897355 15.535588993405048 -29.248336883662727 1.6896599644880161 8.509554590664372
462 20.117947186980516 12.08134197993653 5.572236160067172 90.4638157839881 24.99469824629163 13.58931730330051 15.728413271590075 -29.22370900923254 1.6372055408505954 8.26408448436288
463 19.400839572665014 12.141077965606534 6.210821294042661 91.02073205713863 25.016766545899742 13.933685698882455 15.935730065675223 -29.199174531926015 1.5859869551454169 8.011214926519978
464 18.651952469141033 12.224472267726906 6.867513451817149 91.59274074132298 25.118581391164486 14.278934509644587 16.163505809699114 -29.173506664471372 1.5371690465025243 7.752768267335909
465 17.874656157351705 12.335344208469053 7.541056898793373 92.17342989048785 25.319479343037848 14.610279116698054 16.41937277813403 -29.145776377822706 1.4919811631946411 7.490614519749692
466 17.072768519012847 12.47734180460772 8.230245492050967 92.7559625586314 25.640126691110073 14.9153599612369 16.711991360878546 -29.11579784673721 1.451338771681581 7.22557614373538
467 16.25053137697586 12.653898494319968 8.933620315531025 93.33301534834047 26.10052818272078 15.185468880512635 17.050256797331187 -29.08423723046793 1.4156305212158529 6.956930157032243
468 15.412397038529985 12.867996096838992 9.649138277707769 93.89681090084389 26.717958140384653 15.415923164061159 17.442254432001267 -29.052247328573394 1.3848608390025519 6.682961296054449
469 14.56268261765959 13.121884239428793 10.373913585135664 94.4392867053049 27.505351564040506 15.605622818073536 17.893926093278644 -29.020795681024882 1.359011337209767 6.402131166667333
470 13.705283343991072 13.416923577594847 11.104078732449901 94.95236485179835 28.470110107239947 15.756006497366956 18.407702845401584 -28.990142131834784 1.3381995102224944 6.113851245507902
471 12.84355143226309 13.753578911990381 11.834765145043487 95.42824536798322 29.613242310888126 15.8699253469195 18.981378288753394 -28.959754392237922 1.3225183467758512 5.8185306570938335
472 11.98027366460193 14.131469221126016 12.560164231897424 95.85965428612906 30.928908064267432 15.950661812829392 19.607378231988836 -28.928503572458354 1.311861083819993 5.517452920385813
473 11.117650377940139 14.549423539979326 13.273614382855639 96.2400100858903 32.40412744866787 16.00091281837676 20.272566491855795 -28.89489326310031 1.3059026619087741 5.212887931423438
474 10.257254859044645 15.0055808324294 13.967613273687576 96.56348418624844 34.018183737668664 16.021977562533156 20.95871456612352 -28.857222435765106 1.3041810339909938 4.908349173447045
475 9.400045771284994 15.497522062987867 14.633754717975805 96.82494218703602 35.7418690911843 16.01358995551309 21.643842021409313 -28.813759109648526 1.3061316326515888 4.608541441785775
476 8.54654713421222 16.02234622874201 15.262799602686764 97.01978746368931 37.53767248358428 15.974359315698457 22.304665144980532 -28.763134661792574 1.310849314366735 4.318506771777494
477 7.697206508974598 16.57665506496909 15.84506099105227 97.14382178855477 39.3618792241932 15.90256539319917 22.9197828536482 -28.70491904425862 1.3166343711729438 4.042280210164555
478 6.852791735159413 17.156515158910043 16.371067463978076 97.1933242494325 41.16838782658549 15.797166831932929 23.472376150454544 -28.639988655678987 1.3207728851160407 3.7820232501742033
479 6.01466871488365 17.757524478597816 16.832371790975863 97.16548435897688 42.91356667632352 15.658784012029436 23.95141855106281 -28.570455894271138 1.3198125323497378 3.5380111427949497
480 5.184853884215078 18.374976494082258 17.22242184725116 97.05914970957427 44.5616689037616 15.490032913997528 24.351584854732636 -28.499217939872473 1.3102439268350194 3.309284332397751
481 4.365811907925754 19.003950407645927 17.537404736671693 96.8756643074851 46.08955442866263 15.294728354467471 24.672605260225733 -28.429271197830015 1.2893497812711916 3.0946867284367165
482 3.5601215240285224 19.639292972709345 17.776885159766735 96.61943863481622 47.488612251712375 15.07650853905884 24.91835517046146 -28.363102741217137 1.2557530663933816 2.8935411938118505
483 2.7701594709901993 20.275597620316653 17.94407284830932 96.2979074667401 48.76294694443958 14.838163318547634 25.095730434791463 -28.302409783825308 1.2093466070117407 2.7054862929884163
484 1.9978522681420647 20.90719785596547 18.045637615972502 95.92071271555301 49.92495812276672 14.582415249433325 25.21361210924684 -28.24804128986682 1.1508881321596098 2.5301173447866283
485 1.2445958238877555 21.528183598778284 18.091027040630628 95.49828348336148 50.99003407302948 14.313410347210224 25.282057253497868 -28.20002518945885 1.0816649631017556 2.3669985502301722
486 0.5114668405324263 22.132514664493304 18.09133982666486 95.04033849258882 51.971693564861965 14.037342183814271 25.311420260415684 -28.15773434420204 1.0032576107059528 2.2158060601436986
487 -0.20036341845922903 22.714255046379265 18.05799198813073 94.55485879564526 52.87845094957271 13.761726002617344 25.31117421030561 -28.12019703349294 0.9172895463766136 2.076335269712296
488 -0.8892598284259784 23.26788615636099 18.00148290386129 94.04774601063174 53.71333667412113 13.494182140895122 25.28852089521872 -28.08639186163961 0.8252377537626989 1.9483577672407222
489 -1.5529908033330857 23.788649138557616 17.930484893720564 93.52311518324883 54.475893020540234 13.241403915699342 25.247211853480028 -28.05537986192662 0.728434587135325 1.8313868441602499
490 -2.1889289078334087 24.272877731087682 17.851371739180504 92.98410932346255 55.16535500943313 13.00832018056527 25.187345986494826 -28.026306314428226 0.6281986419903826 1.724547635044269
491 -2.8001517048594304 24.717025925904633 17.773157932724345 92.43657090680088 55.812921921804104 12.861377187254446 24.919649984342065 -27.998602181384406 0.5264270640100893 1.6294034820927072
492 -3.37392892619628 25.122909102915955 17.687833473171 91.87986036314811 56.36334424654763 12.670610899783496 24.81487424024167 -27.971056004253914 0.42389171693970884 1.5395404291773642
493 -3.914498886402204 25.489958713034873 17.600541466161342 91.3222698914587 56.854661721040756 12.495896478976109 24.697194672222537 -27.94337412755154 0.3227335852325098 1.4564671832427292
494 -4.422659428205504 25.82008060722367 17.5105421459618 90.77123233429104 57.29780406416828 12.339499461807392 24.5600307160543 -27.91515742268758 0.22483334662160412 1.3794678196298964
495 -4.900036236626884 26.11596307822178 17.416339882540793 90.23503139934016 57.700166369802375 12.200994085812566 24.410007831121526 -27.886257916582448 0.13194091027313995 1.3077424434873794
496 -5.3491198738053525 26.380701216208056 17.315970914760648 89.72191199836786 58.06508001470932 12.08316236954839 24.25706701099794 -27.856717333265514 0.04551610887542529 1.2404947277025042
497 -5.772929505662714 26.61737656609932 17.207209480752805 89.23923780186949 58.39161366572222 11.992425396500924 24.11183974948129 -27.82669578148339 -0.03344183724816174 1.17702389392793
498 -6.174610485627986 26.828677499059488 17.08788828575739 88.7929474564236 58.67609369277557 11.936810057224745 23.98357323209303 -27.796430834840788 -0.10450865493678745 1.1168831064418239
499 -6.557087748655023 27.016697467553417 16.95630345698836 88.38732021929599 58.9147230023226 11.922809812251387 23.878501659674313 -27.766171104597102 -0.16784614810776655 1.0600455368714312
500 -6.922836024301709 27.1829561852903 16.81160190673245 88.02491699550303 59.10606811592114 11.952612773967147 23.798788233673992 -27.736092217832976 -0.2240965793678894 1.0069846478303
501 -7.27374921182897 27.328550285420697 16.65414332562451 87.70657655978665 59.25261248168703 12.02256125592093 23.742546301014222 -27.70630007622253 -0.2742215524603707 0.9585856954424888
502 -7.611081087494244 27.454337744895827 16.485731852338958 87.43144016305918 59.361233832470326 12.123309924850853 23.70502295831678 -27.67690444303108 -0.3193817926545127 0.9158946345902013
503 -7.935446554997795 27.561119580847635 16.309497165161243 87.1970263560826 59.44246392100299 12.24172669187482 23.68027195387418 -27.648026798897188 -0.3608371025144108 0.879820774224045
504 -8.246841481305298 27.64977935055684 16.129438175131938 86.99937780887858 59.50837625221069 12.363768342952286 23.662749444056335 -27.619724815302614 -0.39976317730202066 0.8509190512759915
505 -8.54463589598328 27.72137019327237 15.949885065839263 86.83334708537181 59.56974261346837 12.477254016143943 23.648502091851313 -27.591956111689612 -0.43700864586281357 0.82927941215855
506 -8.82757496771914 27.77721415472707 15.775038874020611 86.6931382419502 59.63381333399709 12.573872677635608 23.635476183228988 -27.564653664130127 -0.4729227350103337 0.81451078649948
507 -9.093828846436429 27.819026439561288 15.608601273068352 86.57309667284257 59.703631086046634 12.650003026709117 23.62290989036672 -27.53784754121508 -0.5073430032297545 0.8058066140531885
508 -9.340273105247585 27.848589976939703 15.454112824169163 86.46900359884897 59.77879506305977 12.705394790655989 23.611038491030026 -27.51179257124197 -0.5396747301636796 0.8021775501761821
509 -9.565080317113784 27.86898009376313 15.313453653866357 86.37698298419626 59.85631150525603 12.744044168891444 23.598720493309607 -27.486915890315935 -0.5693873728225031 0.8020609196713938
