 SFE SAA SIR EFE EPS WFE WAA TFE TAA TIR
0 -12.748716794961966 43.10287990958322 -5.744865675396406 83.6161082019706 39.9408754173591 37.147585232013014 24.281080670288357 -24.45596976069367 -6.592041545771639 -17.28122112814947
1 -12.197109321921493 42.92889625305241 -5.516065507608506 84.10727547585675 39.463566641286256 37.22156838412721 24.16557168581562 -24.417457820410732 -6.55989580360657 -17.319454035971432
2 -11.6120670138736 42.75336621635972 -5.304339428598426 84.59042274234592 38.970012897905676 37.37070471440637 23.845341967384574 -24.380653494249774 -6.526053426221863 -17.360968724124245
3 -10.981595061577396 42.5814264306694 -5.109466437122062 85.06538943682311 38.50970088900607 37.49863662043748 23.448073206399265 -24.346341446960697 -6.4925093935792395 -17.404571286521456
4 -10.295882165868557 42.415662123922594 -4.938521118157358 85.52894990494002 38.08823214260981 37.57131798073655 23.00220923856909 -24.316091929278617 -6.460819594360564 -17.44928189462805
5 -9.550533857929956 42.25753478926067 -4.796474583322591 85.97749614597177 37.70278796673587 37.573577684204565 22.52305875710179 -24.29094664273274 -6.43189635665641 -17.49387054054472
6 -8.742205167471235 42.10802486366205 -4.687548387544727 86.40771155925256 37.34598403160334 37.49657788921178 22.025257025523597 -24.271743309242037 -6.40631640022246 -17.5367290184789
7 -7.869908850019777 41.96764692553504 -4.614909682925289 86.81625394566728 37.00644027036728 37.34037682982779 21.522373868062488 -24.258904748745085 -6.384168837272602 -17.57596589462726
8 -6.934707735224578 41.83658358620304 -4.580859112197364 87.19990397740946 36.670368894421514 37.113050504174105 21.026932733219976 -24.25231724973409 -6.365138075605393 -17.609619203192096
9 -5.939221210231418 41.71474328993811 -4.586921051590348 87.55578719120564 36.32324762724068 36.82830952068075 20.55033945415224 -24.2512951222778 -6.3486599509427055 -17.635888843594486
10 -4.887180366461127 41.60173696968431 -4.633763588651588 87.88159891918012 35.95190005379989 36.50284808788095 20.102694459704747 -24.254672710548114 -6.334049755874284 -17.653242860137897
11 -3.7805332351257257 41.49224053504402 -4.739992867488919 88.1766413109377 35.447570803589606 36.23152832819118 19.569239962142856 -24.26342078020736 -6.32093443611992 -17.662223341969842
12 -2.6296839019819065 41.3944518503339 -4.867258408876234 88.43925153509369 35.001837816449466 35.88117529993205 19.19632265550263 -24.27164495228719 -6.307647713553398 -17.658399241591308
13 -1.4369240311265232 41.3024273027739 -5.03109658828873 88.67008646661489 34.517422428830734 35.535566816488945 18.875712329434435 -24.280746624934977 -6.293385777217108 -17.643563606480935
14 -0.20758249419106833 41.214767075395976 -5.228663409625431 88.87034155206088 34.00139694920894 35.20608544105277 18.604924346403624 -24.290082213183304 -6.276955885405084 -17.618116167470678
15 1.053423050706193 41.12958063558817 -5.456800815562388 89.0415021203571 33.46447372807941 34.89761299119965 18.383984033164747 -24.29909531253719 -6.257305470701445 -17.58288825430976
16 2.3416486382931754 41.044545692617525 -5.712342926615458 89.18486683789861 32.92052782205538 34.61181170106076 18.21179993237974 -24.30744406513306 -6.233470967966529 -17.53893719926114
17 3.653177486348025 40.95692048191667 -5.992302304298592 89.30112526305929 32.384038644903676 34.34848287237979 18.08646881993131 -24.315093192931784 -6.20454433060927 -17.487390929603393
18 4.984531538590433 40.86360672666031 -6.294115154720329 89.39017413854452 31.867076753258353 34.1068845541281 18.005152100658 -24.322233577598862 -6.169699564612574 -17.42933145640359
19 6.332480955316262 40.76126382799267 -6.615869431435008 89.45123060089219 31.376795141057155 33.886744542122955 17.96331265799177 -24.329229499164377 -6.128177771697067 -17.365732625152564
20 7.693780330354765 40.64648907814333 -6.956400729410053 89.48311832686208 30.91420255730181 33.68849630114555 17.954125030298716 -24.336688057304016 -6.079234210531844 -17.297429905876324
21 9.064853749047574 40.5159982873281 -7.315247154611157 89.48452285604947 30.47460310126808 33.51246411898081 17.969057937412174 -24.34540333890094 -6.022236268483211 -17.225121563771058
22 10.441490613273524 40.366722216295656 -7.69250699637427 89.45412476109674 30.049598047811244 33.357361253598256 17.9994358440586 -24.355947967550758 -5.957004848094242 -17.149436115504027
23 11.818689791781795 40.19586024360667 -8.088580983162105 89.39062022985176 29.63006949283666 33.21911077228999 18.037872124881492 -24.368128295834317 -5.884123681574658 -17.07100020824982
24 13.190813256529104 40.00100015158534 -8.503797434784502 89.29266053047263 29.209329419342684 33.090811411660724 18.078823831832786 -24.380760592917472 -5.804857811657693 -16.990380776954932
25 14.552026186243353 39.78032865314476 -8.938080198700257 89.15875973364136 28.785608460919555 32.963914918372126 18.11836807013358 -24.391941404639397 -5.720714062411928 -16.907975179242158
26 15.896767328538226 39.53284666820511 -9.390865802985621 88.98725042700065 28.36297417538606 32.83011276317135 18.153800591308176 -24.39965993670675 -5.632919952614595 -16.82402272206523
27 17.220024020106514 39.25849506052993 -9.861276235704779 88.77638918829595 27.950104946624602 32.683060867974916 18.183521596601945 -24.402492845286297 -5.542001070344797 -16.738687270362274
28 18.517355033543456 38.95815652108199 -10.348307511303505 88.52461597474267 27.55758123600322 32.519315168807914 18.207101550816045 -24.400017182435576 -5.447611857844593 -16.652060666595244
29 19.784709137339515 38.63354445690506 -10.850822819815955 88.23083430998207 27.195284559671396 32.33865882683535 18.225058993019932 -24.392745467851263 -5.348696712538446 -16.564096031702885
30 21.018159763868972 38.286991876205384 -11.367374478563919 87.89461693156362 26.8708296537185 32.143899150104886 18.238419265627815 -24.38179580278839 -5.243834597807259 -16.47457542554705
31 22.213681101430655 37.921168915864776 -11.895979247416594 87.51633281441111 26.588861472883316 31.9399234224442 18.248516331604424 -24.36854619966296 -5.1316020755805 -16.383143555897032
32 23.367001642867653 37.53882758194984 -12.433933550943054 87.09724700687985 26.350679942157974 31.732678247017972 18.256837861086634 -24.354357068771492 -5.010897500416314 -16.289337912183356
33 24.473496307582078 37.142656050299685 -12.977715704537646 86.63971390223819 26.15367938041017 31.52885953067424 18.264607894392153 -24.340384952367895 -4.881191967694263 -16.19257095126078
34 25.528140205371738 36.7352528325159 -13.523017415156952 86.14748999801635 25.99062489822756 31.336139289846578 18.27247295727874 -24.3275000740463 -4.742642131127255 -16.092109811122494
35 26.525642409689716 36.319214563055844 -14.064951566165151 85.62598939295097 25.849323965845358 31.163432815516515 18.280614200095236 -24.31633426188524 -4.59602332054177 -15.987108670221959
36 27.460799198485848 35.89726165163239 -14.59843038252553 85.08230091388089 25.713091693328348 31.020751189484773 18.28913924909699 -24.307328220845694 -4.442581871012084 -15.876724540001975
37 28.328983823549592 35.47226479240204 -15.118572600721624 84.52491729412306 25.562409182424567 30.918447161601442 18.298434961240314 -24.30064479463901 -4.283909710199993 -15.760318196455458
38 29.126645002652417 35.04708433334324 -15.620882558054934 83.96321441834269 25.37833155975985 30.866034846543922 18.30921263507707 -24.296138322251508 -4.121803918396536 -15.63765159132441
39 29.851662322665423 34.624258357096565 -16.1011548630534 83.40681299864171 25.14679803269234 30.870514925374355 18.322358959094768 -24.293498851929197 -3.9581026164723685 -15.508973492214338
40 30.50352673285744 34.20571058811651 -16.555445060600714 82.86496379483172 24.861389065117745 30.934326136952667 18.33897252829155 -24.292372591807094 -3.7945506638372177 -15.375002959976015
41 31.083476656783784 33.7926160584607 -16.980401570638705 82.34593851215854 24.523233905145506 31.054110072856606 18.36054511106881 -24.29238510385376 -3.632696789673642 -15.236881444948416
42 31.59463748738388 33.38542116994324 -17.37388119659198 81.85640720645227 24.138742696998897 31.221436068938797 18.38897443181704 -24.293211565894783 -3.4737818976428922 -15.096133166184135
43 32.04203638248094 32.98398994474555 -17.735558680285056 81.40099139199738 23.71630363675173 31.425241116324095 18.426340524052208 -24.29474872538522 -3.3185917612053424 -14.95462575099403
44 32.43236228202817 32.5878909632147 -18.0672313298086 80.98219193776175 23.263174598890988 31.654797635754182 18.4745058346357 -24.29730957818952 -3.167322418983577 -14.814451235838622
45 32.773464179715035 32.19678831016145 -18.372651588554685 80.60068690842208 22.78373774275705 31.901880921464606 18.534718087536117 -24.301703115249364 -3.0195407199967366 -14.677657106873749
46 33.073687639299 31.810769711157707 -18.656911192406213 80.25584253131494 22.279725933747624 32.161306683437296 18.607450618614482 -24.309056278379405 -2.874283540594875 -14.545904580257574
47 33.34119572687303 31.43047160826124 -18.92548179529246 79.94619782759163 21.75241862359892 32.430195157013756 18.692459152009807 -24.320445273290545 -2.730293507073231 -14.420217449663289
48 33.58341877444817 31.05701828986301 -19.183073512099632 79.6696970259144 21.206172418080005 32.70703185408999 18.788866862549682 -24.336589984688825 -2.586338596016805 -14.300923664929336
49 33.80671160642576 30.691832435599174 -19.4326817514835 79.42368241917727 20.651517755427847 32.991140984030224 18.8952117899927 -24.35771370702081 -2.44155191611309 -14.187812632786564
50 34.01617564595057 30.336363733806277 -19.67524385453165 79.20491438255033 20.105298382024742 33.28231745683881 19.00967795107219 -24.383494470211744 -2.2957413442171006 -14.080436575956346
51 34.215526605023996 29.991831198190862 -19.909838111581386 79.00980365174382 19.587220333641472 33.5801087046933 19.130739836029907 -24.41307235370296 -2.149588731250309 -13.978364263203186
52 34.40694154253504 29.659134614317914 -20.133978990252867 78.83479160238184 19.11509206370347 33.88323767254435 19.25782372926384 -24.445181799228006 -2.0045980950506177 -13.881216750815348
53 34.59094418300764 29.33902508800498 -20.343813564886755 78.6767238470371 18.70134475383903 34.19017162466758 19.391301400767226 -24.478446464596225 -1.8627354244506051 -13.788516546620825
54 34.76640386384099 29.03240458260565 -20.53422556806647 78.53311481144401 18.35193018413518 34.50030206445207 19.531892773518674 -24.51167315822947 -1.7259567885101954 -13.699521982591548
55 34.93066141338252 28.740543303262164 -20.698873284782145 78.40228053265973 18.067399183941127 34.813982877140944 19.68015025436285 -24.54396868263641 -1.5958939093361093 -13.613186126963305
56 35.0798646341736 28.46514954479596 -20.83045710961772 78.28335254867406 17.845042381680457 35.13054349289584 19.836243740818198 -24.57474158125693 -1.473764790043685 -13.52832830075826
57 35.20968329305411 28.20832283307928 -20.921746329170716 78.17618716196915 17.680493599802354 35.44537354074463 19.9995168373268 -24.60370635466829 -1.360403135612905 -13.444028519739751
58 35.3164235247864 27.97241036659481 -20.967608926126076 78.08121621267148 17.56769401686287 35.74889949936768 20.167307053856995 -24.630868469846597 -1.2562932746821582 -13.360087278555232
59 35.39824463427178 27.759793651187014 -20.96753477149674 77.99932694540853 17.49763503350694 36.029953051839826 20.33366931134242 -24.65644009976437 -1.1615870717519103 -13.277316381605909
60 35.45794512671915 27.57507197957305 -20.916180699528454 77.92426736064081 17.51249211336505 36.241327645927846 20.508158141554357 -24.679233407099172 -1.0766588658046028 -13.198835232944825
61 35.52023114549249 27.37832688559272 -20.88847129194852 77.8653789861558 17.196725539671192 36.41460214518001 20.892259106677717 -24.727525701388103 -1.0161052909413701 -13.141813638427031
62 35.53996428496634 27.25092054677148 -20.7935700686927 77.82672614752774 17.270459581308014 36.615615942750196 20.963876059184727 -24.74628541043114 -0.94797905555414 -13.074773238659718
63 35.549987995366195 27.147629216568742 -20.72588557208219 77.8161108889279 17.207577869202108 36.84163954052226 21.027565011117197 -24.76660482539162 -0.8881624001927582 -13.016244396309071
64 35.557022564117894 27.07182393447202 -20.68045026834972 77.82506562343785 17.108279998378727 37.08378533804026 21.063722911341106 -24.786810209336195 -0.8367331313741968 -12.967662876978038
65 35.56682892713693 27.018348372372973 -20.67444256126224 77.85499182997737 16.925939714565526 37.34401588959197 21.09820293392753 -24.807719532434515 -0.7947079280141165 -12.929697336530834
66 35.58323996976912 26.983456393419765 -20.710887475334456 77.903153312996 16.671345955267714 37.62433572512885 21.132445112318873 -24.82986425253353 -0.7629381912109016 -12.90155292120515
67 35.60876798811077 26.962737477454983 -20.789399067101858 77.96617313417097 16.35176526219498 37.92388514098699 21.168908615987213 -24.85383488572775 -0.7422350178330229 -12.881791086215161
68 35.64466175330794 26.952315593996133 -20.904438502081252 78.03919756749093 15.98291481640944 38.23909925567165 21.207738730442387 -24.88028896545479 -0.7330796219235688 -12.868336649120566
69 35.691145311439676 26.949166615594624 -21.047848574738456 78.11676766534373 15.580409051125132 38.56478502087562 21.249961212730682 -24.909840323951734 -0.7354187524464456 -12.85868453437803
70 35.74081453483371 26.9635104974179 -21.181639097333207 78.18801508532104 15.37333356947391 39.02258274744938 21.134019853742842 -24.93819022110919 -0.74164722346183 -12.840864650457519
71 35.80613717124297 26.969864574706296 -21.352292896784448 78.25924078158594 14.958380781833435 39.36884644782239 21.169648372507698 -24.976077485358243 -0.7655325813391619 -12.830912913710263
72 35.87931396040476 26.98035489269599 -21.52687695641433 78.32430220980675 14.515268665953252 39.68674894465053 21.240107773242855 -25.018044473098286 -0.7977218539887225 -12.817231056770737
73 35.95847085117949 26.996659817752267 -21.696000588010147 78.38278382074785 14.067598464044567 39.984668640085886 21.328488429973493 -25.06434718647156 -0.835994085499266 -12.797742137441643
74 36.041914260355405 27.019875978910456 -21.852730989906878 78.43582563882907 13.626093281675965 40.262008337113954 21.428438525756658 -25.114883831587715 -0.8783676058910367 -12.771179343803608
75 36.12785528766085 27.050909674815703 -21.991351854041433 78.48516509371727 13.200526161970554 40.518389216893894 21.53331391367285 -25.169220302492196 -0.9229344184143348 -12.736749680901994
76 36.21437748628133 27.09046420903795 -22.107332489737455 78.53267861597887 12.799261442563894 40.75423809726874 21.636566662437584 -25.226756631675393 -0.967880426295147 -12.693952524239998
77 36.299397191038736 27.139051857397757 -22.197330791986733 78.58026860937244 12.427679803207434 40.96997500584156 21.733417900031462 -25.286923400887225 -1.0115213339628204 -12.642421318492119
78 36.38055283280546 27.196943857619285 -22.25911811667847 78.62996736475172 12.087481943441805 41.16523496634197 21.821817977303724 -25.349279661084548 -1.052458144162372 -12.581802974167127
79 36.46916706460896 27.260469581112755 -22.308390154354306 78.68216952639983 11.706978200490443 41.319180727488 21.998603847214593 -25.417741370426555 -1.085455567071129 -12.518818186418402
80 36.536880144694166 27.33682636481931 -22.30527649755375 78.7388602711608 11.463810355955586 41.47173747363845 22.073567600684985 -25.48465417657345 -1.1169248687171107 -12.439911463477117
81 36.59208007682426 27.420504813955798 -22.27771383879997 78.80804604903531 11.219326369113462 41.60651089769838 22.142573714458596 -25.553482882099313 -1.145001247378116 -12.351266617554245
82 36.63203142333338 27.5115264610595 -22.21997969300164 78.89002675885023 11.007222231155165 41.7200690230011 22.19782874634809 -25.624186866005783 -1.1690749612917732 -12.253372576594069
83 36.655183391091256 27.60829485835913 -22.135185977621088 78.98868261505078 10.81791100672171 41.81003967489177 22.244028446627656 -25.696598526161093 -1.189135612014723 -12.147392014239282
84 36.66093062770547 27.70968068145561 -22.02488566542814 79.1068901441474 10.654627622527054 41.87618973056889 22.279038496211378 -25.770335968471347 -1.20508058791979 -12.034851394223596
85 36.650075060723914 27.81463023394155 -21.89187522067397 79.24724091856835 10.517707227772831 41.918501715509024 22.302152274093977 -25.844670900040686 -1.2166761607950414 -11.917783601267384
86 36.624714404889474 27.92235360334213 -21.739043444484285 79.41130741635105 10.409311212768468 41.93744240556123 22.31311086147424 -25.918543033907344 -1.2236519605973535 -11.798520941135058
87 36.58797394260203 28.03234450757065 -21.569079837986912 79.59952999786411 10.332903145989803 41.93416677814361 22.312388873444622 -25.990640758953 -1.2258462535435566 -11.679498770382505
88 36.543647218723216 28.1444956188446 -21.38399984072528 79.81126153031406 10.293661780791693 41.91053133410966 22.30058641967731 -26.059546143402816 -1.2232816332289957 -11.563097582693995
89 36.49587809594831 28.25919423931622 -21.185081691039496 80.04497240023055 10.297687687796927 41.868730115993465 22.27805061156057 -26.123870863336453 -1.216170471581566 -11.451579410904666
90 36.448899826946175 28.377363170453396 -20.973114526132452 80.2985348502687 10.350372929445765 41.810769623587774 22.244764087058137 -26.182358704504146 -1.2048901860603185 -11.34704714345454
91 36.40680625315606 28.50045531197931 -20.748759233629357 80.5696085348496 10.454121961213286 41.738115885047506 22.200601404044047 -26.233930506106606 -1.189969693246802 -11.2513796816638
92 36.37335534722394 28.630446870347217 -20.512810275035488 80.85596188039997 10.606577795634863 41.652122083654035 22.145576620573557 -26.277722140384384 -1.1721136102112082 -11.166133887090222
93 36.35187051487004 28.769764897798463 -20.26634460741385 81.15552376232175 10.800188112102385 41.5551717888086 22.079857631164696 -26.313157205455763 -1.1522654571107622 -11.092454934437392
94 36.345345042837025 28.92099802223257 -20.010863040802004 81.46608199877646 11.023008678030106 41.45154523433459 22.003703462767476 -26.33999320321975 -1.1316594467554753 -11.031083641041244
95 36.35674165477015 29.086378115712193 -19.748359082487553 81.78477093812725 11.260265169024674 41.3472009987979 21.917574124483412 -26.35827613012828 -1.1117589657721054 -10.982472369355616
96 36.38929004010495 29.267187595614246 -19.48109443064155 82.10765877410647 11.496134850544056 41.2487057989518 21.822625338786587 -26.368236722919278 -1.0940556720581596 -10.94688533812529
97 36.446602177181624 29.46323670250073 -19.211082955459617 82.42963028860804 11.715213848549215 41.16211081349969 21.7215515411456 -26.370203720064776 -1.079831037341923 -10.924370970454497
98 36.53260041804012 29.672513296699652 -18.939489468904597 82.74457102088562 11.903662573482238 41.09211778941951 21.6193914038373 -26.36456539232365 -1.0699593274529295 -10.914640393297438
99 36.651267913109116 29.891150017636573 -18.666045726015057 83.0458637673615 12.050439967418281 41.041427972447124 21.52374828818452 -26.351777062531976 -1.064763300791508 -10.91692634397476
100 36.76424469178079 30.116953207415037 -18.42877694323311 83.36340657572002 11.856686896314429 40.897238700219795 21.288320178813155 -26.290675768260297 -1.0656095932949237 -10.924270844993936
101 36.956915427387194 30.33794915592575 -18.150846733859535 83.62272493398551 11.851653308583156 40.849731896967164 21.22797359226842 -26.262953620444115 -1.068235034346063 -10.946905626926846
102 37.1891757494228 30.55220669951798 -17.8552197275202 83.85305753122904 11.824011980708043 40.82899793162661 21.186970900660214 -26.231025234536098 -1.0724663967297037 -10.974474380401912
103 37.45805616162297 30.755411556930554 -17.517251977744625 84.04594206216579 11.813341263869201 40.79096535719133 21.130806025621958 -26.1984753951246 -1.0810617270394614 -11.000851040804163
104 37.76416737345939 30.94159263429379 -17.16393159406719 84.21541176031707 11.737966337480744 40.78192910465346 21.134006118574188 -26.15739492580035 -1.0853437155654957 -11.025827378968247
105 38.102808530786746 31.10986144080964 -16.76937394847427 84.35353762517697 11.663912103221964 40.7718568782276 21.14756276286702 -26.111679978481373 -1.0880220732811 -11.043447183856932
106 38.471401175472565 31.25940989722272 -16.327549532069867 84.45837339342475 11.603936479756982 40.75187985575601 21.16341117839311 -26.06133812465822 -1.0887274519277836 -11.050954715855632
107 38.868382304614 31.39080069835136 -15.834944864447314 84.52626118516527 11.570358704618416 40.716358696892726 21.171899555937415 -26.0064777745834 -1.0871854083485486 -11.046897295076056
108 39.29357071141886 31.505545567707838 -15.291286559710064 84.55192075608306 11.571586516128223 40.662196825107785 21.164904189288446 -25.947195231760688 -1.0829868876779016 -11.0312246770367
109 39.748069627146805 31.605730192316614 -14.699392150999513 84.5289275317052 11.611874223825625 40.589236661416294 21.136494298193707 -25.883464933193082 -1.0755051021157842 -11.00512049999639
110 40.23380447354047 31.693648603141114 -14.064462047600022 84.4504683808072 11.69186578986904 40.50011395814967 21.08291230449822 -25.815109549865756 -1.0639220292182512 -10.970561370828825
111 40.75295555453446 31.771462043606228 -13.39311254577321 84.31005621896101 11.809247609302394 40.398936812233664 21.002940332930734 -25.741980312246998 -1.047355836570554 -10.929755120709
112 41.30746088765152 31.840878625305393 -12.692437375827959 84.10198047990927 11.959170621248223 40.289187994510904 20.89883954114826 -25.66425567642281 -1.0251059735782257 -10.884665192705606
113 41.89858805328999 31.90291262000672 -11.969191945186598 83.82152172937975 12.135063834845816 40.17231661033027 20.776564039563876 -25.582610072481774 -0.9969077532755184 -10.836684197884852
114 42.52661035998467 31.957787232022298 -11.229163031907369 83.46498257220814 12.33045434077276 40.0479890013318 20.64441771816507 -25.498135978912973 -0.9630527764937584 -10.786445286969395
115 43.19074615876292 32.00492574404969 -10.476913633428751 83.02948404043448 12.540947340908378 39.915420301388565 20.511355460960964 -25.41215262048116 -0.9243452375236991 -10.733802742310425
116 43.88937135304406 32.04302806530082 -9.715957248470698 82.51268817628447 12.764861765770977 39.77445110869152 20.386258130014802 -25.326060586753812 -0.8819654592484607 -10.67799125555544
117 44.62027263895057 32.070368211505325 -8.949062312549318 81.91276239808519 13.002228106000688 39.625566796698465 20.27803923114102 -25.241261516220522 -0.8373256567293299 -10.617882257391804
118 45.38076165602829 32.08524084712543 -8.178372868157268 81.2286260703686 13.253413955666876 39.469153809474165 20.195716214347968 -25.15908671015768 -0.7919476222991191 -10.552230856709649
119 46.16768240808595 32.08625898548079 -7.405355888548047 80.46030107924494 13.518632129019009 39.30475470763934 20.147745257729113 -25.080677158015764 -0.7473473669843942 -10.47985855365535
120 46.97745017172265 32.072458766231144 -6.6307685568791355 79.60915855106722 13.798172666922909 39.13095118184188 20.140655698036454 -25.006847900110838 -0.7049166933189402 -10.39978189905814
121 47.80624238911769 32.0434275216375 -5.854758058356702 78.67782952784916 14.09260376598999 38.946361123487385 20.17770442361799 -24.93810299981898 -0.6657607533194249 -10.311298983647003
122 48.65029761712652 31.999519564782105 -5.077092457062219 77.66984476206903 14.402566439348625 38.75133529599653 20.25815521626318 -24.874832658859628 -0.6304794681093105 -10.213983758325254
123 49.50608653561428 31.942069756113256 -4.297459919224743 76.58943179944228 14.727977467859063 38.549078461949904 20.377264399062348 -24.81741263777289 -0.5990444609958961 -10.107556796223532
124 50.3702852182002 31.873502916597516 -3.5157014258129693 75.44145262957628 15.067299086864455 38.345699367074864 20.52687919568077 -24.76606871308738 -0.5708490520725275 -9.991673758039116
125 51.23982598307104 31.797163845381522 -2.7318560427860015 74.23085829835824 15.418256998529854 38.14950831716462 20.696718127972325 -24.720740065481618 -0.5447802747196434 -9.865709561174292
126 52.1122139564568 31.71673577383284 -1.9460159770450858 72.96157827995857 15.77986189428326 37.96940693076627 20.876387709862403 -24.681103424668354 -0.5192951956995641 -9.728773067215275
127 52.98594917045839 31.635411953664793 -1.1580299425464216 71.63560403120543 16.153784957042316 37.81206970152215 21.058036534366433 -24.646701529030192 -0.49263978543719544 -9.580201934904611
128 53.86078179482295 31.555204988794713 -0.36712096714100945 70.25281169109002 16.54387545240693 37.67880070496298 21.239119462355962 -24.61705858113028 -0.463181311129861 -9.420234281651028
129 54.737628439761465 31.47669391587839 0.4284257114562636 68.81142678112042 16.954577118055916 37.56408837633594 21.42378557254725 -24.591686166935936 -0.4296880967217425 -9.250171452781936
130 55.61815195267164 31.399288372042918 1.2314217903281728 67.30881111213769 17.389506316864814 37.456741142939904 21.622009806412855 -24.57008805783053 -0.3913899313871625 -9.071840855819675
131 56.504201362296776 31.321850580560156 2.0458509576227475 65.74221611248379 17.850621895520568 37.34241518380563 21.847909109915307 -24.551982400428873 -0.3477594040439787 -8.88681293028523
132 57.397347199040546 31.243343601397353 2.8768835086744513 64.10928892036561 18.338049463602005 37.20624633466722 22.118693558258308 -24.537648944271318 -0.29819614455474264 -8.69584807863835
133 58.2985758512562 31.163243416322096 3.730823761943016 62.40849958580942 18.850693797581027 37.03497397640075 22.453521963766683 -24.528065859436072 -0.24192428822516307 -8.49864622982148
134 59.208107967892715 31.081677882231727 4.615133727184764 60.639709723004394 19.38754715962898 36.818064160516975 22.87102676621058 -24.524717152740592 -0.17824122724765099 -8.293846588784985
135 60.12532430417859 30.999401390464474 5.5387339884051325 58.804817919863034 19.94932862742731 36.54754484942624 23.38601971612298 -24.529194132448527 -0.10695655854052871 -8.079349765565867
136 61.04870357151698 30.917902670258126 6.512617164429787 56.908413166369336 20.53987164748665 36.21709202374077 24.00712592468394 -24.542838155140778 -0.028672678114715897 -7.852770202111677
137 61.97567056648548 30.840009289021424 7.550505574503779 54.95848469795434 21.166661749787405 35.821666984802 24.73589624324863 -24.56673591923538 0.055370161655398584 -7.6116017171764065
138 62.90241384519702 30.770952762409475 8.669037458685358 52.96698366756977 21.84020295127946 35.358459539334646 25.56650824343213 -24.602040135152606 0.1437592935827673 -7.3531263879397235
139 63.82382284484 30.719533659419653 9.88707414880655 50.94974918451297 22.57215581239793 34.829084001783336 26.485528376419104 -24.65016508282457 0.23527849714263585 -7.074544039698707
140 64.73359413854907 30.698994583031126 11.22419920810887 48.92565720834135 23.37276307054962 34.24206040663996 27.472105832819032 -24.71251616883325 0.3290078284174652 -6.773470497291318
141 65.62436786040715 30.727193507558397 12.69882897687492 46.91552038746479 24.248447410248957 33.613293643426736 28.499266278473385 -24.789925419588574 0.4242394880379186 -6.448418689610341
142 66.4878948233665 30.825750495212418 14.326228540179887 44.94105412178066 25.199925657820152 32.963240610247404 29.536619213820686 -24.882276163441045 0.5203050273045238 -6.099087146181764
143 67.31554270476066 31.01816940716224 16.116757187067147 43.02345479208805 26.221062655903204 32.31244349194712 30.554097405563773 -24.988590124155692 0.6164565687059461 -5.726598097046594
144 68.09913322969867 31.32761597681776 18.074970847381298 41.18153192803502 27.29903323616291 31.678136967662258 31.525646684414237 -25.107522246764336 0.7119240516918314 -5.333467170753915
145 68.83162297745136 31.775078155287254 20.199736204525465 39.43020598951868 28.416028857914924 31.072875240226935 32.43185717064518 -25.237899595901407 0.8060879760698182 -4.923112369270945
146 69.50736232226824 32.37758859425905 22.484496679399307 37.77986899909136 29.55194121693095 30.504382069811403 33.26131475323853 -25.37874049525141 0.8986183616820106 -4.499363451652863
147 70.12208741145238 33.14580339569585 24.916697412510263 36.23645034497764 30.686698558177554 29.976088911800673 34.010386644484115 -25.528654686494665 0.9894956125498228 -4.066380679706403
148 70.67288283213445 34.08110962583216 27.476427407517523 34.80194575750899 31.801265361858068 29.4884264615219 34.68128737686029 -25.685161693756957 1.0789233548726829 -3.62877999630749
149 71.15831503963055 35.17333930200376 30.135600518602025 33.47512959345301 32.87785793524076 29.04014668437007 35.279792891247695 -25.84451250354036 1.1671816638743397 -3.1916267410996775
150 71.57882024073633 36.400350003015426 32.859134147419184 32.25220057882963 33.90069983186406 28.6287859912228 35.81397497906278 -26.00226170838036 1.2544665963321104 -2.760243720862184
151 71.93714279584562 37.72982924196245 35.608169359069194 31.127413231205185 34.85774293532002 28.25068899973833 36.293445501644875 -26.154260364083402 1.3407615053550341 -2.339972722479699
152 72.2384614289576 39.12246822707086 38.343974729358834 30.09382517563401 35.74260528230529 27.901421543036218 36.7282892264753 -26.297319061569787 1.4257651083562226 -1.935960319785293
153 72.48998313726354 40.53567058848845 41.03121797293929 29.14406846139241 36.555664877619826 27.576678958350445 37.12787572927518 -26.429094555813418 1.5088933737810077 -1.552910781015798
154 72.70005391520839 41.92750505484987 43.640051422329215 28.27096363828937 37.30361774430615 27.273333333510326 37.49985977572837 -26.54753197091807 1.589329638590824 -1.1948098912544647
155 72.87710987318071 43.26046515249558 46.1469752370647 27.467918180720694 37.99739513593948 26.990036767003577 37.84943670558633 -26.650692871948085 1.6660277200223967 -0.8647550265138388
156 73.0269478418437 44.49747980817087 48.48590504838824 26.737805593293213 38.57590460115632 26.751942284070818 38.17892672301744 -26.73477603586777 1.739585591452433 -0.5661664574148702
157 73.15956523207738 45.63117594156753 50.740872222349786 26.058377218895185 39.19436601931836 26.511502250212345 38.484753173806304 -26.805207837548178 1.8048219567843613 -0.2976049563010074
158 73.27813088410981 46.64396394937026 52.860951208822 25.432521743252632 39.79433122873524 26.288970202980472 38.769920350658936 -26.86087665808345 1.8619865949820367 -0.06019747430335353
159 73.38503871009362 47.531668858344354 54.8372534068179 24.856614135422365 40.37507113504833 26.088338568596182 39.029626246709675 -26.9041945770227 1.9099280081106225 0.14786820747860804
160 73.48131640227912 48.295991712105824 56.66516585610553 24.326569039651865 40.93731818281169 25.910353231286642 39.26048436102946 -26.93788243437974 1.9478436969103812 0.32941806026510195
161 73.56657634945839 48.94178621655391 58.340501355011334 23.838913879993534 41.47899419731663 25.75435710700272 39.460713979632494 -26.964386261549734 1.9753647358849673 0.48774834575555026
162 73.63927229300897 49.47520123558355 59.85907574317484 23.391173310775862 41.99564305334938 25.618381527945203 39.63049483499923 -26.98570555644503 1.992627864827184 0.6264219174992572
163 73.69713799169969 49.902770017663464 61.21736738133191 22.98179250907093 42.48185405677502 25.499623371235565 39.772021039976146 -27.00343346006277 2.0003886178131904 0.7491902640101344
164 73.73775073611567 50.23114269657542 62.41351309276436 22.609704210948856 42.93293315051018 25.39499621956749 39.88940692458341 -27.01876929249622 2.000033218843856 0.8597593490045382
165 73.75903232320296 50.46682773540247 63.447792750926844 22.273867020270764 43.345748183838374 25.301510161196436 39.98849280283887 -27.032415766730722 1.9933429648266967 0.9614477433782628
166 73.75949377165854 50.61575403339769 64.32219414685773 21.97306516490852 43.7182223056861 25.216751624508234 40.07631990385767 -27.044491625347874 1.9820721978336342 1.0569611049300756
167 73.73822457533736 50.683029352083224 65.03966299012845 21.705988260532195 44.04834645681637 25.13941665258506 40.160258706589595 -27.05465248963286 1.9676128208352595 1.148454685051075
168 73.71773943254026 50.71114845825643 65.72453778063316 21.448063833783788 44.58913727863494 25.218440812509968 40.00334676942818 -27.11252468185368 1.9573134335874118 1.231603311561381
169 73.65237814026906 50.618994495939006 66.09222439975143 21.248099784361404 44.74012370463116 25.181747012046895 40.05297237538947 -27.11474061147453 1.9420970187210724 1.3180770944763813
170 73.56666594697415 50.468275143302115 66.37106448169654 21.072328785741817 44.9398513026671 25.147233445654678 40.11936877839689 -27.118580788267522 1.922641079848601 1.4070052015454733
171 73.46129945487945 50.257602491115804 66.51797586944615 20.926411204193307 45.06797803157299 25.113651347952427 40.21858331133801 -27.11990869106821 1.9022965660138558 1.4992994515471496
172 73.33956886316528 50.00150604171543 66.56922455249804 20.80628664211477 45.16991097162253 25.091971660658814 40.33954049361583 -27.121472821844392 1.8821335924918463 1.5959517599343331
173 73.20387197528129 49.71294500906479 66.54171402968373 20.711444612113226 45.246314509519536 25.08298622760555 40.48352540858388 -27.1249059546748 1.8634131127050566 1.697484479268922
174 73.05691132936276 49.40707611745919 66.45809348338246 20.641268025320283 45.31145439344898 25.086973448404606 40.64730382679251 -27.13188803715416 1.8476419282355514 1.803536593711924
175 72.90100476572705 49.09850853451682 66.33661937009514 20.59645548448384 45.37422528027784 25.102130492673 40.82589281970603 -27.143577772730588 1.8364457008320945 1.9129110965015677
176 72.73789905878412 48.800425996105524 66.19219807701114 20.57867368398354 45.442181142102804 25.12603130289918 41.011473541331874 -27.16031371194595 1.8313971209107918 2.024060587173522
177 72.56868180443843 48.52380981007564 66.03574729569888 20.59032114718396 45.52030216458556 25.155947850111065 41.194637976807634 -27.181519522769083 1.833876382463354 2.135722009082508
178 72.39401939280884 48.277482157712754 65.87494517950752 20.63394742192307 45.61172485975003 25.18906185250304 41.36530376385922 -27.205930460241017 1.8449313765097368 2.2468346122489704
179 72.21461755900495 48.06850882946084 65.7148378250204 20.711458734977548 45.71755039034781 25.222469979339376 41.51353312378817 -27.23204303971116 1.865094065803764 2.3558045243327195
180 72.03174090558046 47.90260128939126 65.55852742519365 20.82291490489363 45.836084081322106 25.253183490058234 41.630636532853266 -27.25857119883166 1.8942400366630934 2.4600881766158347
181 71.84758397372106 47.7844126402541 65.40836919385174 20.9648645512195 45.96251777462916 25.27808888604544 41.71059053118274 -27.284649457505694 1.9315877457449135 2.5565030545725094
182 71.66542432475266 47.71755941220695 65.26775630283161 21.12878622133591 46.0900987206804 25.293937380176715 41.7510745895417 -27.309740300062295 1.9757989627981152 2.6418489660520756
183 71.48955857429786 47.703934537647534 65.14238591599965 21.301000375200463 46.21183628785087 25.29739113912954 41.753957330068246 -27.333489867953944 2.0250890524769902 2.7134430087948416
184 71.324866027243 47.742273619298466 65.03980845322413 21.465115727178166 46.3219847006933 25.285001392448574 41.725129271432664 -27.355696881926672 2.077361453691271 2.7695422299472066
185 71.1759854623598 47.82691712977796 64.96761876021839 21.60600695292355 46.4174778403214 25.25316438315277 41.67312822523776 -27.37635877696859 2.1304160051182657 2.809681432057448
186 71.04650957942457 47.948049107606344 64.93185580744517 21.712779176344963 46.49862470794368 25.198473132467356 41.60699054533611 -27.395726615065918 2.1821819878172994 2.8347845489550325
187 70.93857171479569 48.09356652910698 64.93637558175196 21.779423495705576 46.56822838964313 25.118615898925192 41.53483297008393 -27.414315969770378 2.2308900117450285 2.8469749471134427
188 70.85285493406946 48.25138814505159 64.98285840086065 21.8039497773533 46.62983920897962 25.013386306811675 41.46371815253382 -27.432839075912423 2.275174090573845 2.8491980801728953
189 70.78882530967498 48.410958984602736 65.0709370146372 21.787351922128977 46.686317598747486 24.885308604194122 41.399952950248604 -27.45207859445726 2.314150490674585 2.8447941850341767
190 70.74493480666072 48.563539273358934 65.1980256613228 21.733214277438183 46.738942808528016 24.73963788597931 41.34897114320726 -27.472777374771308 2.3474900052597834 2.8371070629499466
191 70.71869846772817 48.70160475444139 65.35876688861254 21.647983895126774 46.78682083549876 24.58382204241305 41.31470031463676 -27.49558880685381 2.3754505529798906 2.829161345203137
192 70.70673532950134 48.81804846755951 65.54453859066169 21.541357893440832 46.82665224773843 24.42665522629107 41.29869071403658 -27.521031164069292 2.398842581949079 2.823433646106056
193 70.70489800537896 48.90586826865172 65.74369879053064 21.426135617219757 46.8533235702504 24.277114400307287 41.299342059530744 -27.549381835321658 2.418952749030347 2.8217695559271583
194 70.70855706229386 48.958753303553216 65.94280331947672 21.317178308439736 46.86142509712885 24.142933782894037 41.3115912968335 -27.580548073064 2.437452485317335 2.8254177196126893
195 70.7130117335869 48.972543503784124 66.12848369822021 21.22949452725607 46.84719461456163 24.029409302086727 41.327303235126735 -27.61398953717769 2.456254795505442 2.8350788054476204
196 70.71396221990938 48.946999525481814 66.28962794419944 21.175771734963913 46.81033186123421 23.93879094698826 41.33652277449203 -27.6487259158657 2.477290822233883 2.85094426619238
197 70.70799140448487 48.88699649880572 66.41933373929912 21.163983139786286 46.75485796477434 23.870194822490404 41.32968411693485 -27.683443259358157 2.5022560109594814 2.8727456364768753
198 70.6929607633641 48.80238639060102 66.51574603198738 21.195918149865097 46.68817736726614 23.820120659925085 41.30022942729249 -27.71669658064956 2.5323853119598083 2.899792586217795
199 70.6681858858055 48.70626262422592 66.5811063587709 21.267292788846014 46.618564078259276 23.783572178470553 41.24640942792789 -27.747130092278 2.568281705695427 2.9309982734109705
200 70.63430675962334 48.61220267636174 66.61952560069598 21.369389913667927 46.552665034969905 23.755195114725094 41.171410243837336 -27.773629036581 2.609829803797816 2.9649301899648313
201 70.59292138342575 48.53183704617952 66.63531697654352 21.4913206354101 46.494851476745104 23.730074048190847 41.08201703029465 -27.795422388015123 2.6562243205949527 2.999885861252024
202 70.54624315424725 48.47373335068845 66.63323967881298 21.621736730181112 46.44816258260052 23.704227054741875 40.986907021079446 -27.812174269864745 2.706079692306377 3.033975103338103
203 70.49691757011722 48.443267671486424 66.6196989172548 21.749674917349203 46.414700200261436 23.67460296963108 40.89549452796959 -27.824049175436752 2.757554888552547 3.0653715314343155
204 70.44777558453008 48.44260820725394 66.60291912445734 21.86524858896574 46.394927183314984 23.63864428669171 40.817079230697765 -27.831716916945346 2.808492695626598 3.0928778837484017
205 70.40140945058727 48.4706902013205 66.59173819882511 21.9606808545244 46.38733401956963 23.59397217399788 40.75962766241066 -27.836248916801804 2.856619385221255 3.1163418960836338
206 70.35980962592312 48.52361502987603 66.59416118688554 22.03128471288326 46.38920252008751 23.538577685826702 40.728272662478126 -27.838910355157875 2.899822129242693 3.136422654374068
207 70.32422496916975 48.59553507858252 66.61633844412952 22.075871595526447 46.39786112713108 23.471406620118117 40.724275988705344 -27.840927634591317 2.936481130709182 3.1540699525379416
208 70.29519132727118 48.67975878907979 66.66190023862424 22.096447485193924 46.411633004048554 23.392810136936582 40.74515329483104 -27.843271662494935 2.965765090534888 3.1702121692298006
209 70.2726500525507 48.76985462136022 66.7317826367868 22.097266532054668 46.430282726832495 23.304497632001247 40.78581463037222 -27.84645291175463 2.987754209524916 3.1856077682398296
210 70.25611522557884 48.86048486226192 66.82469543700377 22.083550422057115 46.45514751726141 23.209221248326163 40.83977959070399 -27.850388850666782 3.0033408812333846 3.2007250544277044
211 70.24489007597028 48.94772191591669 66.93780917407307 22.060374171123136 46.48879508331078 23.11042217628129 40.900020903224316 -27.854429015809437 3.013969716309662 3.215652236589475
212 70.23832769159863 49.028854273633634 67.06731453196906 22.03202515976269 46.53425547172614 23.01172138576864 40.95977203614101 -27.85752824069216 3.0213029005458387 3.230064425726772
213 70.23604226696365 49.10193257642066 67.20900432877801 22.00182031998159 46.59445193833234 22.916311007126826 41.013315687201846 -27.858525791458497 3.026892165728908 3.2432729069558413
214 70.23793886084397 49.165381392247696 67.35882214614693 21.972254840249168 46.671972350910046 22.826541706866948 41.05636468520796 -27.85648458356666 3.0319386015628242 3.2543693190516647
215 70.24403299074062 49.2178394138411 67.51302432325629 21.945320721682013 46.768570043194956 22.7437846359716 41.086018237673464 -27.850943858512046 3.037199765939744 3.262464677536469
216 70.25417680524727 49.2582190407413 67.6679549641962 21.922772902435568 46.88410204372375 22.668452203262127 41.10063022820492 -27.84199668466967 3.043052702515072 3.2669970728245805
217 70.26786076263866 49.286027119213145 67.81995718538028 21.90614169811083 47.01577766981873 22.60018181563566 41.09981569411948 -27.830292969669674 3.0496590065452605 3.26801457634647
218 70.28418137853582 49.30190515203471 67.96575167522488 21.896437262644156 47.15858743623588 22.538204441847462 41.08460744992383 -27.817009106165997 3.0571265167073296 3.266300098079573
219 70.30193719340424 49.30799917367753 68.1028701732256 21.893754662189842 47.30627752743714 22.481648222804616 41.05759786215421 -27.803637674018805 3.0655253866504406 3.2632281109426167
220 70.31976360591148 49.30776435571687 68.2297023730981 21.897109682018332 47.45208870472032 22.429559683358335 41.022738181934116 -27.791502558808187 3.074663660308089 3.2603323862987423
221 70.33626837172874 49.30536049068355 68.34540798165538 21.904577785340962 47.58965490267078 22.380905613551693 40.984635242765144 -27.781268598595293 3.0837979804848255 3.258813938005117
222 70.35018151354073 49.3051481828789 68.4501783329789 21.913535746412247 47.71432963576074 22.33479484156025 40.94765092204023 -27.77287632338623 3.091663115176445 3.2593563119640945
223 70.36050356518429 49.311457272103425 68.54572137614524 21.92085215869219 47.82406325235261 22.29064327226183 40.91526880204541 -27.765841677966428 3.096878615726266 3.262278399136331
224 70.36658911332762 49.32840268360963 68.63529397228146 21.923033542240972 47.918986218979924 22.248133207643505 40.88990922038285 -27.75949200573262 3.098367751179737 3.2677267313405927
225 70.36812673320594 49.35962837139887 68.72304661473056 21.91640499806766 48.00024517890285 22.207271936013175 40.873055158530065 -27.75304204649169 3.0955274803564947 3.275765959126055
226 70.36503099827995 49.40807792693458 68.81318068629325 21.897399108131168 48.069140650117795 22.168645354533524 40.86545288684103 -27.74570015250437 3.08818224338293 3.2864672038648255
227 70.35730087942106 49.47584268767052 68.90931906073243 21.86296940393946 48.12665021167016 22.13354943863481 40.86721841461624 -27.736855096632016 3.076438158627579 3.300044282024745
228 70.34491050267843 49.564046608380764 69.01403909233248 21.81104264614445 48.17303654085523 22.10382258487792 40.87778797482123 -27.72624586597511 3.0605463146066096 3.316946604021521
229 70.32777568246715 49.67277580068908 69.128587063205 21.74083828860868 48.207786813204464 22.0815525449286 40.89578586723953 -27.714029207477722 3.040847919774142 3.3378480920074924
230 70.30581012237434 49.801074832494706 69.25292391606565 21.652939402091402 48.22993713191345 22.068801368068005 40.91903142314483 -27.700732806483302 3.017798239460238 3.363576630042251
231 70.27902690789941 49.946971779319725 69.38600886006935 21.54921036557471 48.23832839660215 22.06735822958306 40.94483347673106 -27.68715139901888 2.992030069645399 3.3950272277563314
232 70.2476007741661 50.10749175674858 69.5260445316406 21.432757887905854 48.23168601255554 22.078618412112874 40.97040976401318 -27.674254478179243 2.9644070360763344 3.433057712098617
233 70.21186738632535 50.27867187765119 69.67049010247769 21.30793844874093 48.20870689504597 22.103696707514118 40.99321447076832 -27.66311325752834 2.9360088170347605 3.478369214487316
234 70.17226647005543 50.45559321000141 69.81584648762198 21.180311357217224 48.168286533736435 22.14376369903997 41.01113821422416 -27.654801133060534 2.9080409091779553 3.531399665112086
235 70.12920143599864 50.63240179546684 69.95724524734995 21.05661105191669 48.10980687897238 22.200491544404425 41.02259052502229 -27.65025172316614 2.881718532805137 3.5922581307444785
236 70.08282993028915 50.802350945750774 70.08798830257471 20.94479794124496 48.03330475799149 22.276412632638966 41.02648327377298 -27.65011201044473 2.858154975741799 3.6607036602494136
237 70.0328637703904 50.9578713285607 70.1992152941508 20.854074480085682 47.939246327853866 22.374921671148194 41.02222538771982 -27.654632254804646 2.8382391326325127 3.736163382792681
238 69.9784740899932 51.09056328290462 70.27942019367316 20.794735601502726 47.82701664234205 22.499653284807795 41.009923292395186 -27.66363077543067 2.8224999517353395 3.817753459157687
239 69.91838315985521 51.19123145851207 70.3139457535369 20.77774625107107 47.692420794427825 22.653317612436542 40.9907325848194 -27.676579575533072 2.8110156255563616 3.90423296163312
240 69.85113670379957 51.25024420806509 70.28536889307898 20.814079001216268 47.52651252894299 22.836537524321006 40.9668702079804 -27.692825849746686 2.8034348807216176 3.993870582657426
241 69.77544478504042 51.258239414095826 70.17500155339748 20.913997137305966 47.316903206117104 23.047243319458275 40.940840644582934 -27.71186299790059 2.7991225611440083 4.084289563561442
242 69.6904504687353 51.207008860386225 69.96470972140588 21.08635599938738 47.05025469396516 23.28096629710338 40.91393192721306 -27.73347710377431 2.7973761068518725 4.1723901224744875
243 69.59587078453163 51.09032122994943 69.63832460807095 21.33793438154123 46.71428298313992 23.531966685944873 40.88456378350405 -27.757670722752373 2.797597159476775 4.25440438504302
244 69.49204059133527 50.90439147434157 69.18257410482592 21.672944724359372 46.29889596224008 23.794420843829062 40.84729072865586 -27.78441651853962 2.7993212075022953 4.326101359302948
245 69.37982162786388 50.6479090071539 68.58775053706535 22.092890540026897 45.79697506244372 24.062903077888027 40.79296098609274 -27.813352927367973 2.8021352774048705 4.3831705601550155
246 69.23733938367981 50.30945793471756 67.86521923633474 22.620646895243297 45.42827656606467 24.532551688171832 40.49671378002404 -27.84061033168327 2.8042322769656733 4.426961236836242
247 69.11100586874737 49.91614686014756 66.98566676094714 23.206906701759177 44.771393199733964 24.821670677381885 40.34075191824352 -27.872210871076074 2.807640964483696 4.44394293894788
248 68.98093625839842 49.46242188186719 65.96606178847894 23.866953873687187 44.01959888762961 25.086530394790408 40.1485280921848 -27.902214572854746 2.8108855683171963 4.43737826748525
249 68.84754068827849 48.95473771745594 64.8173515122559 24.594361227105587 43.194181338405016 25.339735952147613 39.90243724463285 -27.92862268988489 2.813136357005771 4.406791353513658
250 68.71188812173251 48.40161346866837 63.553465467236705 25.38106366712577 42.30813500385144 25.581751540705962 39.60267891954362 -27.950109791049044 2.8135783122067464 4.352476658076313
251 68.57506654533357 47.812373934862855 62.19044437429808 26.218640936339998 41.3738392698724 25.81185830774087 39.255943731919494 -27.965997144762355 2.811136134751855 4.275441953359177
252 68.43764289841829 47.19585880762348 60.74413626060547 27.099878940365446 40.40350452378716 26.02882195868384 38.87230974551836 -27.97617170982812 2.804404614754592 4.177310060951684
253 68.2990864716783 46.55942041297195 59.22860031220849 28.020250421669335 39.40985628378016 26.2307283473597 38.46238102402606 -27.98092273906652 2.7917262734302484 4.060157730304642
254 68.15754487557986 45.9086408039994 57.65577157934334 28.978507132943996 38.406572590548215 26.414790917548494 38.035082798236985 -27.980813947319778 2.7714215691126065 3.9262642980712545
255 68.01010280067666 45.247701124621386 56.035980190919524 29.976126426041297 37.40806535665779 26.577511281650718 37.5966699363865 -27.976541479179293 2.742124669316271 3.777841532279342
256 67.84969940923341 44.57439818542194 54.32854658173574 31.025555210031158 36.32500116233783 26.745878882815266 37.12478324693687 -27.968166627602063 2.7020141319855537 3.6167041718919335
257 67.68009969033606 43.90299224715833 52.64029152101593 32.11092083650179 35.37314621976462 26.859560414694077 36.67319870179824 -27.95722866268445 2.6531461540434917 3.4442541824051305
258 67.49448506611404 43.2301954286559 50.928333340464754 33.24340764018739 34.462887584544056 26.94716274715087 36.21722812146822 -27.942983152702233 2.595302219431732 3.2610848004485105
259 67.28965836643087 42.55832621584715 49.19664576793542 34.42363279383223 33.60210043887723 27.01567073143944 35.75204412371964 -27.92498434037492 2.529584448305376 3.0671193698754347
260 67.06232059375105 41.88983648076397 47.44622388975205 35.651033740322596 32.79144803777431 27.073861982461096 35.27190834935872 -27.902494823067048 2.457282103917925 2.8618009484830416
261 66.80915162862208 41.22755068875853 45.6768707862833 36.923850875663774 32.02691580010956 27.13201300249797 34.769884667345515 -27.874653896001114 2.3796942562031003 2.6443435768352566
262 66.5270744539184 40.57479766510262 43.88890790544381 38.239120293261465 31.301197018231584 27.200283832430458 34.23957839347098 -27.840720429953308 2.2980011223549366 2.4140451403179224
263 66.21348223061574 39.93549257144556 42.08445526152781 39.5927056184655 30.605072671570625 27.28738889101762 33.67685651617705 -27.800299843110718 2.213139012758691 2.1705993299766764
264 65.86624866927723 39.31422950392669 40.267663926760676 40.97954943785436 29.928407564464205 27.400050652397812 33.08087974192827 -27.75348840033876 2.1256394861756838 1.914289852318102
265 65.48354216506876 38.71633973678743 38.444105350985396 42.394216999569316 29.260843969571898 27.543312655294372 32.45415298817638 -27.70091757642156 2.0354789537553204 1.6460430963750061
266 65.06367232132156 38.14784099283145 36.62007268804673 43.83144922965764 28.59242632271952 27.72148875163172 31.802048606719527 -27.64374788277315 1.9420492266263614 1.3674017265654541
267 64.60516956697757 37.615306137291626 34.80236007108748 45.286302717990175 27.914475859773287 27.93927106774697 31.132318132483782 -27.583629720434555 1.8443064535042006 1.080461307257652
268 64.10705475842076 37.12571777654773 32.99857268979644 46.753819002153406 27.220919558726735 28.201880692419483 30.454634091642586 -27.522526578682925 1.7410819227642194 0.787774354515185
269 63.56914565129556 36.68618090227584 31.21755137281006 48.228534217468756 26.509501085027978 28.513412142261213 29.780340745963866 -27.462363633229376 1.631473680081087 0.4922329963691585
270 62.99227970214412 36.3032666548711 29.469228046624583 49.704224322382665 25.781532518176046 28.87426198233743 29.122514467745393 -27.404689572710275 1.5151475393857217 0.19693323971326918
271 62.378254986586185 35.9821120730326 27.763540444126164 51.174259799733385 25.03964248606547 29.279668897799823 28.495512059475868 -27.35053806756572 1.3923990187591118 -0.09498372697380769
272 61.729306933374794 35.7257267911337 26.108845259222985 52.63268687093847 24.285061943221148 29.72059546512973 27.913144657133213 -27.30043982673351 1.2640143159702364 -0.3804491604013593
273 61.04732352685295 35.534719656944354 24.510642593096232 54.075640627208344 23.51655448178225 30.1866217247874 27.38573182319636 -27.25450901564974 1.1310566682477308 -0.6565064623753006
274 60.33335133502704 35.40721300869664 22.971068319734755 55.50237481496922 22.731398307258765 30.669379808474496 26.91712930729502 -27.212718810028907 0.9946281041813005 -0.9203654982169763
275 59.587757862299 35.33864725355455 21.48922949670434 56.915275325851084 21.927500293559252 31.164653465631115 26.503235716030364 -27.175325356974653 0.8556624445164621 -1.1695965434840818
276 58.8109092704355 35.321543120359564 20.062140773255937 58.3186849142417 21.10558025789766 31.6720736790774 26.1330675938068 -27.143037455328212 0.714891933739558 -1.402522017841749
277 58.00394145004278 35.34563090741951 18.685723928304412 59.71698538029511 20.270435432748762 32.193082820328264 25.791913418436792 -27.11673245914586 0.5730459332808543 -1.618665944098239
278 57.16924565895973 35.3986528553222 17.355460425863562 61.11275750672997 19.43056721486007 32.728766576561036 25.46507902483385 -27.09699317036508 0.4311327059070627 -1.8189596356830293
279 56.31040791293032 35.46770426303876 16.066614724681283 62.50588482722871 18.596084019401825 33.27856612088817 25.140956435829306 -27.08375811188267 0.2905914400491093 -2.005531672718553
280 55.431578280977114 35.540741904585694 14.814199748938751 63.89398344039591 17.77584232213289 33.840142472691426 24.81249608685214 -27.076245174076433 0.15321683372215794 -2.181126157822445
281 54.53669309934429 35.60797849152023 13.593164994793668 65.27355265456629 16.975788113310205 34.41026384398257 24.476940422439927 -27.073267336206868 0.02092336336154948 -2.348382941222966
282 53.629124975355225 35.662780121809384 12.399194895512686 66.64081805131767 16.200137027386624 34.98600279507568 24.134632946487947 -27.073785777854695 -0.10449590854573791 -2.509316830000462
283 52.711899027066096 35.7015768515548 11.229840269957995 67.99183373135457 15.454870407573576 35.565168745842264 23.787880166442648 -27.07731701128245 -0.22149826393052144 -2.6650952697206574
284 51.7881417966321 35.72281652209546 10.08518669187689 69.32219539334879 14.750281550887783 36.145346716117494 23.440702208589833 -27.08402929447481 -0.3288058451617098 -2.8160022552801482
285 50.861344715922414 35.72570082219581 8.967428556654612 70.62697150141774 14.099365600962853 36.72241390335224 23.099232426994377 -27.094619945650752 -0.4254029876856868 -2.961672217272356
286 49.9352613756311 35.709415213165705 7.879648251475677 71.90102402941473 13.513400125329493 37.29013462668295 22.77122162877636 -27.109991530422338 -0.5105590515629714 -3.1016656581607283
287 49.01358751389384 35.67286530820926 6.824658177131611 73.13942940617606 12.998902089737957 37.84103962345276 22.464399208255596 -27.130699024904146 -0.5838103598162669 -3.236051653497996
288 48.099718709183 35.61464148836319 5.80423744674697 74.3378503213731 12.55725225922657 38.36809279957124 22.185158941001603 -27.1565013845483 -0.6449049916928628 -3.3656749978072766
289 47.19676360617577 35.53319342166913 4.818763464173099 75.4928473916412 12.185758427421087 38.86668905370119 21.938015427153516 -27.186518195608013 -0.6938092054417176 -3.4921559029460614
290 46.30770836141973 35.427095768674285 3.8672715916306664 76.60197710475684 11.87916986479723 39.33563463795292 21.72515572021579 -27.219809470273024 -0.7307585770757747 -3.617587597338653
291 45.435476161721816 35.295131679521994 2.947834122761187 77.66362226109698 11.630932264695366 39.776323038367806 21.546214550027702 -27.255739493838497 -0.756230255639511 -3.743791840090482
292 44.58283181919445 35.13630376492908 2.058214607287421 78.6767006011218 11.434024322378171 40.19102579425326 21.39898702314254 -27.294032605024295 -0.770846099883646 -3.871591638577575
293 43.75228270858066 34.950030308115004 1.1966168765448943 79.64039380818714 11.281650722956847 40.58142996903547 21.280821456217897 -27.334704921765628 -0.7753138315973986 -4.000734030793336
294 42.94603905992996 34.73646861336709 0.3620325113834653 80.55398749660178 11.16768852872405 40.94800018822541 21.18927407418912 -27.377772698188917 -0.7703941631991422 -4.130278077842538
295 42.16602416328031 34.49676011503819 -0.44597005264166684 81.4168367007386 11.08661493131319 41.289955162034914 21.12163170107892 -27.422782708648285 -0.7568325227832872 -4.258994434926441
296 41.41397293356733 34.23296851423755 -1.227641842702126 82.22835681437279 11.033117727433204 41.60503575609234 21.074784705595842 -27.468518295433977 -0.7353005683088288 -4.385734164747615
297 40.691612825697895 33.947634957686404 -1.9832510790242512 82.98795854636239 11.002178393473187 41.889276704107914 21.045760906336955 -27.51318054675428 -0.7064404473617566 -4.5098060539001485
298 40.00079883732535 33.64331950183443 -2.7130621621620086 83.69501113922752 10.989678785507415 42.13769197606465 21.031752857426373 -27.554968035182828 -0.6710038399742166 -4.631354332718503
299 39.34347430979999 33.32257856206624 -3.417363373114953 84.34894117527789 10.992351535671553 42.34555952788036 21.029932513729584 -27.59259170650612 -0.6299614096430624 -4.751712858834498
300 38.72148498455001 32.98829936538551 -4.096666637474179 84.94936009251849 11.006978018184883 42.509537982493804 21.03778301026798 -27.625406561856888 -0.5844903535893838 -4.873444066755527
301 38.136380645778225 32.64393244306269 -4.751921098350568 85.49606021987184 11.030093757971768 42.62861123061711 21.053325743157515 -27.653315323445135 -0.5358697081059484 -4.999662085187793
302 37.58929120083958 32.29339406833962 -5.3845800083364255 85.98894553938507 11.058323758815794 42.704903995407726 21.07485163876509 -27.676700637726 -0.48538683988523923 -5.1329090324781905
303 37.080860483942715 31.94077118850904 -5.996483334414601 86.42804136056637 11.08860577187407 42.743929620015955 21.100643194372978 -27.696330586378203 -0.43431082713422764 -5.274430991704587
304 36.611156606225684 31.590004004507065 -6.589535669478364 86.81361317723454 11.118489813409484 42.75379753647883 21.128932001154514 -27.713063913993754 -0.3838650614590145 -5.424143774233224
305 36.1795240443498 31.24463231260737 -7.165228342945806 87.14640618858212 11.146728143171384 42.743475464887595 21.158110935471687 -27.72748214177746 -0.3351190733293299 -5.580894802923262
306 35.78448334760644 30.907675706844728 -7.724249369455641 87.42795160755169 11.173445296778752 42.72094305563475 21.187206531128727 -27.73977241383125 -0.288835803220356 -5.742708366528246
307 35.42383211998225 30.5816585194286 -8.266387550653203 87.66069305622827 11.19976450338694 42.69225084643601 21.216111610078485 -27.749983957007373 -0.2453635571500501 -5.9069741864513805
308 35.095005262538734 30.26867920038134 -8.790719564455191 87.84773682419976 11.22752435095872 42.66159356550563 21.245317797524645 -27.758483127403373 -0.20460729888726972 -6.070677714893869
309 34.79557213420022 29.970429897742346 -9.29597374246075 87.99235439113495 11.258929924793035 42.63155353332793 21.27590151710698 -27.766278027014252 -0.16612615494870586 -6.230781444825795
310 34.52356014549872 29.68816331884622 -9.780875653961774 88.09754549150038 11.295946298780516 42.603054814962775 21.310109426012787 -27.774897007576612 -0.12935967555991282 -6.384649344407757
311 34.277412178924976 29.42264897369479 -10.24431998938196 88.16587273384003 11.34011463374818 42.57535403715335 21.351686930341973 -27.78582135537998 -0.0937601580072874 -6.530265775297932
312 34.05572837349429 29.174184232762084 -10.685421342870075 88.19960556352498 11.392897249317452 42.54638056115965 21.405302307922565 -27.79991306414251 -0.05871387060255155 -6.6662142403567115
313 33.85702885076808 28.942702907982902 -11.103507801329496 88.2010579724141 11.455853011644283 42.51339537642968 21.47540968252833 -27.817245407873568 -0.023477860568626878 -6.791596530846675
314 33.67964764350979 28.72790808395177 -11.498048522137623 88.17288181412489 11.53035871105597 42.47365344345199 21.5652862182477 -27.837300400391356 0.01274009100907721 -6.905990707847564
315 33.52177359373482 28.52930884997266 -11.8685671142404 88.11810320821371 11.61702787439947 42.42480487430354 21.676633596687655 -27.85926367953946 0.05066446165561047 -7.009404502046362
316 33.37767054549432 28.345611252523987 -12.19732117359144 88.03430398998083 11.74347522840233 42.32940041984752 21.784827870030227 -27.88306979138882 0.08492896094375102 -7.0991716776168285
317 33.253510606191334 28.176700134663687 -12.518832327278929 87.9358955234891 11.849091135975147 42.25747791158167 21.939155147116296 -27.906397096324376 0.12766694763818975 -7.1819604392086775
318 33.08288770484908 28.023989603601986 -12.869269266886656 87.86385954412566 11.619474008345044 42.05839095818736 21.934948639649853 -27.876466925307316 0.16327381227510396 -7.244428881114705
319 32.98457964090551 27.88000696268645 -13.120482667551295 87.72827212053079 11.798207668824734 41.96718828307976 22.07860205919209 -27.90007536429334 0.20724816660715692 -7.306332826048647
320 32.90075521764688 27.74435584016294 -13.367126245787775 87.5851051767441 11.917715917380187 41.8915819377895 22.267465683308757 -27.920104986619993 0.25912809370202655 -7.362563001410208
321 32.82609377479975 27.617458977982647 -13.584060119109752 87.4312762636778 12.07185690448683 41.82789626880638 22.43953408808946 -27.939352686648093 0.314834621599076 -7.410417297310733
322 32.75847845257612 27.496427479453242 -13.778451637858632 87.27187042942842 12.219110446706107 41.76877490420781 22.603079163539416 -27.956292342953017 0.37353214372900106 -7.450652042057821
323 32.69594331836392 27.379716308961047 -13.95017054968356 87.10829799402504 12.363001070748023 41.71412943266576 22.751472674285417 -27.971046703219315 0.43460837033772337 -7.483665352148963
324 32.63677563911402 27.265409721941133 -14.101523704321792 86.94184536348538 12.496619012442357 41.66437407976622 22.884324927791994 -27.98371383990003 0.49726091338122114 -7.51005180730242
325 32.5793975035592 27.151750858102623 -14.234530353556824 86.77262176841583 12.616743602354022 41.62026938709346 23.001361253989003 -27.994363243824967 0.5605706852034741 -7.530520039181632
326 32.52246399988895 27.037028301730622 -14.351610328136319 86.59999752926383 12.719432666398873 41.58213951213924 23.10449958973406 -28.002817800652114 0.6236715011054841 -7.54597936381323
327 32.46479640722107 26.91966166611596 -14.455198183099055 86.42290638937763 12.801169571302577 41.549969760387796 23.197132451319334 -28.008661784290013 0.6859124973556113 -7.557386759167716
328 32.40531045008627 26.7982263487206 -14.547509298621112 86.24026345626999 12.859035220589881 41.52351958925827 23.283497643334623 -28.011405928683995 0.7469336262703679 -7.565511097107575
329 32.34302867964595 26.6714856928854 -14.630300161562783 86.0512348950822 12.89149813241539 41.50243570847145 23.367560418390077 -28.010686681033484 0.8066817567020448 -7.5707831091602715
330 32.27716949300013 26.538348576369955 -14.70481698141129 85.85536571191835 12.898916472917403 41.486167578916444 23.452120930306187 -28.006321411013204 0.8653711366983814 -7.573336920835416
331 32.20723243686509 26.39776619377005 -14.771892795393361 85.65259711559432 12.883507998725507 41.473868216933845 23.538407050905295 -27.99820823826887 0.9233973291443605 -7.573208681069292
332 32.13304129406803 26.24871499522757 -14.832116895711641 85.44320988344303 12.848770707424364 41.46455852385565 23.626133083750943 -27.986210579828427 0.9812528603699393 -7.570563132785885
333 32.05473869501995 26.09033602729868 -14.886013484642962 85.2277250621633 12.798495662767959 41.45747603031037 23.71397105865801 -27.970119298392333 1.039467741167794 -7.565811653826023
334 31.972752264541274 25.92215060919804 -14.934187968018703 85.00683499472746 12.735540606058832 41.452382594736676 23.800341080325243 -27.949689107988892 1.0985640466972364 -7.559602115453112
335 31.887724723239977 25.744214864572303 -14.977307272180436 84.7814462305529 12.660955152902815 41.44964604604277 23.884195780010682 -27.92471973662093 1.1590253439308533 -7.55271040870752
336 31.800360362975642 25.55714266697639 -15.015782040298351 84.55282991533527 12.574120871085142 41.45010946232906 23.965330301902846 -27.8951369674999 1.221289687746907 -7.545833076502224
337 31.711238026503153 25.362039939787323 -15.049271544721341 84.32278855729659 12.474041644780383 41.4548793179773 24.04388979848342 -27.86102896456553 1.2857676462062255 -7.539375272400231
338 31.620756417948044 25.16035544089728 -15.07636325929921 84.09375267484825 12.361110740465282 41.46475694404557 24.119482722395883 -27.822650955941178 1.3528575444825235 -7.533405549871822
339 31.529270570182835 24.95365377714785 -15.094670270233317 83.86871880409909 12.238425662739212 41.47917728856172 24.19080294903768 -27.78041273328976 1.422927151682775 -7.527789884724345
340 31.437288369065882 24.743463421461026 -15.101303309912254 83.65096882977991 12.112185309439045 41.49542211290633 24.25609818758467 -27.734793229804495 1.4962742479171038 -7.522363766944597
341 31.345627758924895 24.531288054953077 -15.093556131330288 83.44368131879298 11.990952928934764 41.50877869281566 24.314106111253775 -27.686212846009344 1.5730593386839415 -7.517082008427907
342 31.255551781899527 24.31873094536514 -15.069644877019913 83.24961237562717 11.88418365277413 41.51341096521256 24.364777902147395 -27.635005031304917 1.6532002213195331 -7.512168116283213
343 31.168836108166744 24.107716755859954 -15.029340361099813 83.07087593984357 11.800762665327133 41.50358948253356 24.40935329354441 -27.58149052910725 1.7363022290161918 -7.508203972584648
344 31.08765313082925 23.900691272301703 -14.974303168796524 82.90874028176043 11.747664373461173 41.47514689652438 24.450009187332356 -27.52602627863797 1.8216561584469564 -7.506075814628353
345 31.0142690248718 23.700565132781076 -14.907949546859253 82.7633952063114 11.7289437900381 41.42668024625439 24.489395887643152 -27.468973132462725 1.9082416229017098 -7.506806949285026
346 30.950683603393372 23.510387900875855 -14.834873764953699 82.63377424079361 11.745446966408378 41.35981903703921 24.530087767264376 -27.410602050869816 1.9947510751886297 -7.511362416854482
347 30.898345134477065 23.332942889728027 -14.760025669877093 82.51758876333066 11.795136334528145 41.2783650601004 24.574008555471583 -27.35098302821121 2.0797070981321184 -7.52047510654355
348 30.85799484529899 23.170418145481857 -14.687907788154673 82.41166338140468 11.873761917286464 41.18671495971061 24.62194766269077 -27.289949883171875 2.161658420501849 -7.534524424894137
349 30.829645407351055 23.024239265515604 -14.622102349717286 82.31250754630922 11.97546351364593 41.08838402099213 24.67329955001798 -27.22721751781354 2.239371344412822 -7.553489504421462
350 30.812674706103092 22.895060290536883 -14.56523521902056 82.21689951036157 12.093093617019864 40.985447928689965 24.72618094441279 -27.162590718770232 2.3119460812948676 -7.576962502063674
351 30.80597327582467 22.782834807105953 -14.519137339319615 82.1222679592873 12.218675164051206 40.87902812878264 24.77789197026028 -27.096128053488158 2.378832914348286 -7.604180679952228
352 30.80808773775038 22.686914577421316 -14.484937810561538 82.02684959741744 12.344242284320462 40.77018281500293 24.82549181639617 -27.028195443013 2.4397649723702672 -7.634069226246233
353 30.81737404168976 22.606151032983373 -14.463051842327447 81.92969803431367 12.462823554552282 40.66050928287499 24.8662832349759 -26.959412998609565 2.4946554767538056 -7.665341751142307
354 30.83220456872394 22.538969924146368 -14.453151739356594 81.83055415554323 12.569333431670861 40.55219944821627 24.898142744243632 -26.8905410906367 2.5435093818600896 -7.69669153111046
355 30.851206402702953 22.483428388664375 -14.454229341205533 81.72958796856354 12.661019510131535 40.44764934383223 24.919731155676452 -26.8223669903037 2.5863728926874168 -7.7270232797728005
356 30.873416606224747 22.437327239155735 -14.464821937366892 81.62711277998349 12.73711465609867 40.34895538878978 24.930578627004124 -26.755583012549266 2.6233299051970644 -7.755621580060289
357 30.898250509432714 22.398442411334646 -14.48329273270969 81.52341446484832 12.798033410345028 40.25768406972724 24.93105499145467 -26.690637163686628 2.6545449510260286 -7.782172636698123
358 30.9253068926772 22.364846320917188 -14.507994405782544 81.4187833395846 12.844684592649106 40.174982519811564 24.92232391285801 -26.627647094031452 2.680322513464296 -7.8066436635622205
359 30.95414390528553 22.33518543737647 -14.537341637630272 81.31370665973594 12.877977449920364 40.10175948882806 24.9062980115932 -26.56647142677455 2.701132057178998 -7.829131598236743
360 30.984132743501384 22.308772420549488 -14.569881231812161 81.20909462725163 12.898565218171106 40.038732056496755 24.885504673483414 -26.506901960639915 2.7175705477480503 -7.849768405630709
361 31.014401594871305 22.285474091217843 -14.604343437130952 81.10642025593121 12.907043329311007 39.98640375523852 24.862741377212995 -26.4488586153058 2.7302805760582265 -7.868663048706944
362 31.043876830507596 22.26548148398944 -14.63965137512923 81.00764996509545 12.904589327218615 39.9450712082439 24.84040606257856 -26.39248070981011 2.739873134377585 -7.885881280961986
363 31.071469486645153 22.24903275973583 -14.674897856707863 80.91485281861812 12.893707539163708 39.91477275126737 24.819618185968746 -26.338100299525177 2.7469000918994713 -7.9015169328096135
364 31.09639836648779 22.23613342293581 -14.7093478061079 80.8295418888851 12.878426545401066 39.89511144242693 24.799661567050354 -26.286158559381033 2.75188589139828 -7.915832382388026
365 31.118508138939887 22.226361829646187 -14.742559972378187 80.75207907563512 12.863358652753705 39.885081371775726 24.778389140815534 -26.23709287223727 2.7553832465247328 -7.929361848467025
366 31.138383469974066 22.21886068789577 -14.774580015566672 80.68152158695518 12.8520322837989 39.883069456051224 24.753552892769953 -26.19119331428673 2.758001301613261 -7.942907390133606
367 31.15717981397156 22.21251192692959 -14.806027290998815 80.61595086381804 12.845730600456182 39.8870482342195 24.724125944223438 -26.148457228563313 2.760379155199377 -7.957441921234593
368 31.176272890141238 22.206177552588 -14.837988039436441 80.5530044094298 12.843460298269322 39.894836090736796 24.69077132025268 -26.10851077728681 2.763109992707122 -7.973942995139874
369 31.19689239524297 22.198881205382477 -14.871740215496022 80.4903382504996 12.842807715831219 39.90436211049602 24.65547089571347 -26.070656658752863 2.7666532640003076 -7.993170754403229
370 31.21986110661255 22.189870128976604 -14.908389811562516 80.42593629183162 12.841207193878077 39.91392426022261 24.62078481067352 -26.0340172623386 2.771293593532389 -8.015461072776151
371 31.24548625730408 22.17858709170734 -14.948537267664095 80.35831226492814 12.837022006528054 39.92236304244327 24.589085483553067 -25.997721828796273 2.777161140890681 -8.040622624283587
372 31.273587607420296 22.164634634485427 -14.992062288292926 80.28662773783194 12.830019127012289 39.92909328536286 24.561965117531713 -25.961131822334146 2.784261124976382 -8.067963463534351
373 31.303630115293263 22.147752480432384 -15.0380866558638 80.2106772611635 12.821336546130045 39.933977430096114 24.540004086699653 -25.924036453976587 2.792470608985801 -8.096433848346948
374 31.33492859365191 22.127771755928848 -15.085151317453773 80.13072442409432 12.813182205364356 39.93705568388729 24.52291983342523 -25.88671037697475 2.8015098021444844 -8.124857081293714
375 31.366866877046665 22.104569027267576 -15.131570380517038 80.0472590246984 12.808300381084196 39.93834386757664 24.509812927059833 -25.84982416887943 2.8109075655321387 -8.152194250891595
376 31.39905632095167 22.078080373958098 -15.17584887678606 79.9607642047648 12.809302575586802 39.937901949289476 24.499259341857076 -25.81425806763574 2.8199988526034687 -8.177765069125481
377 31.43137757174631 22.04837545323037 -15.216962052432207 79.87158605714346 12.818241239984026 39.935933139209965 24.489361616263118 -25.780860408074 2.8280138435239794 -8.201329539681332
378 31.463893145963823 22.015748385319057 -15.254330164692464 79.77995501299675 12.836689509665462 39.93261406291322 24.477913501285194 -25.750221749777715 2.8342492291700525 -8.222982857970342
379 31.496694082017758 21.980790512804585 -15.287604197785274 79.68606891686754 12.866038990488478 39.927868931162806 24.46258431581405 -25.722546174789546 2.8382278949194375 -8.242952835781837
380 31.529807454101658 21.94440018864058 -15.316552396157162 79.59011091238455 12.907492942237777 39.921358329654886 24.441097322124158 -25.69763725532857 2.839782139914542 -8.261475114250887
381 31.563231592348462 21.907678167912746 -15.341165195286278 79.49220435165975 12.961594623482156 39.91250834072611 24.411522848445795 -25.67496413302095 2.839057590892572 -8.278830158786837
382 31.59704103376609 21.871729767468484 -15.361874028076011 79.39237095980585 13.027631750899607 39.90044392101043 24.372618998998696 -25.65377109185545 2.8364563231209825 -8.295456550689323
383 31.63147549848729 21.837486830692917 -15.37973421238503 79.29050569974586 13.103496493295951 39.88406018899895 24.323954572371008 -25.633198979442923 2.832526488495967 -8.31202223089034
384 31.66696167251756 21.805654637231914 -15.396436301835426 79.18640247548072 13.186261971061233 39.86228716095734 24.265643518247465 -25.612412194851906 2.8277905208191907 -8.329414898881366
385 31.704030123952748 21.776789220099722 -15.414033700198427 79.07989809181154 13.273191646018734 39.834237158819676 24.197770675513983 -25.59073617642414 2.8225550049790726 -8.348640058784484
386 31.74314696168985 21.751415533695212 -15.434392649180472 78.97109068139325 13.362950613618287 39.799002629283805 24.11972564762787 -25.567764458818313 2.816802293988923 -8.370652458285928
387 31.784557430796323 21.73009409437111 -15.45854699665454 78.86050317575054 13.456916483164155 39.75509089549875 24.02970023999663 -25.543408856626872 2.8102037872239913 -8.396214015632625
388 31.828210605681246 21.71343367764519 -15.486234553001918 78.74914565833343 13.559995478977553 39.699635393980074 23.92462366063683 -25.517901834585842 2.8022163583934283 -8.425832041781565
389 31.873747933602704 21.70211251267483 -15.51578777358375 78.63853822328959 13.68036881611982 39.62762260249168 23.800575988460363 -25.49170102914216 2.792235584527024 -8.45975807845231
390 31.920526544460703 21.69692692150405 -15.544305202565008 78.53073230786968 13.828467732954334 39.53133208122697 23.653394471628197 -25.46530759581182 2.779766217695451 -8.49803893551449
391 31.967706934493336 21.698814504197294 -15.567935445084355 78.42825762512932 14.015804331485318 39.4000973283195 23.47927455723016 -25.439155603151775 2.7645375114686135 -8.540643227485202
392 32.01443306617186 21.70882925713723 -15.582193793882958 78.33391211940604 14.25386978571208 39.220398279499356 23.275495586311678 -25.413641817126983 2.746552799801677 -8.587656294619888
393 32.060034001816604 21.72814243905502 -15.582240931027535 78.25045515966298 14.553055075823748 38.97619185822545 23.041390081501522 -25.38922090658957 2.7261118985210024 -8.63944731566286
394 32.11964347294856 21.751176463250957 -15.584113452082763 78.18246668715345 14.747993757240941 38.56395370547464 22.87606362630808 -25.387535350019046 2.7067531998652736 -8.699653033895002
395 32.16418212182044 21.79132332810588 -15.547970033803521 78.12908620570978 15.125259678385419 38.09217895009971 22.636637101507613 -25.368719420457357 2.683409610877283 -8.764297380225614
396 32.20691930598131 21.845841127235456 -15.483195227776626 78.09315072200278 15.576972512428178 37.499865589914 22.383084080806196 -25.35260766856311 2.659744620128918 -8.836710482424168
397 32.2491207189532 21.91850538020252 -15.371555853275819 78.06965467001302 16.139525276331458 36.71012821330395 22.14428094962393 -25.339110398895954 2.6383139928170274 -8.91880014541193
398 32.28710295142005 22.00885732318065 -15.236733504372335 78.07432470678057 16.71193979863564 35.803949725007215 21.915305072547383 -25.32860677196707 2.616163562323248 -9.011117054074493
399 32.31981639368202 22.121312526118807 -15.063339606418173 78.10471110906639 17.327256975380006 34.74152865021704 21.706078170739744 -25.319801244856603 2.5952303166575925 -9.115026419161465
400 32.34423577403847 22.258513021070343 -14.849679800471762 78.16526781554832 17.96834038563607 33.53052124372303 21.523225649463495 -25.31153444573945 2.575401418063785 -9.231344780198333
401 32.35653392406673 22.422908073865162 -14.595065909238606 78.26100134665602 18.618969089075485 32.19420307287932 21.367796063413838 -25.30269303472657 2.5561778841748994 -9.360568628274688
402 32.352494378199665 22.616517165445618 -14.300108180894897 78.39681047871541 19.263602380427535 30.770099530902236 21.238036885369706 -25.292442874451257 2.5365832216891584 -9.502860786429537
403 32.32794252638341 22.840723279077025 -13.966365199083679 78.57654844507638 19.889136374586315 29.30678024012455 21.131124386689116 -25.28029912454345 2.5151656056474367 -9.657950869934687
404 32.27914739743335 23.09608586938126 -13.595699359914361 78.80212428382853 20.486567555254084 27.857332388147725 21.044752912429303 -25.266060753495193 2.4900883786513837 -9.824998885141525
405 32.203113268511686 23.382339558128063 -13.189747000517258 79.07299969674301 21.05173453010142 26.4711243076493 20.978070136255557 -25.249714468718107 2.459296133780792 -10.002490528096526
406 32.097708106183106 23.698609368733976 -12.749696046601747 79.38619385340567 21.584853308682142 25.186504249843846 20.9317796738765 -25.231392966653104 2.42069766563918 -10.18830383791303
407 31.961632938379747 24.04369735198227 -12.276296153335686 79.73662271760115 22.089619747074302 24.026796056726347 20.907404339081108 -25.211403076825388 2.3723362705369944 -10.38005764171254
408 31.794259806682483 24.416324899657848 -11.770024404400342 80.11760320182171 22.572229939823995 23.000262968354797 20.90625111273349 -25.190255409669962 2.3125815617087078 -10.575609521961214
409 31.595376358128988 24.815350356273562 -11.231352402955535 80.52148966812273 23.040048955668993 22.10306793718012 20.928721619473826 -25.168646118700906 2.2403037064903266 -10.773392696513612
410 31.36491851694544 25.2400411648345 -10.661005495264654 80.94043419213565 23.50021914202668 21.323681155604106 20.973979147987645 -25.147428974974353 2.1549452694860323 -10.972441592201381
411 31.102777424691695 25.69034921224768 -10.060163844290743 81.36715748068289 23.95877271660223 20.64745284312117 21.03975003561334 -25.12760872803456 2.0565409113721165 -11.172219526577168
412 30.808680471522056 26.166993641359923 -9.430684388893523 81.79554794079016 24.420294874787285 20.060671083727243 21.12233583421232 -25.11026163498669 1.9457477241200847 -11.372437190638596
413 30.482071740825795 26.671251330719137 -8.775315994828025 82.22098597183813 24.888096183594087 19.553532701620746 21.217005554825548 -25.09625143415879 1.8237856086445574 -11.572957678580105
414 30.121966311078346 27.204510213265344 -8.097668128998022 82.64044875858129 25.364920107348883 19.121107084228488 21.318701902537246 -25.085836129196988 1.692204543878564 -11.773731857447792
415 29.726855848163723 27.767659904986886 -7.4018525749989355 83.05248828109907 25.853852427043314 18.761954418694053 21.422699087316825 -25.078429347071094 1.552532955607433 -11.97470346416348
416 29.294745450601543 28.360480105429367 -6.692029850848307 83.45702103134212 26.359227627991817 18.475601093179534 21.524892003612504 -25.072640614496322 1.4058952236854247 -12.175728851913872
417 28.823306786119158 28.981306197267692 -5.972006733922044 83.85482318918217 26.887798799898516 18.260545546557573 21.622002977393358 -25.06652920459765 1.2527147326344805 -12.376514047299008
418 28.31008561405061 29.627093059985217 -5.2448651780970525 84.24686833395016 27.449787371409283 18.113281573758783 21.71224339803358 -25.0579594798424 1.092640997949898 -12.576528864935934
419 27.75277668163667 30.29382113556783 -4.5127425491048285 84.6338112510917 28.058612870543854 18.02814033061919 21.79614641522689 -25.04509367845028 0.9248822358102975 -12.774927360899618
420 27.149551187232 30.977140580714607 -3.7770084567077444 85.01577522273332 28.728798152029412 17.998448695577583 21.876686542209537 -25.027035180464893 0.748955170367244 -12.970533490929862
421 26.499184495962883 31.67288735477303 -3.0389278374182 85.39237102085146 29.472696458100188 18.019110168475702 21.958567081353376 -25.004127280974956 0.5651988855194855 -13.161947489069961
422 25.800827560488017 32.3771608986902 -2.30051210925912 85.76278675756636 30.29731152724765 18.088904617879244 22.04738607622071 -24.977514511051467 0.37449578441555564 -13.347762338449446
423 25.05369417552046 33.08618846002819 -1.5650614058952081 86.12586645557167 31.20249139100438 18.2106926719008 22.148869938496528 -24.948453999147425 0.17771467838024388 -13.526773503280074
424 24.256961030477346 33.79622645018411 -0.8372392558335422 86.48018105279212 32.180734603676285 18.389717476644226 22.267696205498797 -24.917878888383722 -0.024531148758885565 -13.698115311860787
425 23.4099213455384 34.50344459483896 -0.12283677124990518 86.82406605183283 33.21796667990691 18.631475096994237 22.40596370882946 -24.886175135794552 -0.23190623032186097 -13.861361366666824
426 22.512301892619263 35.203812327166 0.5716901334663336 87.15558886853596 34.29498506916582 18.93984022237462 22.562141290767833 -24.85315190288009 -0.44432950294016643 -14.016562111641765
427 21.56456622932941 35.89314438158254 1.2398048460549282 87.4725105321981 35.38947940202571 19.315305246131224 22.731091583159373 -24.8182293726798 -0.6619037891465982 -14.16414139948238
428 20.568048043915113 36.567354127791845 1.8753540289612691 87.77237522230874 36.47828187266622 19.753765261110036 22.904906056905855 -24.78069424085677 -0.8847769617129682 -14.304713267643475
429 19.52492591062829 37.22278177492459 2.4727941630237336 88.05275414292386 37.53956696858377 20.24654918427969 23.07408029155376 -24.739909243310432 -1.1129625640009022 -14.438953342599183
430 18.4381484014932 37.856425671570484 3.0272723510365664 88.31151914121723 38.55484386066905 20.7816919317497 23.228855384405012 -24.695506843169944 -1.3462039297803703 -14.567539881778057
431 17.311360840538775 38.46602398028748 3.5346432468589626 88.54702474891694 39.51056374052945 21.34612670032398 23.360336569362264 -24.64754685685329 -1.5838939025306336 -14.691108586801057
432 16.148833268741086 39.05002530907576 3.991438348136002 88.75817058041969 40.3991611877309 21.928280115605645 23.46104024051835 -24.596572651976988 -1.8249643577185202 -14.810214981756108
433 14.955424625991235 39.60747863711307 4.3948707206848905 88.94438815991211 41.21938392590405 22.519933644746587 23.52525065969996 -24.543660993004995 -2.067744567271034 -14.925351775375708
434 13.73660060036181 40.13787258902846 4.742939283857097 89.1056537466075 41.97551641955626 23.11615867555336 23.54988369795149 -24.49057751085671 -2.309884339986105 -15.03704788503693
435 12.498386520267555 40.64092339808497 5.034525107220275 89.2425976248792 42.67501886581679 23.71310479313581 23.536200851771387 -24.439777180834845 -2.5484845911264693 -15.145986263599221
436 11.247140293489577 41.11629639476237 5.269337394957229 89.35656695191105 43.32545825499664 24.305317895738263 23.491524886389335 -24.39390020303372 -2.7805980313101384 -15.253058062801145
437 9.989294866387494 41.5634064477363 5.447737624680199 89.44939876393451 43.93292090559427 24.885360832910354 23.42881656082688 -24.35512028785076 -3.0038974808608065 -15.359332336122593
438 8.731294126754856 41.98146630335518 5.570626385502193 89.52300154821987 44.50244088235729 25.445985520000104 23.363365926991953 -24.325056104662817 -3.2169488163839346 -15.465918057264306
439 7.479658975253395 42.36968415115488 5.639490077443148 89.57909092973914 45.03869394082667 25.982204683185866 23.308777264416594 -24.3051951287697 -3.418947758066527 -15.573749845265777
440 6.240927792488373 42.727421906462496 5.656465147893377 89.61914099822467 45.54588099969118 26.491961896928657 23.274489585562595 -24.297163618272076 -3.609393418007225 -15.683491231559382
441 5.021364794507093 43.05427324941642 5.6242841828302215 89.6443644860934 46.0270556664607 26.97609604576557 23.265296499609672 -24.302556020536944 -3.788043067253373 -15.795629149656818
442 3.8266385859797887 43.3500567193997 5.546173762584988 89.65560282114103 46.483324308628546 27.437882356792226 23.282580571533924 -24.322594787925716 -3.955011253609643 -15.910557535093302
443 2.6617390836930457 43.6147199155043 5.425779505420449 89.65312084707513 46.91358624229055 27.882187742014697 23.326258984492963 -24.357890371393093 -4.1107942469161145 -16.02853569455895
444 1.5311817613007945 43.848248605798524 5.26711147673802 89.63630239199021 47.31532562216962 28.314652355904137 23.39601323623035 -24.40835211047851 -4.256170661029039 -16.14965423002529
445 0.43938677546524785 44.050656347592586 5.074561873777183 89.60326893640051 47.68615457397358 28.740804324600916 23.491668152844547 -24.47321168413027 -4.392074070311701 -16.273948300267264
446 -0.6090461744590032 44.222012871940564 4.852985564997869 89.55074831307613 48.025234463020254 29.16450225577177 23.613434493032784 -24.551023578496075 -4.51959258037889 -16.40157762013258
447 -1.6095113856393946 44.36248917727588 4.60769600262331 89.47455210234016 48.333916531828585 29.58590809916165 23.76177000015853 -24.639599851130736 -4.640053626445106 -16.532824598893953
448 -2.5579770868784255 44.472446676879386 4.344310193407032 89.37042745091208 48.61573134357082 30.000292791467473 23.936295787222523 -24.736096075817265 -4.754983327241022 -16.667821719569194
449 -3.4593637279466805 44.55001530777569 4.0614306656686665 89.236955443351 48.80636831263527 30.445502860482595 23.9647691508154 -24.839213595210996 -4.862271387448555 -16.801905514731878
450 -4.297949429367358 44.601958287539446 3.7790133632255247 89.0677230400734 49.056104830986875 30.821986807361675 24.1718750091934 -24.941686074430184 -4.970236420840226 -16.94224980591031
451 -5.078538201736958 44.62644092728626 3.4938701809121024 88.8624170595999 49.29473220178133 31.153732691890404 24.40687673470339 -25.042304957205843 -5.076210345553792 -17.08470885483212
452 -5.8021087307608825 44.62528142622588 3.209652826800336 88.62038896501664 49.52593460153357 31.442395143207715 24.64618628443593 -25.138293821030274 -5.17975382313504 -17.228051096153873
453 -6.469404363745626 44.60038121969856 2.9302710353344805 88.34152165068879 49.751375954310326 31.68614391028936 24.88259011627104 -25.227658953404134 -5.279586648435669 -17.371521975839272
454 -7.081231644903758 44.5535019420038 2.66009080696273 88.02646940665242 49.971305260842364 31.884654878668364 25.11437168162959 -25.30963636282069 -5.373480677470109 -17.51471339949831
455 -7.638426154954276 44.48598551294796 2.403980706360525 87.67700493801189 50.18547785960625 32.03861939440975 25.343818759119884 -25.38474044505359 -5.458638718106026 -17.657486577895245
456 -8.142116574227849 44.39854302133927 2.1669085044534917 87.29653446830429 50.393089981588155 32.14915160507306 25.57483254024207 -25.454348531233673 -5.5323160127066116 -17.79969498954157
457 -8.594074215014455 44.29124391862435 1.9534125359961494 86.89028628328961 50.59263596003054 32.21760354423725 25.811115446265415 -25.52011181421257 -5.5923614355267794 -17.940947791839058
458 -8.996836996932494 44.16372362928687 1.7673239311475066 86.46484873285428 50.78254860762016 32.245573732952906 26.056168945120028 -25.583535550449053 -5.637477242159473 -18.0805855297452
459 -9.353680534127239 44.01558886668934 1.6114751580047983 86.0276561242968 50.96171217774812 32.234839463240235 26.313224555064984 -25.645827297903164 -5.667203168094561 -18.21773686858023
460 -9.668585630665572 43.84693219306582 1.4870924073332445 85.5869119236885 51.129126824937636 32.187308061930516 26.583603562734307 -25.707853587036983 -5.681727627067318 -18.351352892661865
461 -9.946100155492424 43.658749134515105 1.3933374670435292 85.15142000187976 51.283922030307004 32.1054406093256 26.865198891119434 -25.76999475117108 -5.6816928776841396 -18.48029152096492
462 -10.191041135419999 43.45311293509495 1.327468622795379 84.72983658427242 51.42654536514399 31.993299098200758 27.15290991852636 -25.831859765410442 -5.668133741785317 -18.60346394785774
463 -10.4082102057369 43.23313123546593 1.2852943136520907 84.32983067732847 51.5595828587162 31.857388793547837 27.440206735734584 -25.892017378726994 -5.642566565481784 -18.719948464864245
464 -10.602179462331184 43.00275479333614 1.2615791272703003 83.95764976046716 51.68692463241032 31.70642516447559 27.720325733415386 -25.948076917476463 -5.607088150918222 -18.829030376354503
465 -10.77697667465742 42.76650104270569 1.2506165721718847 83.61784491101706 51.812371600499645 31.550339278524675 27.986890861378626 -25.99736949419712 -5.564264079766838 -18.930212433897424
466 -10.935655300337173 42.52919803218906 1.2469914193888654 83.3130100210741 51.93877107052112 31.399088365019093 28.23420282684243 -26.037901362225554 -5.516803109662035 -19.02325577352982
467 -11.08001479457055 42.29585927780041 1.2461791882100204 83.0438254921649 52.06741153291779 31.26130421763656 28.457347314443833 -26.068901885255094 -5.467255562246786 -19.1082076713732
468 -11.210242491618164 42.072158766717756 1.2447492246747913 82.81078390091842 52.19756970092315 31.14367415109306 28.651936779828606 -26.090493979797518 -5.4180086738983855 -19.184974203488572
469 -11.326726548073655 41.86308322613856 1.2413338044297844 82.6098483595232 52.32607275739059 31.04817060049747 28.816475681867477 -26.1044045412814 -5.370877357504838 -19.254046174295947
