 SFE SAA SIR EFE EPS WFE WAA TFE TAA TIR
0 -7.841129018559587 44.32453360200235 -9.129212190056405 79.41187137174029 48.28576995240073 27.733395264968976 23.09273804005292 -20.598298330812607 -8.511522771171569 -19.24266045135147
1 -7.548360794239927 44.283629157828706 -8.982035805314526 79.86397902518195 47.73383345978109 27.93374073334665 23.07752880541598 -20.598443265584987 -8.481388493403783 -19.185253892108783
2 -7.240957353781354 44.2379450385385 -8.833977168305621 80.31975999985492 47.149301616912695 28.183123198180244 22.922785332190465 -20.59868897646826 -8.449668695058387 -19.127507930071147
3 -6.905436222657323 44.1842798824599 -8.683979520988242 80.78031543858528 46.54060547445317 28.465059906125337 22.732047520126084 -20.5973762367126 -8.416055170753701 -19.073490300360604
4 -6.533081315679157 44.11930441183235 -8.532112442551394 81.24565316383683 45.90151729749673 28.778201921069122 22.52434613736834 -20.5940687770228 -8.380446549376542 -19.025222189856507
5 -6.118022251556536 44.041019248288315 -8.378305897269044 81.71411150608992 45.23156836404923 29.119116112519308 22.304074319831958 -20.588728874650112 -8.342871434423495 -18.983964779318104
6 -5.654432432748469 43.947789142906174 -8.222494613784978 82.1840435355456 44.532683228161794 29.482962956248375 22.0725240004875 -20.581504988410185 -8.303356554351023 -18.95063729105639
7 -5.137542084725956 43.8387100893935 -8.065036284036402 82.65327096774685 43.81011227025262 29.86344827614499 21.827542176977033 -20.572712625460277 -8.261989715665932 -18.92573945241406
8 -4.563685443376752 43.713523539837645 -7.906836234549304 83.11907742843513 43.07115387370633 30.252614573659784 21.565408011031447 -20.562694320534302 -8.218963209042323 -18.909405845144974
9 -3.930306366940516 43.572471247145664 -7.749328617988471 83.57827229560827 42.32341181565418 30.640254631313148 21.28248962577185 -20.551660967886594 -8.17457389560921 -18.901416661667124
10 -3.2360158507503716 43.41621747094542 -7.594481309578441 84.02737238187527 41.57357330236721 31.014098680972303 20.975791971198696 -20.53960810427936 -8.129164284675584 -18.901121075965357
11 -2.480639996046008 43.245822330526174 -7.444839484452577 84.46284580200549 40.82712522928427 31.36092089023464 20.642697358862257 -20.526381847630958 -8.083037517239978 -18.90732935648054
12 -1.6651504434861313 43.06270239520591 -7.303501563652201 84.88129206285593 40.088840758997755 31.667713043463838 20.280728269940205 -20.511879009510146 -8.036352809805823 -18.918259396075126
13 -0.7914484909153349 42.86858014184664 -7.174007858057519 85.27947466100959 39.363511499886904 31.922361290798516 19.887782656327552 -20.49630723398254 -7.988976063836986 -18.931660443942757
14 0.1379300841031399 42.665390007987824 -7.060158501416884 85.65425671003493 38.656203947081245 32.11351030198914 19.462994012950467 -20.480361828307124 -7.940357231453048 -18.94517682016625
15 1.1200915500211046 42.45504575910749 -6.965782351588177 86.00255055625391 37.97189518721459 32.22993272824867 19.007854050604315 -20.465115915431785 -7.889617862648991 -18.95673133260629
16 2.151996239520383 42.23912957951142 -6.894558589623858 86.32130947432493 37.31509553795053 32.26057106257115 18.526932971499996 -20.451651009557768 -7.835854566336697 -18.96465660928094
17 3.2305994587724864 42.018707900287225 -6.849940629598248 86.60751115184132 36.68978166530975 32.1955542510319 18.028257558300304 -20.44074522867692 -7.778404897012488 -18.967625232246068
18 4.352877878180954 41.79432279698274 -6.835108038968111 86.85812854609509 36.09939114530877 32.02745090582888 17.52358670521514 -20.432809329349425 -7.716925526938347 -18.96454902870229
19 5.514544076518438 41.561992387723706 -6.873574091828035 87.07259082595046 35.44697537149479 31.830577331505012 16.861774770179352 -20.42992001222409 -7.65229413408414 -18.95541202662495
20 6.714354105149487 41.32939564880819 -6.927896839806201 87.24373484110492 34.92930710264259 31.453661161200333 16.388125041745738 -20.42820771763043 -7.582928244554543 -18.937451407444847
21 7.947809361899392 41.09209049928761 -7.019995772942627 87.37045313014721 34.448691555062716 30.976712056272138 15.96502462443851 -20.42962512876087 -7.510061067351811 -18.910916894745725
22 9.210232784878864 40.849931340498316 -7.1528055673503115 87.45054257171923 34.00091819292071 30.417868291498355 15.600331894914374 -20.434299019461445 -7.434096798321596 -18.874848363824373
23 10.496566108119666 40.60282993826375 -7.329079698006484 87.48250148657849 33.57710762722406 29.797909429290616 15.30408866115601 -20.442582829595217 -7.355374331151091 -18.828218345810612
24 11.801304357149123 40.350951032279944 -7.551203502058054 87.4657827336756 33.1659455173865 29.14078610241625 15.081640552241272 -20.455173772317657 -7.273952363345219 -18.76989976947907
25 13.118775949143382 40.09468566853965 -7.820825438417818 87.4006758896887 32.75532048500734 28.470692733032333 14.933572352760235 -20.47314047921525 -7.189433227263294 -18.69882770774758
26 14.443392516071835 39.83452197199387 -8.138511487643777 87.28801001060476 32.333759696598456 27.80926588567547 14.856635747045054 -20.49777150763926 -7.100947377561135 -18.61418345817739
27 15.769761220928652 39.5708121403052 -8.50349508879527 87.12884182447625 31.891801483278957 27.17417130080983 14.84480094958255 -20.530218918919914 -7.007370703952462 -18.515463625452036
28 17.09266063209736 39.3035167242481 -8.913560710772407 86.92419411899193 31.42332722138885 26.579307458302086 14.890123641754279 -20.571072201565972 -6.907683056196949 -18.402426864089467
29 18.406931652834423 39.03206276695201 -9.365018391788992 86.67486675199885 30.92666144152637 26.035706374157325 14.98360077103527 -20.620088782955694 -6.801268262144259 -18.2749720237476
30 19.70734720015965 38.75537088186546 -9.852764071471423 86.38139460900884 30.40486812087534 25.551967932222745 15.116186438383615 -20.676229204985678 -6.68800670537188 -18.13301777321232
31 20.988477092612143 38.471985347036 -10.370522210703612 86.04421916607018 29.864644408367642 25.13394788439119 15.279774728459131 -20.73793735639955 -6.568216555865582 -17.976451067642238
32 22.244546727801954 38.180232596950006 -10.911257763625867 85.66397385487018 29.314301781474555 24.784277960783104 15.46784476117586 -20.803427005051084 -6.442593992763142 -17.80515081967991
33 23.469380824548324 37.87840028161762 -11.46760161637032 85.24166820013916 28.761999174528093 24.50218356863993 15.675762529799881 -20.870792626562782 -6.312159452367561 -17.61904972058129
34 24.656531188628716 37.56494744272773 -12.032224552782877 84.77870439551123 28.214634075267494 24.283641747342628 15.900869303331186 -20.937980986294367 -6.178121288115176 -17.418201395744696
35 25.79947443365711 37.23872946894654 -12.598163367346643 84.27690247839168 27.677304575446996 24.121894573003804 16.142138721040705 -21.00274994519851 -6.041665820501655 -17.20285704944583
36 26.891654305398088 36.899207575243324 -13.158998278270435 83.73874082756572 27.153456835933866 24.008312386903 16.39916824688726 -21.062694016283388 -5.903772124685494 -16.97355243843038
37 27.926386611809722 36.54662955550197 -13.708798775318899 83.16783111304616 26.645495893933756 23.933411978995267 16.6710323990789 -21.115384720807324 -5.765100877709425 -16.7311623589037
38 28.8968448560083 36.18221917983796 -14.24194047245711 82.56949320050579 26.15513950465278 23.887879177495194 16.955698124172237 -21.158709993272115 -5.625966055026718 -16.476886772242285
39 29.796244105190343 35.80835248329808 -14.75299450484167 81.95122517851722 25.683117613568037 23.86358168430367 17.249945178111542 -21.19142025510657 -5.48642323640511 -16.212175942647658
40 30.618216152791554 35.428563674960195 -15.236849773405908 81.32284062897106 25.22854669189513 23.854435890005607 17.549426315099577 -21.213544331822483 -5.346428589205961 -15.93867514017989
41 31.35731326052152 35.04731385836362 -15.68904386643463 80.69619320794966 24.788716971794113 23.856782612515637 17.848813130879755 -21.226317939130464 -5.205937051423782 -15.65825632554155
42 32.00954705039562 34.66959762046559 -16.10609397381451 80.08456656490058 24.359837713382355 23.868891129032388 18.142196891039376 -21.23175813131306 -5.064916206489178 -15.373085023508931
43 32.57288036689708 34.30042861700043 -16.485721307886042 79.50179314495827 23.93846435645175 23.889707148763094 18.423711375718415 -21.232205483443785 -4.923340597834964 -15.085658690368552
44 33.04758583527587 33.944274827378884 -16.8270530005952 78.96115944372427 23.52269713920329 23.917776250482266 18.68799854733054 -21.229948817941224 -4.781194252294305 -14.798802136602863
45 33.43639332679015 33.6045828061459 -17.13082859300916 78.47421479544946 23.112399881189344 23.95121037875797 18.930432379037068 -21.22693620004821 -4.63850601815733 -14.515596898098567
46 33.74444213097635 33.28347931901156 -17.399500886240258 78.04965370222062 22.708293698328088 23.988484337094185 19.14746889123473 -21.224635556063316 -4.495409170657798 -14.239235950800541
47 33.979124187567606 32.98163858132877 -17.637145156358976 77.69247763874823 22.310609476516664 24.02916489781196 19.33709158291575 -21.22412082021104 -4.352161452385145 -13.97285787136865
48 34.14983166937059 32.69824435391056 -17.84918420468895 77.40360937705168 21.91838916406518 24.07421377871736 19.498940708748865 -21.226296673855412 -4.209114774366192 -13.719438508690486
49 34.26752796258978 32.43105499368757 -18.041953757938344 77.18002639127607 21.52992030296066 24.12624685051778 19.634066455533635 -21.23205552009205 -4.0666875125268 -13.481758696858885
50 34.34407424842443 32.17669365976685 -18.222099815866585 77.0153804782055 21.143891840739677 24.18994501726004 19.744488377773695 -21.242246616541305 -3.9253820795935783 -13.262347316159595
51 34.39135399650613 31.93119454887184 -18.39584507176573 76.90102955950229 20.76020923435791 24.27225685474296 19.83279506663735 -21.257531999282637 -3.785848601666378 -13.063244690813367
52 34.42037518006319 31.690603974661766 -18.568355714166927 76.82732575406514 20.379454988179333 24.382084849238183 19.902070872088807 -21.278264442002015 -3.6489548684982127 -12.885605559232374
53 34.440556058767015 31.451409282682793 -18.74347424739738 76.78482438695485 20.001321181499165 24.529720081960438 19.955972647536438 -21.30438518499805 -3.5158042671145875 -12.729399750007998
54 34.45929949415586 31.210792608863798 -18.92368244906375 76.76506974116784 19.623484572334156 24.726093208605086 19.998509369642736 -21.33534116739543 -3.3876729552188527 -12.593448896461856
55 34.48181820214581 30.96679681585873 -19.109908132889963 76.76088260193076 19.24180599706213 24.981382493355778 20.03366391206824 -21.37012803502829 -3.265905488837583 -12.47577926520482
56 34.51109151241835 30.718423019980722 -19.30119060637929 76.76632953806602 18.85141284401627 25.303311645026124 20.065193062715856 -21.407464876078713 -3.151791257109626 -12.374059747745958
57 34.54793826295412 30.46568174974172 -19.49459166630069 76.77662916002743 18.447794348272673 25.69583734286179 20.09651874505064 -21.44600618040086 -3.0463776367799213 -12.285953081982795
58 34.591282785149325 30.209592249209074 -19.68549622271619 76.78817222663942 18.0279496538898 26.157883217019577 20.13054047731713 -21.484548069355196 -2.950247576274372 -12.209381936012244
59 34.63858784370095 29.952101724477178 -19.868144738327747 76.79872011303209 17.59218757317561 26.681606062271555 20.169290973839143 -21.522198353084505 -2.8633842743037357 -12.142711331082506
60 34.68637780955796 29.69596187445251 -20.036323680801093 76.80777055715092 17.146201532241683 27.25091813907034 20.213500197415158 -21.55845975617983 -2.785188438082732 -12.084774389604819
61 34.7308704266804 29.444567186453256 -20.184323657973845 76.81691762874277 16.701884258465128 27.8424709838368 20.262320982903013 -21.593215315152925 -2.714607910334902 -12.034748487927384
62 34.768751174895776 29.20167504430132 -20.30828232779745 76.82977688974924 16.275284229388536 28.430914799583853 20.313146983557335 -21.62666208335416 -2.6503292053309373 -11.992033909545594
63 34.79795910909905 28.970948337367922 -20.40765583506685 76.8510418443453 15.881716013649315 28.996429243348977 20.36137181107055 -21.659224203150856 -2.5910238610478653 -11.956244905065073
64 34.81819780682341 28.75536343291541 -20.486081509808745 76.88480983807244 15.530300288632718 29.5295466522346 20.40083651593239 -21.691409815936964 -2.5356061419314173 -11.927238815726321
65 34.830943420519006 28.55669066791099 -20.550952190383857 76.93300900078457 15.22089827617413 30.03075516081757 20.42567274436291 -21.723640955139043 -2.4834033318466076 -11.905038806964082
66 34.838948751382745 28.375283995704223 -20.61174154728956 76.99476879542294 14.944545675408799 30.506694732739945 20.43270031565679 -21.756187153138388 -2.43418195618359 -11.889605553032045
67 34.845466878487684 28.210216924347254 -20.677933041873864 77.06692188490574 14.68583497994663 30.96602238019501 20.42296545875681 -21.78922062007113 -2.388032601918721 -11.880545904850196
68 34.853488453987254 28.059664912738576 -20.757313369972433 77.14515053664188 14.426002768356799 31.416672982655218 20.4019179083058 -21.8229026748598 -2.345155817249659 -11.876882881636933
69 34.86519214830394 27.92141956730949 -20.854686172403834 77.22514812015775 14.147184582510285 31.86461814929546 20.378593512050717 -21.857499467823054 -2.305648213952323 -11.876949585025354
70 34.88166067462653 27.7933856369684 -20.97100667046279 77.30351868853623 13.837161987217838 32.3135646213085 20.364324462260253 -21.89352643618168 -2.2693896234578714 -11.878403889068563
71 34.90281976749214 27.67393112482995 -21.103207068050953 77.37839141871808 13.492496220645172 32.765068624739676 20.371124315880603 -21.931795335570968 -2.236044821444436 -11.87835318046751
72 34.927579982313894 27.56207381847234 -21.244846100319002 77.4496705745355 13.118856369946279 33.21869240639691 20.40966417164544 -21.973280645559164 -2.2051017943737232 -11.87361146705675
73 34.954207714122575 27.457565742073587 -21.38750540649682 77.51881041012473 12.72854905717033 33.672199613656666 20.487024229405264 -22.018876953226005 -2.17587220726397 -11.861109952595971
74 34.980840775046296 27.36094059274455 -21.522680500662656 77.58818923648298 12.336089296565572 34.122272691969634 20.604798518246184 -22.069177605915385 -2.147478914883433 -11.838381987767221
75 35.00591018833555 27.27355502449626 -21.64357107537718 77.66039002075391 11.953867156035908 34.56605681505603 20.758297255203672 -22.124384640413844 -2.1189014324583515 -11.803941648787628
76 35.0282854184745 27.19756602381005 -21.746056777417405 77.7376952555339 11.589996305892905 35.002773834609364 20.937324392255892 -22.18435953226851 -2.0890980434412607 -11.75741974779471
77 35.04834102172908 27.13716023478244 -21.814107921996783 77.81261099215132 11.304677273511308 35.38853054701309 21.138214601003575 -22.24858214761387 -2.0578643684178726 -11.69991878517004
78 35.06190891441249 27.090776761201152 -21.89180538789901 77.91432475004325 10.926718769885332 35.86024289060065 21.320288742768135 -22.316876290446064 -2.0225568051291356 -11.63144452577227
79 35.07286347969798 27.066419435848555 -21.923202418983696 78.00745805077158 10.680375240834689 36.24659073594062 21.5041462118522 -22.387937850168104 -1.98558121940274 -11.555743113882414
80 35.07673008707366 27.061683315023078 -21.948510275868756 78.11909347222564 10.404356486485199 36.667525102700075 21.65906060605343 -22.462147521545038 -1.9451099258428517 -11.472875217296766
81 35.07314233251637 27.07789578023723 -21.955125277697828 78.2435698356471 10.148974420285793 37.0867841707527 21.77880560025956 -22.539072591957662 -1.9020386650324688 -11.384846784926989
82 35.06067366043236 27.113688734735796 -21.939011324858278 78.38290160383161 9.92151017940407 37.488755666052064 21.86296995565865 -22.6188780567392 -1.8569315075269892 -11.29261828381301
83 35.03786854859805 27.166185506328844 -21.895846275249067 78.54087667693027 9.72730275086652 37.85767131172272 21.91225371105782 -22.70181321001397 -1.8103154096635012 -11.196633190910493
84 35.030953819297466 27.212043347959312 -21.85677497607931 78.71596584463983 9.377992245922215 38.08846184288596 22.101543685030894 -22.805970982479167 -1.7710827996041016 -11.112876662608262
85 34.98808225174384 27.284146786095405 -21.734229551388008 78.91687263758517 9.32274118849519 38.31851245836223 22.106196513199475 -22.89636013575346 -1.722609483232479 -11.010717422609948
86 34.932071000769575 27.3568939526964 -21.579537629455928 79.15599806707151 9.269919452747295 38.49337251595044 22.086865541734305 -22.990844989866233 -1.6741315428039882 -10.90332642713874
87 34.86418644405656 27.42622395487797 -21.37577493626703 79.42866124252724 9.289239950140532 38.58705006472933 22.03679636725582 -23.087526671003417 -1.6261355395352288 -10.790780858706164
88 34.78692773373695 27.4867295384005 -21.124282927947732 79.73748548670687 9.358592354332838 38.583855444556754 21.974155999894528 -23.185517854480473 -1.5792530726314356 -10.67355586177443
89 34.70351903266636 27.535478440021663 -20.823315894384326 80.0817471244585 9.481689499285055 38.47796164599376 21.902377875577347 -23.28354956507787 -1.5334818144560078 -10.552266887434724
90 34.618479956930635 27.571178198366106 -20.474748616794056 80.46011582068523 9.652952241369537 38.270480580658706 21.82416861808502 -23.38019005419365 -1.4884422066378977 -10.428232781622164
91 34.53727748026145 27.59437903635702 -20.082198125672193 80.86994043121031 9.865646982062291 37.96957843261202 21.740212099342028 -23.473902731643587 -1.4435519120332 -10.303235044715041
92 34.419742898193824 27.63169111809763 -19.644764744337316 81.33753566680971 10.076528081731967 37.55882923247993 21.422462969881497 -23.53105181279008 -1.3982772962463836 -10.159653842607261
93 34.36156860369278 27.639058530021927 -19.18528656475484 81.80159406839411 10.312423053414438 37.1064894220239 21.299703833311 -23.61199299186645 -1.352962041616821 -10.038580147233553
94 34.326273072334565 27.642699271942643 -18.70024716749043 82.28341519652463 10.556985634156751 36.62381559304359 21.178562637665003 -23.686523031236796 -1.3063285416541386 -9.922624639880858
95 34.31880777005661 27.646537781914944 -18.195191813101154 82.77760230549222 10.79715422929274 36.13350939220447 21.053730670272852 -23.753092873265825 -1.2588460905057643 -9.81273857712668
96 34.396323017672245 27.621812295955618 -17.660066089736983 83.23512888900974 11.127746665969427 35.711376562956154 21.227050714682186 -23.84984811270251 -1.2134351051180488 -9.72589336995233
97 34.40870150434862 27.664480908997756 -17.139257939373582 83.77630973910553 11.238881906078156 35.19229058838302 20.815741158932877 -23.86113021322024 -1.1635230876999465 -9.614548327130777
98 34.57042642643904 27.646501600114508 -16.571083775848262 84.2176968551175 11.558508878867126 34.81627638683886 21.045082345723856 -23.942095169473824 -1.121137722858635 -9.542004434990384
99 34.727420256815954 27.66657352781341 -16.017181206406335 84.69173960162323 11.742159127317434 34.410677051375835 21.029324947121502 -23.972791595576886 -1.0750618686991624 -9.464707705344622
100 34.93112483741171 27.68872417440882 -15.446339276418618 85.13843008561007 11.90361884503681 34.02592642427573 20.9834904281275 -23.99628235257432 -1.0338396759865682 -9.393379733100385
101 35.116570017194945 27.7517183823741 -14.897906282811691 85.61162836099787 11.812440654213445 33.575853796167095 20.408835661800236 -23.963783987462282 -0.99392722915094 -9.314386100586887
102 35.41702647926774 27.78053993693349 -14.317043324110989 85.9933657548351 11.875613649108127 33.22779406948894 20.299006304948833 -23.96575962111314 -0.9600906813636894 -9.258361356624507
103 35.77021287265982 27.810655230476616 -13.726154858945142 86.32800245111038 11.933552520324303 32.90732955317992 20.21383783104717 -23.961500558232398 -0.9300924909162859 -9.208560443747826
104 36.17421540336933 27.842807197023628 -13.126378941343601 86.60978418806414 11.979884196969273 32.60997918298769 20.129310382921194 -23.95131390810273 -0.9047482926565878 -9.163516733932495
105 36.62763201780112 27.8771808784347 -12.517385954890578 86.83190493245665 12.02137424943879 32.33358763970375 20.040664093206665 -23.9362074847832 -0.8841181618269318 -9.121873680956266
106 37.128525836334255 27.913785438966823 -11.898910152351547 86.98763729811013 12.065075162009668 32.0761168751139 19.94548744867397 -23.91686565212265 -0.8678744416578037 -9.082222743355167
107 37.67453687042334 27.95238475373005 -11.271021192920603 87.07057667356145 12.116484508098582 31.834965668251403 19.843947371853492 -23.893748923714195 -0.8553996151128823 -9.043047593593354
108 38.257456672195936 27.99501879879269 -10.618967491124497 87.07272586870496 12.197972039095996 31.59115913190686 19.59743597534628 -23.872014040402245 -0.8500946585142594 -8.999067301248726
109 38.884985674997765 28.03611067140521 -9.97274483220084 86.99370556122612 12.277695957504502 31.36889151641361 19.48325212329371 -23.84301107330311 -0.8424739936771011 -8.954784378675871
110 39.5487680984977 28.07658210348025 -9.318447817207739 86.82796658185147 12.378123024320061 31.1503753632668 19.37834511550458 -23.812026079362298 -0.8352827018611564 -8.904420096126438
111 40.245124789219226 28.114874050727842 -8.656599781281383 86.5739202494851 12.503652149561331 30.933068799432473 19.284738286057156 -23.779961318171523 -0.8272481697792791 -8.845859659328488
112 40.97018214438614 28.149259855613245 -7.987498532686701 86.23153879895526 12.65998905821134 30.71556195314817 19.205996653718238 -23.747766498547612 -0.8170812459899534 -8.77759940670949
113 41.7197943951056 28.178193970372373 -7.311726530838058 85.80237976537957 12.851794346318668 30.49881747632482 19.144774250174525 -23.716140524001478 -0.8035800000411274 -8.698759368586906
114 42.48959762594279 28.200533611402438 -6.630416110864974 85.28941556182804 13.081412791982206 30.286608212698777 19.103013882988098 -23.685387443240938 -0.7857846687454708 -8.609191490455068
115 43.275086863892554 28.21559832200497 -5.9452332307145985 84.69682797621046 13.348271797770973 30.08493995020183 19.08248731635596 -23.655392352833267 -0.7631679424597838 -8.509647641668804
116 44.071662859028905 28.223166234286737 -5.258180479914265 84.02975557031641 13.64887141728359 29.90088974510015 19.085155536877796 -23.625646686962703 -0.7357363609548989 -8.401639798637163
117 44.874670830337514 28.22343363341417 -4.57134132728017 83.29393060485718 13.977375501788162 29.741277161750588 19.113101918058874 -23.595286430002975 -0.7039503965665268 -8.286829350379728
118 45.67957262539674 28.216885304155543 -3.886514240325509 82.49515605123676 14.327238515502255 29.611326740398287 19.168254253739455 -23.56329005235159 -0.6684597262172237 -8.166350461623216
119 46.48226370685716 28.204169439086282 -3.204810978682822 81.63878937226968 14.693108545063245 29.513754647136984 19.252155084484517 -23.52894586366357 -0.6297865685309254 -8.040459812876474
120 47.27933903407587 28.18618770520273 -2.526457316970997 80.72953266027913 15.071512644071008 29.448804526249138 19.36560256100982 -23.49241936867271 -0.5881842212234434 -7.908560199561474
121 48.06820335641535 28.164381163479995 -1.8508429421736787 79.77155132220584 15.460383795999128 29.415090454352466 19.508216769022486 -23.45513771143343 -0.543745205290291 -7.76959494821365
122 48.84707819067879 28.14082494096482 -1.1767651008994124 78.76865011742404 15.858574665298969 29.410492659671636 19.67843901564621 -23.419725349061764 -0.4965949321033961 -7.622579505673546
123 49.614922929057876 28.11791629187331 -0.5028527829148964 77.72432982377072 16.265821433546677 29.432752921660185 19.873704997305722 -23.389290071204464 -0.4470214882668708 -7.466970134168247
124 50.37128251893808 28.097866419889318 0.1719758248275039 76.64169821413806 16.682847360753975 29.47986529755954 20.09026661684942 -23.36628956025433 -0.3955199817544857 -7.302844937961817
125 51.116171400245456 28.08224238414769 0.8482168072618675 75.5232315464273 17.11101022359874 29.550171624339075 20.323436788846813 -23.351726156978376 -0.34269346619038477 -7.130871875014267
126 51.85003778873759 28.071738901211795 1.525665464923605 74.37051223647393 17.55117730413726 29.642265695153622 20.5690056431859 -23.345113946375825 -0.28897846092650414 -6.952074171039923
127 52.57371838356162 28.06634367989185 2.203420624603959 73.18420191305815 18.00229620343765 29.755013782490604 20.824600045070273 -23.344953855690886 -0.23438207919221066 -6.767640241002614
128 53.288314618851686 28.065837600876968 2.8800324506631547 71.96438713679363 18.46053703777675 29.88764725511464 21.08957297388476 -23.349312486631984 -0.17841575871851204 -6.578946372861095
129 53.99498741201206 28.070276828950266 3.553813196045168 70.71113830352846 18.919575874251564 30.03995787653069 21.36404771288748 -23.35624177156492 -0.12019146588304151 -6.3876675336299
130 54.69477828414507 28.08021335302337 4.22321244509373 69.42498284918533 19.371933404699206 30.212777384854054 21.64818500436667 -23.364039949848777 -0.05859851558945564 -6.1958204840654325
131 55.388607195763726 28.096754531936437 4.887121134375697 68.10712762035371 19.810746661109608 30.40817897174603 21.941710768230557 -23.371545657552108 0.007482122478223458 -6.005740260322384
132 56.0773588099463 28.121518700253034 5.545008697020551 66.75941487984414 20.23117637720886 30.628642116440133 22.243637903235626 -23.37826463172021 0.07901259985233312 -5.819882973718016
133 56.76185955869573 28.156384055257313 6.1969125653157935 65.38407845943215 20.630796325339702 30.875524589292482 22.55243818689641 -23.383990041993382 0.15675018284836073 -5.640285504967649
134 57.44281955458855 28.203143012436353 6.843512557990353 63.98348815716321 21.008951245401626 31.147546607325403 22.866957321625364 -23.388298953623526 0.24122962326893288 -5.468057207682446
135 58.12087291448528 28.263310690861726 7.48646617086949 62.56010276189466 21.365880843902325 31.4396410530652 23.187604851220858 -23.39064084672249 0.3326299803662345 -5.303409258669301
136 58.796574058095246 28.338015598760528 8.128736976315109 61.11662676958638 21.702628393452997 31.742927846502802 23.516512549240893 -23.390873685395178 0.4305976804518014 -5.145991611178855
137 59.47020269967511 28.42775824575798 8.774590547385804 59.65618311250299 22.021956621933565 32.04634630706484 23.856523539007203 -23.389475663749913 0.5342425518859126 -4.9950900674228755
138 60.141463584760764 28.532200460304352 9.429341611168702 58.18250073640088 22.32929719696222 32.339230341915695 24.210088017691415 -23.387313411156562 0.6423209872160042 -4.849635781247054
139 60.80923388963206 28.650321789286362 10.09899488279454 56.70020217980583 22.632749699546686 32.61377866705667 24.578354774349105 -23.385436212849456 0.7534528628185161 -4.708160507244926
140 61.47147569640204 28.780984563493316 10.78976059998103 55.21501074477019 22.942046046381538 32.866794248097804 24.96026830694917 -23.385098843100096 0.8662707409451809 -4.568823725139591
141 62.12538727594997 28.923591687752854 11.507493191888917 53.73354761197293 23.267011479856244 33.10022371718594 25.35207419681354 -23.387826830983705 0.9794643494614055 -4.429585431283437
142 62.76778227819579 29.078259816694807 12.257206080652063 52.262573783702216 23.616260994856184 33.32015539400153 25.74794556442797 -23.39519005381137 1.0917758441056025 -4.2884994150979825
143 63.395635879405575 29.245252540165094 13.0428980912388 50.80792772859949 23.99659227104088 33.53442025276275 26.141880913948512 -23.40826399026521 1.2020484347205325 -4.144004681829191
144 64.00669414019755 29.42428069126466 13.867897524634973 49.37364278826981 24.4130690356747 33.74970176259475 26.52989982856369 -23.427309738771743 1.3092936592759334 -3.995077353302074
145 64.59994173623843 29.614346271081924 14.735551308005837 47.961573122299356 24.869415306296673 33.96928352439559 26.911197782745045 -23.452079857871016 1.4126649429681373 -3.841233762382861
146 65.17570370363396 29.814089834414055 15.649842520559144 46.57153498244658 25.368442139578246 34.192031323652074 27.287929532623245 -23.48234887319888 1.511388057323011 -3.682475715715092
147 65.73533374712433 30.022336632930365 16.61575202448 45.2017501958613 25.912609581431706 34.41267303947743 27.664396276824487 -23.517947520754568 1.6048413328034492 -3.519185865052021
148 66.28072809721854 30.23862435896871 17.63931538292021 43.849392446615006 26.50450822297875 34.62320567514656 28.04623221192824 -23.5583451483041 1.6928294834247932 -3.351964162302912
149 66.81394588775056 30.463579257392666 18.727376538654653 42.51117089728551 27.146908883523913 34.8148909697957 28.43950000433764 -23.602434103694925 1.7758150690817043 -3.1815171730451755
150 67.33691361001065 30.699243206669003 19.887277931297724 41.18397274543284 27.842534588092295 34.97993975587851 28.849665696745728 -23.648766885567955 1.8548480752769134 -3.008648976077409
151 67.85103861212961 30.949431904369725 21.126614016735083 39.865586386244374 28.593678566663524 35.1123685668665 29.280754103216246 -23.69597013235089 1.9312169246749853 -2.8342604727903447
152 68.35676502820822 31.219850908987024 22.4528252655256 38.55536926292213 29.401677521522796 35.20813154422849 29.734936882975656 -23.742975991186167 2.0060814385704138 -2.6593137239785536
153 68.85331557677608 31.517761141433866 23.8725337973556 37.25458009752149 30.266384636157923 35.264861762815464 30.21252829670492 -23.78902457625089 2.080291324531458 -2.484776432487267
154 69.33872832343656 31.851354001899683 25.39075205894803 35.96631171110656 31.185609100418848 35.28158575236807 30.71225553222285 -23.83365716139787 2.1543877314372812 -2.311534978689689
155 69.81005645103059 32.22889755971234 27.009960787295793 34.69520803947107 32.15455758978982 35.25868555446351 31.23157457246453 -23.87672000983933 2.2286903256981874 -2.1402997836436652
156 70.2636272202174 32.65751545166259 28.72895696614856 33.44709044386612 33.16529818442293 35.19825274271087 31.766714252364412 -23.918283375772443 2.303380213220465 -1.9715698237336994
157 70.69530949837836 33.14170339867924 30.541469651429097 32.228645136711144 34.205728302942966 35.104449834152845 32.31279385442431 -23.958514340964538 2.378520407183299 -1.8056817959066982
158 71.10074119673172 33.68198367804598 32.43498217318063 31.047285550571488 35.25862985847062 34.98310191411641 32.864660081307605 -23.997554480332546 2.454034564192457 -1.6429141453219989
159 71.47558948197164 34.27410327971551 34.39077970934063 29.910981606090147 36.30310640515368 34.8405812848402 33.417984632828464 -24.035462129562095 2.52968547104439 -1.4835873085613993
160 71.8158767696145 34.90899118911474 36.38541334848866 28.827919541460997 37.31821806452199 34.68283766628959 33.96974115703584 -24.0722913927553 2.6050500742696383 -1.3280916291165656
161 72.11820924820296 35.57348805789161 38.392137684831695 27.80621109385074 38.285375904876496 34.515139967152464 34.51783732830409 -24.108253466043102 2.67951796251947 -1.176846827041823
162 72.37986936873605 36.251587635207564 40.38133979349762 26.853687247717286 39.188368113247805 34.34259884963877 35.05991860334417 -24.143821205001032 2.752366039434365 -1.030327333751416
163 72.59900841874202 36.92573851437377 42.32086962546805 25.97746410384214 40.013144162040625 34.170934285361646 35.591854656068655 -24.17970808528853 2.822906631077263 -0.889247948243545
164 72.77503516528738 37.578066267613124 44.177551729197056 25.18317206596303 40.74847523814501 34.006710110615124 36.10697653995593 -24.216726630805024 2.8906474667561635 -0.7547676330071217
165 72.90896284874248 38.19171197722439 45.92002131425235 24.474156813275506 41.38677122191135 33.85688166469566 36.59651654435883 -24.25556565155416 2.955384457619102 -0.6284858158335873
166 72.99725863722725 38.74219311071658 47.45925511235988 23.86553248918791 41.83365548489833 33.778991308057066 37.009090816451256 -24.293966208233535 3.017205689316862 -0.5119316816942404
167 73.05584938914822 39.237223713367946 48.89802484870832 23.327030508316746 42.271045746482635 33.68336363798739 37.4102074015396 -24.336972678086305 3.076389837629661 -0.40729485079037797
168 73.08390273545237 39.661389826721035 50.16981855236348 22.867876748876217 42.61760066914222 33.608928200828984 37.76663680737487 -24.38157201781671 3.133178580709482 -0.31548978677188066
169 73.08501541505454 40.009484515811224 51.265322661502324 22.4849793097645 42.876476222374045 33.56166376748172 38.068237117220335 -24.426932489747763 3.187566913059391 -0.23677478335494231
170 73.06267341496144 40.279040614722476 52.18377194058584 22.174472901979783 43.05515522737625 33.540054271158375 38.312615542735465 -24.472414887353686 3.239427755469175 -0.17056324837898842
171 73.039336416145 40.49482731924198 53.09348837686457 21.90204447760971 43.62488039324533 33.82491597569866 38.164491841663356 -24.555743636466396 3.2821697761242867 -0.12108524957174935
172 72.97368106759426 40.596530239864094 53.60951191554982 21.735608060747918 43.53931949041522 33.87542040377201 38.28663908648263 -24.596976468059037 3.329103695881168 -0.07624067354853557
173 72.89737870424108 40.635119788217295 54.03907451626789 21.616117145603912 43.53599337367496 33.923974877417066 38.36115485766425 -24.64086691622985 3.371937740911562 -0.03951758179915573
174 72.80869314341166 40.60295009165284 54.318849470986855 21.551750694401996 43.44895858179439 33.958570142260534 38.42626996601886 -24.68319820415489 3.4111621881659806 -0.009939494394533644
175 72.71170758690499 40.511281854081 54.4832902256191 21.530431726445403 43.33927207504875 33.99277687743864 38.46397242250811 -24.724549990645837 3.4463034883662327 0.012722375785494146
176 72.60898226341278 40.37070077547361 54.54562720545742 21.542699882508085 43.20871400042784 34.02233814409776 38.481333236500745 -24.76418694780025 3.4774716384418562 0.029021885795113864
177 72.50333264427645 40.19416238929461 54.52534379552776 21.576955133576565 43.07087191354447 34.04391847049382 38.483365498493754 -24.801372470633723 3.505178594365575 0.039613038142387244
178 72.39717030870256 39.99373372781597 54.43888904180652 21.622928351073202 42.930894726242315 34.05291534696378 38.47900202304004 -24.835463351024835 3.5302285885253943 0.045420847844960394
179 72.29222596701355 39.778942396356044 54.2998417119916 21.67362701240123 42.78999148693926 34.04504174836363 38.478770278865504 -24.86621407398325 3.553384298791237 0.04767318548344971
180 72.1891540292864 39.55579474606093 54.11739718031678 21.726921112836013 42.64630610537048 34.01666965699553 38.49315524455823 -24.89393842701048 3.575055528828783 0.04789847113995401
181 72.0876138383677 39.32729841481018 53.89677060337102 21.785275036170706 42.49793803311838 33.96550742402116 38.53057699804887 -24.919449990349136 3.595193158025358 0.04771924089633979
182 71.9868675321413 39.09489596045972 53.64043909486581 21.853956357550757 42.344328930804195 33.890761645163415 38.59663705841032 -24.94376634238876 3.613430443232868 0.048464711751112506
183 71.88659583213153 38.86009994207423 53.35004772940424 21.938550661304212 42.18667248123993 33.792822305933434 38.69401795547417 -24.967697955508203 3.6293703238360946 0.0507628868470363
184 71.78749767239398 38.62573209413089 53.028453062065495 22.042740982022764 42.0281050533314 33.672931498578286 38.82212191175591 -24.991510592402847 3.642863763839854 0.05430900424394172
185 71.69145914646705 38.39641986949727 52.68125070404256 22.16680737886303 41.87354519763659 33.533226274990184 38.97620127505869 -25.014779860873002 3.65411569206736 0.05788566811651145
186 71.60138254841846 38.178313642847336 52.31757788144319 22.30688589102697 41.72894056752984 33.37696975710594 39.14683627410826 -25.036464815031366 3.6635277973805374 0.05956376347974682
187 71.52080985565301 37.97818962793599 51.95012680891582 22.455325423409988 41.600376222963064 33.20818903597422 39.3212205601728 -25.05518129146709 3.6713616142372207 0.05705355585232904
188 71.45337821759847 37.802228025396836 51.59426560541223 22.60244051249264 41.49407804663834 33.030275056156384 39.486428040037545 -25.06958511930939 3.6774635403004337 0.04822639623569656
189 71.40222376208902 37.654971612684925 51.26665488617883 22.738775192230857 41.41743703038434 32.84436174710406 39.63290019442667 -25.07874579881256 3.6812548839777017 0.031679520871665576
190 71.36952193912485 37.538903447550034 50.98371500344821 22.856543082778366 41.37920290952061 32.64870197930575 39.756600602796084 -25.082439568206308 3.68197980037789 0.0071333429419538534
191 71.35621714943497 37.45456820207081 50.759816785245334 22.95014982214467 41.38764709781531 32.439336866404275 39.859411090967924 -25.081326257908117 3.6790752833614038 -0.024425172918678593
192 71.36187444616793 37.40079637778152 50.605199149885145 23.016550890383385 41.44793044465227 32.21165852611776 39.947514107377756 -25.07692361191979 3.6724571664123666 -0.0609098534667384
193 71.38461608982782 37.3747437633471 50.52398268165034 23.055671215209436 41.5600327762313 31.962258105493113 40.02827743399218 -25.071228327060737 3.6624820087811942 -0.099683795464065
194 71.42118407043836 37.37180059571106 50.512704008755996 23.07058477905015 41.7172158191138 31.69025651808262 40.10750958393488 -25.06610648030911 3.6496360646587664 -0.13825187464448938
195 71.46722258431933 37.38565373552021 50.55997167331427 23.067182002881548 41.90553481327048 31.397803378178505 40.1882816279331 -25.062900238437784 3.6343088847314746 -0.17468435156156972
196 71.5178538763541 37.408797238872026 50.648144453317755 23.053160901059375 42.10633664985665 31.09010470604032 40.27069305080749 -25.06241031011985 3.61681059020761 -0.20774489479142716
197 71.56846110683745 37.43349683466025 50.75712523157527 23.036501001526048 42.30186040023093 30.775041487759413 40.35196726598321 -25.065015581672704 3.5974914916078307 -0.23692701399757524
198 71.61539896490162 37.45283971683465 50.868599576026654 23.024044732738602 42.48043228583247 30.462012918089403 40.42722074958945 -25.070737923328853 3.5768410247891826 -0.2624093518922624
199 71.65638321539977 37.46151272069004 50.968873525462044 23.02067159985303 42.63806423253183 30.160038700785154 40.49095354624211 -25.079244145223814 3.555554905505657 -0.28486783514291003
200 71.69050994294128 37.45630229550449 51.04999872839264 23.02901138058779 42.77679659081517 29.875872144309845 40.538532629353234 -25.089874116318132 3.5345704364077624 -0.305180542646408
201 71.71798653816974 37.43638649668025 51.10956055104059 23.049519974506282 42.901826701907744 29.613031535937857 40.56707811301837 -25.1017538769705 3.5150266858500814 -0.3241269867098346
202 71.7397296847577 37.40328695450679 51.14940321872975 23.08085526496112 43.01897942289541 29.37201134814982 40.575782922569736 -25.113970741723882 3.4981061748706725 -0.3421869241077654
203 71.75701665177509 37.36037676684266 51.17388604751341 23.120401675003258 43.13314096219646 29.151267736913724 40.56593985228544 -25.12577975623236 3.4847869043816706 -0.3594782737819026
204 71.77128392937739 37.312067676333335 51.18834337758424 23.16472603036519 43.24746051203808 28.94847110354674 40.54077184746527 -25.13681296172658 3.4756009600744995 -0.3757817259183743
205 71.78404810756793 37.262908928531026 51.1980081743919 23.209896594446636 43.36299459333564 28.76167960520334 40.50497498648484 -25.147224386006187 3.470495310470061 -0.3905774889799137
206 71.79691130198185 37.21683723924801 51.2075210100544 23.2517165268904 43.47889037361665 28.590226250729543 40.46398828100473 -25.15767538171753 3.4688539843435575 -0.403114511040028
207 71.81162290804565 37.176811023462584 51.221110130959545 23.285870665887675 43.59330660339805 28.43508223574519 40.423271312814315 -25.169140351040475 3.469668961946345 -0.4125862688532587
208 71.83011646167414 37.14487232418457 51.243120868512435 23.307992458268505 43.70461573984362 28.298489744372745 40.387903326628965 -25.18267115660371 3.4717610513144797 -0.41833889830197046
209 71.85439879599268 37.122422666918126 51.27825577098609 23.313814589485574 43.81189443838849 28.183130279243528 40.36246833639794 -25.19924020143322 3.473972448763874 -0.419942367756381
210 71.88623240333277 37.110520398474755 51.331106116751705 23.299586587484622 43.91430565280666 28.09143654938081 40.35090385527468 -25.219635443511056 3.475316618905183 -0.4171285871009081
211 71.92669173947586 37.11011893228413 51.405116325005054 23.262730698503095 44.01000861756863 28.025376946575133 40.35616039726812 -25.244397097263427 3.475059169519315 -0.4097045109436102
212 71.97576833932965 37.12213172960823 51.501481013883215 23.202520163993043 44.0954080610172 27.986623349701524 40.3798085233251 -25.273833231193596 3.472729447277639 -0.39745680002302264
213 72.03220843755217 37.147227204390774 51.61836709057905 23.120532695738103 44.16498045137738 27.976816688484437 40.421764273517326 -25.308117500475255 3.468124548941263 -0.38006756564141075
214 72.09368717810149 37.18544442404994 51.75071932354252 23.020697300430268 44.21168017871339 27.997645638811928 40.480204743266924 -25.347451873951975 3.4613269151471937 -0.35711796579251415
215 72.15727976004924 37.235843805422704 51.89089633502104 22.908887299713083 44.22811018212473 28.050601550608462 40.55169914661325 -25.39220268650539 3.4526984671295233 -0.3281952439027266
216 72.22007956223153 37.29630343534619 52.03013428569145 22.792165081138386 44.20851001272052 28.136466000301493 40.63155931655459 -25.44285006342975 3.4428374649990854 -0.2930423105730092
217 72.27977344898642 37.36348467486073 52.16043353412078 22.677885102593322 44.15105018557036 28.25473341947904 40.71433375517388 -25.499721457385224 3.4325184650810474 -0.25169976333503824
218 72.33499983060318 37.433026460542344 52.27615207489402 22.57293525611087 44.059243050531826 28.403266391673174 40.794309341067226 -25.562703062972638 3.422636183453426 -0.2046346927541885
219 72.38539270877438 37.499927541516215 52.37445364326446 22.483391223340107 43.94122285456113 28.57839646368538 40.865978987020675 -25.63113759011006 3.414155889904676 -0.15284778541302996
220 72.43133083646646 37.558945354618345 52.454282736776015 22.414644004296274 43.80713131896262 28.77539495515184 40.92444411919873 -25.703931692024785 3.4080548702891353 -0.09789446171980361
221 72.4735168519545 37.60498336851794 52.51471038569149 22.371764482106858 43.66675121411355 28.989079513979775 40.965571706206504 -25.779763353867935 3.4052416459055515 -0.04175512780232262
222 72.51256350940756 37.633508928579815 52.5538137476131 22.359819240042516 43.52893601498071 29.214262565108257 40.98590774561861 -25.85726627656297 3.4064661352515597 0.013402962820404806
223 72.54870570700548 37.64079131846594 52.56812721676331 22.38403675668718 43.40152897521654 29.445761930439755 40.98264434847887 -25.935099478090876 3.4122622417054447 0.0654623904096954
224 72.58164619534598 37.623715147964816 52.551975676601444 22.449814050654787 43.289725292883325 29.678147375623954 40.95365938342928 -26.011878502929626 3.422945939758414 0.11252509581958638
225 72.61052477312656 37.57932614437182 52.49683875673906 22.562544383204653 43.19380023786675 29.90578565914268 40.897238954799434 -26.08607556655271 3.4386459595998042 0.15300343807662442
226 72.63403798025232 37.50448031974577 52.39159130021009 22.72731464552801 43.10876667273762 30.12335011249853 40.81143921118965 -26.156036010337793 3.4593369725705845 0.1856466539451722
227 72.6507045670415 37.39570065080203 52.223694949296906 22.94857953454802 43.02603840604814 30.326409936369974 40.69373121582855 -26.22011824939084 3.48483759739469 0.20951039356672793
228 72.65920958847973 37.24917979708966 51.98070701720798 23.22987061996654 42.93532549129169 30.51175245358322 40.54141804728459 -26.27694389695 3.514721892955909 0.22387461536783732
229 72.65872994883645 37.06099305255439 51.65171228998709 23.573545751098745 42.82594284121464 30.677456421975528 40.35246892428047 -26.325807290129138 3.548164742882735 0.22814929864929587
230 72.64910970806332 36.82748133761007 51.228471203288294 23.980611182485582 42.687492428198965 30.823050565952215 40.12610186106976 -26.367000935230482 3.5838368887961827 0.2217964726287313
231 72.63069272178612 36.5456092981667 50.70591709681414 24.45073154831269 42.50993228200887 30.949985829908954 39.86280200139234 -26.401591682282845 3.6199303526398534 0.20428719247158658
232 72.59558680024317 36.212579395277764 50.11356929757009 24.99474249779814 42.54194950107624 31.32604759042927 39.21947617388206 -26.44556077563903 3.6567958316530103 0.17278438413227962
233 72.55718759269548 35.82709792437783 49.387129023364146 25.587459322975054 42.280869926815754 31.4663569096439 38.82864665165589 -26.46780053893737 3.686806491837901 0.1314386021365271
234 72.50763971047331 35.39430901523216 48.55965145272952 26.237893534924655 41.944593516457864 31.579532476940614 38.42879041934398 -26.483931763603174 3.709901024351671 0.07807698304549844
235 72.44256150133971 34.92064258160209 47.633402904537085 26.94509163153027 41.53833826118643 31.68953528378281 37.99984234083749 -26.493080985873572 3.723968117118118 0.012928733623293796
236 72.35700509783571 34.417351498233785 46.61231880549359 27.708054174119027 41.0583036798931 31.800291562674715 37.54197722460552 -26.494019848611245 3.7278429602787484 -0.06320565472179748
237 72.24573603997219 33.89975623616086 45.503219526708726 28.525814219751894 40.50207916861316 31.912795072123565 37.057478156431394 -26.485738482415957 3.7214021438853644 -0.14910455630836167
238 72.10401334027921 33.385484369663544 44.316041924950575 29.397251734681312 39.87052640121726 32.02686779134179 36.54878648080327 -26.46761444438163 3.705291826982088 -0.24346755608326706
239 71.92844637602664 32.89208189805118 43.06368313475184 30.32075115847542 39.16880739858291 32.141087167649665 36.01828837611807 -26.439521481201982 3.680696802434743 -0.3452453190410609
240 71.71762551712747 32.434529187119274 41.76105234841708 31.293906495267265 38.40629213427579 32.252654221704525 35.46821670491602 -26.401833272487828 3.649137358112005 -0.45391670849040044
241 71.47234376765823 32.02328357642946 40.423554265507235 32.31338454225289 37.595463297666186 32.35746095775962 34.90071656614968 -26.35530912508343 3.612152914001334 -0.5696737728018303
242 71.19541046305469 31.66341713785395 39.06568073746815 33.37493729134939 36.75043995556458 32.45045407432333 34.31822727546072 -26.301016028497017 3.57099607162792 -0.6933500768614729
243 70.89113411286529 31.35500164392287 37.70015886475061 34.47355439161263 35.885672157421986 32.52656720266372 33.723729872328526 -26.240273925016567 3.526488683639671 -0.8261129098230842
244 70.56458876495654 31.09434970113252 36.337654912453594 35.60374451022803 35.015227981460654 32.581860566277264 33.12062312975712 -26.17446290632978 3.479006799523568 -0.9691353529914002
245 70.2209091778185 30.875429114545213 34.98684795253245 36.75988383239249 34.15268354635105 32.61401418585503 32.512632899807336 -26.104781866172164 3.42848505834358 -1.1233783003096942
246 69.86482958985647 30.691052029037184 33.65463264861923 37.93654610543072 33.311025775958896 32.62228945295371 31.903709894809534 -26.032254614884028 3.3744126737353324 -1.2894231828266376
247 69.50038622301156 30.533976528818506 32.346186173652406 39.12873555001879 32.50208128784799 32.607709676770874 31.297592833989725 -25.957958300033862 3.315897888641708 -1.4672923915452944
248 69.1306064878166 30.39800952414839 31.06480690204525 40.33205996908397 31.73548617807273 32.57330902283704 30.697414194087607 -25.88309336095045 3.251867097170237 -1.656364865961053
249 68.75726276328449 30.278771866768274 29.81182933387176 41.54292871951673 31.01760316029325 32.523857976467205 30.105730971037932 -25.80873982147905 3.1813808363023157 -1.8554859607798866
250 68.37840543604334 30.174176386063294 28.555660837140113 42.765222887102276 30.261694402561687 32.49224012837199 29.513266953439633 -25.73399807312476 3.1032634956441285 -2.0635564393618897
251 68.00090367015173 30.082486428782104 27.38792007209864 43.977666100028685 29.731936223192587 32.40605696961789 28.954034427825007 -25.663568423944014 3.0204912207813805 -2.277310526694174
252 67.61505868465368 30.00613165172843 26.18838696350142 45.203543814465476 29.08349388284743 32.37363904750001 28.39734610801143 -25.591298407602235 2.9323429962604757 -2.496203992179451
253 67.22620743898169 29.94497130637752 25.04554768548498 46.42326761258681 28.569457946547825 32.32633223379364 27.859463373578052 -25.523243583238244 2.84331107500281 -2.7159678548150823
254 66.83157745459303 29.90094611137956 23.930359137794145 47.642293951710144 28.098828099917693 32.29086656129451 27.33730380317322 -25.459298893114358 2.755389835583764 -2.9346553214794784
255 66.43001161649288 29.87468278396981 22.843884517469586 48.861015235918224 27.667121283646345 32.26930961710281 26.82934545526464 -25.4009261053157 2.6703550507497837 -3.1503070892794653
256 66.01980192848164 29.865765856124614 21.786669857894807 50.080978490257806 27.265947713532615 32.2608806651369 26.334614955909764 -25.348844548148787 2.5891695092978675 -3.361492408682902
257 65.59883394604765 29.872901955941614 20.759214003926676 51.30429654051194 26.88578563417151 32.2634339091273 25.851893185259772 -25.303038578474006 2.5121634857552744 -3.56711176286637
258 65.16486195881055 29.894197644209434 19.76199703730178 52.53301748219311 26.51775075535575 32.27456721578129 25.38011513829871 -25.262976077117266 2.4391936819783466 -3.7661707937207054
259 64.71576133010204 29.927484462849325 18.79513941585507 53.7686578995145 26.15426821702933 32.29271461141713 24.918446077744807 -25.227798810360884 2.369659297459016 -3.9577244598146217
260 64.24988424837153 29.97060586635086 17.857988158637077 55.011737939512635 25.788889564615886 32.317742431919584 24.466175269386124 -25.19656471623692 2.302467974328251 -4.1410529360712465
261 63.76641853804987 30.02157206436851 16.948938085473664 56.26131512968128 25.416446891709565 32.351065448616765 24.022683733849725 -25.168369914511267 2.2362385071389492 -4.315824535960703
262 63.2655682035832 30.078693337647504 16.06567132020747 57.51468836930261 25.03377126014519 32.39536250559558 23.58757377854462 -25.142288543258392 2.1697568602179773 -4.482082694312581
263 62.748608117869125 30.140704580870917 15.205672622730308 58.76731395601953 24.64015796374824 32.45374017130892 23.1610565421362 -25.117469196940977 2.1023134568953052 -4.640185356286494
264 62.21778312697984 30.20658749570727 14.366489430968565 60.013022220075044 24.236914841810673 32.52859325451625 22.744322574219005 -25.093341718968418 2.033695102871012 -4.790785434015912
265 61.67593662725764 30.275110474622753 13.545565778935837 61.244707288347335 23.826092219660648 32.62060382932208 22.339675082933365 -25.069620130040466 1.963952938728023 -4.934816386036596
266 61.12599900737614 30.34454635268131 12.740066867168405 62.45534633245219 23.409118504073657 32.728281587719025 21.950566600943667 -25.046198624906975 1.8931401253261517 -5.073441743040737
267 60.57054246838177 30.4127353993315 11.946944809324158 63.638922904869204 22.98610049569724 32.848557914057686 21.581410070472003 -25.02308856494518 1.8211318173546336 -5.2079625025216645
268 60.01147590435264 30.477360171925685 11.16314724590106 64.79100110775673 22.556072542523243 32.97836039828281 21.236936820498478 -25.00026847828928 1.747589572683621 -5.339860160000176
269 59.4499586137992 30.53641540236844 10.385890525790073 65.90887818265402 22.117950533240652 33.11633676601618 20.92121808398066 -24.977462486658673 1.6720806010310298 -5.471175997500844
270 58.88659179442641 30.588664669851585 9.612936657183523 66.99127317671095 21.671484081854654 33.26379045169127 20.636826169209233 -24.954183233282727 1.5942341097291444 -5.604806754763032
271 58.32167212706174 30.633596741641014 8.84276634341868 68.03776820110863 21.217567873011507 33.424185819811726 20.384705570834075 -24.930094321835263 1.5137419647178916 -5.743920795589114
272 57.75519616524407 30.670923327018894 8.074655427596568 69.04843541087884 20.758102093183503 33.60160440509598 20.1644241610625 -24.905204902058095 1.4302072510259503 -5.890726532061634
273 57.18673479637261 30.700241661244764 7.308724850371802 70.02372024590382 20.295884526666693 33.79943705858899 19.973983182179758 -24.879699735391675 1.3431120363818938 -6.045747180171122
274 56.615523506099656 30.72108935106382 6.5458887717817005 70.96428503318978 19.834360627661503 34.01985694344367 19.809638125819138 -24.853756604074736 1.2520681685922674 -6.207998781298299
275 56.04074877001507 30.7331161088311 5.78758001933068 71.87078603289405 19.37701829089243 34.263619021951364 19.66662762531586 -24.82751891409294 1.1571595481133192 -6.375562823264859
276 55.46180892936857 30.736199111742923 5.035292264720881 72.74380371125153 18.926765400953414 34.529975497849186 19.54035584942068 -24.801133365448305 1.0591347270674292 -6.546133329316532
277 54.87848198644371 30.73052707384987 4.290162523655131 73.58391275116328 18.485580695538722 34.81688896986441 19.42714832306415 -24.77486868993865 0.9594352559736218 -6.717396783623679
278 54.290978437960604 30.716679738114685 3.552814497894391 74.39169816168592 18.05450319888335 35.1216127720429 19.32444140207734 -24.749222089890985 0.8600331869252303 -6.887263031116407
279 53.69983026228852 30.69567570285965 2.8234801243031686 75.16765021833511 17.63403594977215 35.44144279655342 19.230603681707567 -24.724761738183513 0.7629925860091274 -7.054057145169306
280 53.10570172928269 30.668926537950053 2.1022780108260415 75.91202132097982 17.224800217913735 35.77408971347505 19.144758845679533 -24.701873557344737 0.6699964047852435 -7.21661191164383
281 52.50934497678798 30.637976647453574 1.389444278868304 76.62473859323349 16.8279609768009 36.11722786020546 19.066918073139746 -24.680821981066686 0.5822104847417151 -7.374174670491834
282 51.911791153911985 30.60399633628229 0.6852528799804568 77.30535004229722 16.445126071831506 36.467696531836424 18.998154145733427 -24.661962431899944 0.5004721968290439 -7.526331319701378
283 51.3146233149255 30.56731383241171 -0.010382801281916303 77.95293166058282 16.077857592556235 36.821331502824926 18.940387449494754 -24.64572744252291 0.42551261577700367 -7.673114571655664
284 50.72008860241557 30.527378666601894 -0.6982464256105122 78.56608378813351 15.727129879185881 37.17364613429955 18.8957693677532 -24.63247648433418 0.3579336157177908 -7.815140140297216
285 50.13088326154688 30.483199269277627 -1.3797454473465178 79.143222934279 15.39303592145768 37.52080873067399 18.86592633003847 -24.622386830380158 0.2979025029518993 -7.953556731891689
286 49.549694888736525 30.43391005222663 -2.0564612576124754 79.68307661223902 15.074904381157149 37.860323855087614 18.851397721451395 -24.61540920997048 0.24492189567154043 -8.089745110246525
287 48.97878955190583 30.379071361573633 -2.7296014870566174 80.18506096287786 14.771739849943161 38.190888005364876 18.851713720617497 -24.611364293089554 0.19802117133468838 -8.224852762376736
288 48.41985093863877 30.318558517844657 -3.3996198947372385 80.64930476218036 14.482885924600586 38.51122701882093 18.866182179800273 -24.61010296404469 0.15621641134831052 -8.359431918840949
289 47.87412847376124 30.25223439853687 -4.066152422625318 81.07631148204857 14.209040206998202 38.818711155224015 18.894554482869733 -24.611509424349162 0.11881780369623168 -8.493473634205593
290 47.34276623156107 30.17972139195014 -4.728286841979346 81.46652008780659 13.952974081256045 39.109052964746226 18.937018327224493 -24.61535034816745 0.08540821367984665 -8.626779145678073
291 46.82696752968141 30.100447895542196 -5.384933086802535 81.8201243388289 13.718759922913314 39.37735743660187 18.99397003109822 -24.62121298101126 0.0556791053226514 -8.759223567999483
292 46.327764231538076 30.013937910561424 -6.034880026775455 82.13726223941947 13.510066490506288 39.61955587513049 19.065778560316645 -24.628681009095608 0.02937621676147776 -8.890608096592318
293 45.84555110021316 29.920127511217046 -6.676548045999088 82.41842391124887 13.328947512986467 39.83337780430789 19.152434369703432 -24.63751332030394 0.0063508381461742985 -9.020331357634806
294 45.37978526431892 29.819454713893585 -7.30797526235909 82.66488646116748 13.175105461547634 40.01886788937258 19.25328156722107 -24.6475960188526 -0.013420286396856124 -9.147277823912711
295 44.92908230040126 29.71268158932658 -7.927188183614365 82.87896689416634 13.045490593435312 40.17871790167856 19.366922392995498 -24.658878029073538 -0.029866193538559814 -9.269955191712466
296 44.49152543652225 29.600620616293835 -8.532480156646212 83.06394235697452 12.934886953279035 40.318162169263495 19.491342637007893 -24.671446149767252 -0.042892251500894485 -9.386665529500478
297 44.064925461753504 29.483923744553948 -9.122371956185647 83.22371867857026 12.83726220750932 40.44422969839883 19.624379431869396 -24.685564618069147 -0.052488835351496045 -9.495645974262962
298 43.64703291948001 29.36299704516292 -9.69551004372318 83.36246050024448 12.746816395892557 40.56482166432818 19.764270982257923 -24.701586421467095 -0.05880101791868188 -9.595258108620575
299 43.235792692758764 29.237981855674875 -10.250667327197677 83.48427148489226 12.658513892274803 40.68781373415819 19.909921840308453 -24.7198060642654 -0.062082609289274344 -9.684234812777781
300 42.829622263968446 29.108699236264226 -10.786739120558485 83.5928798521947 12.568522716213346 40.81993099580341 20.060943191811756 -24.740357777914813 -0.06254722879082188 -9.761880675552831
301 42.427621416953606 28.97466712031778 -11.302601116977742 83.691357735134 12.474485137528903 40.96560521141355 20.21762955265922 -24.763248138026217 -0.060166597135212094 -9.828097845581633
302 42.02968257620132 28.835325141660597 -11.79686960036357 83.78197849538587 12.375503614599213 41.12613919881379 20.380778437601695 -24.788467230652635 -0.05448502784585062 -9.883251489501072
303 41.63657234006808 28.69026743336241 -12.267733322935609 83.86622165396406 12.272226747991947 41.29909406522598 20.551239977294117 -24.816089611773343 -0.04457249607945856 -9.92803031430317
304 41.249977187134846 28.53922680069247 -12.71300332644345 83.94483312325671 12.16727153453345 41.478070359531294 20.729184236881448 -24.846274292769714 -0.02918442067109696 -9.963397845841728
305 40.872424584689554 28.381894225853543 -13.130402458244516 84.0178485164461 12.065652561623782 41.6533340733236 20.913203628065496 -24.879058785885118 -0.00705496827514996 -9.990632605733355
306 40.50712359651763 28.217870884392656 -13.517986406077709 84.08457573373681 11.974626088597864 41.813308861495976 21.099566694379202 -24.914171629305546 0.022799266451342774 -10.011395464865895
307 40.15774743423438 28.046874471895258 -13.87464341746158 84.14367645106992 11.902614228021958 41.946678399777106 21.28190211214672 -24.951015957850235 0.06089236033474957 -10.027697585082864
308 39.82804117567927 27.86904545154901 -14.200654682556678 84.19345635179972 11.857418915727708 42.04468267865029 21.451501459902005 -24.98856106573772 0.10726579370495572 -10.041689388243233
309 39.52132443117053 27.685200150495213 -14.498096131246506 84.23220334534007 11.844300060495508 42.10277895823102 21.59851591325566 -25.025205220682732 0.16157670440389213 -10.055347134783398
310 39.24014562148246 27.49698959010383 -14.77080940092204 84.25831497718974 11.864496098444786 42.12093130699985 21.71419638427207 -25.059030512863607 0.22311730446248493 -10.070213499621277
311 38.98362630030401 27.307119433120008 -15.008335904038095 84.26459996885346 11.944798848585723 42.071416684541376 21.760576716703522 -25.090718440853347 0.2859568354271514 -10.085218162061457
312 38.75733371388704 27.11822365665874 -15.247305765693428 84.26074973894269 12.017346573493802 42.02008887874283 21.808944984986667 -25.11485001433452 0.3577182608197059 -10.104656239669772
313 38.55808499898462 26.93392936642397 -15.478132435533835 84.24014518866612 12.102643994095601 41.95236241735214 21.8246090450277 -25.133703973932587 0.4318606167762783 -10.125945240222824
314 38.34245188981987 26.760768899488813 -15.75775671922986 84.23569645221788 11.86349786224698 41.76343365298117 21.70649954686131 -25.102715687695213 0.5012998341854952 -10.1434568289198
315 38.18876709604425 26.595631059833586 -15.96231575646135 84.17313013783529 12.007651219091045 41.65904235230483 21.67007050262772 -25.117142334103995 0.5677841881862359 -10.161221383779122
316 38.05517408803002 26.440620168476975 -16.183295487171268 84.09558957899823 12.079870483592915 41.56717776982529 21.67731725580788 -25.125077287307334 0.6338121824260796 -10.177416312799943
317 37.93446882409293 26.298747392951938 -16.396919003752668 83.99831207484688 12.17056306204462 41.48312985231013 21.68400855715326 -25.131312502311868 0.6944631427036453 -10.18743597599771
318 37.82194727992123 26.168657026818327 -16.60672505050708 83.88481081493433 12.245000807219952 41.399658980562585 21.710854700499734 -25.135253686134625 0.7485120622672821 -10.189965350960275
319 37.713217249349555 26.049882941955417 -16.808995531824856 83.75687455304349 12.30976385661419 41.314138555431306 21.760974529618142 -25.13762466923977 0.7956468600598579 -10.183965224078257
320 37.60460400090169 25.941571037528774 -17.00201400958546 83.61733054013699 12.363075230545235 41.22485735438786 21.83818614357407 -25.138820810492422 0.8362844426582441 -10.169301822629762
321 37.49315737082662 25.843100842935513 -17.18413205885746 83.46893184311219 12.406696428233358 41.131744535476216 21.94192910492804 -25.139067921456235 0.8714225816527924 -10.146526583578282
322 37.37681451752601 25.753903472476118 -17.354629061994405 83.31426439808654 12.44225546881035 41.03615253997691 22.06958808878557 -25.1382838156313 0.9025229010205535 -10.116826281416925
323 37.25438113993236 25.673370047161477 -17.513445188890884 83.1555603673269 12.472120292570768 40.94016713973805 22.2168827280581 -25.136160574610283 0.9313503415352151 -10.081820042755647
324 37.12540704094006 25.60070497238714 -17.66091731285064 82.99466881281825 12.498968778872639 40.84567046790675 22.378823979937 -25.132335141987554 0.9597558106107924 -10.043294553465932
325 36.990020639844495 25.534809527266212 -17.797538728075665 82.83301830671584 12.525183721428688 40.75401964331235 22.550585787581195 -25.12660692165189 0.9894305722697481 -10.00292334502437
326 36.848756967619885 25.474292744258662 -17.92382534178959 82.67164117557168 12.552341501804692 40.66629939095425 22.728091138447343 -25.119109032128467 1.0217020993884733 -9.962027005434095
327 36.702390391538614 25.417652468168846 -18.040222069133897 82.51132446857858 12.581374211627828 40.58368952676306 22.908202310223686 -25.110290377801313 1.0574464139784867 -9.921452168633634
328 36.55183137849039 25.363516192589323 -18.147120967588886 82.35285293086893 12.612870567311518 40.50770340029232 23.088877355605696 -25.100757185614004 1.097086723947347 -9.881613248675913
329 36.39810250216081 25.310819301118585 -18.245050478267952 82.19723081382564 12.646920172026759 40.440332260686446 23.269337653882317 -25.09109693514676 1.140623602639101 -9.842657818642428
330 36.24234800744342 25.25888100271643 -18.334906819011874 82.04578008319756 12.682820979424822 40.384105248470995 23.44974764513015 -25.08173035177694 1.1877209143670915 -9.804692781097689
331 36.08585513928157 25.20736518038804 -18.417921381528895 81.90008982702787 12.719501460719796 40.341793273529355 23.63031233529003 -25.072877910997164 1.2378438093590072 -9.767983719910312
332 35.930061129649474 25.156103459117926 -18.495221725673442 81.7618524489966 12.756710528717203 40.315641440751165 23.810586006391937 -25.06466059888403 1.290378132157612 -9.733030616619223
333 35.77650293683922 25.1048701032419 -18.567260289867047 81.63262409125633 12.7959782193834 40.306560938769465 23.989531072543908 -25.057185513985885 1.3446986486512147 -9.700525123301807
334 35.62674455895035 25.053301675781807 -18.633571572128314 81.51356724273292 12.840516486630104 40.3136077131329 24.16596172158257 -25.050521022522766 1.4001986940101343 -9.671289612926278
335 35.48234151232721 25.001027708193234 -18.69302290733108 81.40523064091589 12.894189556715911 40.33365293906974 24.338894308102997 -25.04464766347878 1.4562891866805852 -9.646231615295381
336 35.34482712680746 24.94787045810244 -18.74434693942342 81.30736737112686 12.96018604905075 40.361264334111205 24.507680265989638 -25.039493609205262 1.5123809079120345 -9.626257039591568
337 35.215725269491415 24.893957335779927 -18.78678889051495 81.21875716454619 13.039808999012873 40.38918774364325 24.67188435860251 -25.03502297812547 1.5678868418325758 -9.612164766070375
338 35.096632707399806 24.839741642581984 -18.820795026402358 81.13711098676646 13.131470792541423 40.40969000634523 24.830956802354713 -25.031251358822672 1.6222783669313852 -9.604628425079571
339 34.98926923741527 24.785975577095087 -18.84833653994228 81.05934861985773 13.23045784971203 40.41619299286339 24.983834526117867 -25.028173434920042 1.6751697547333693 -9.604227343856998
340 34.89530463606837 24.73361354414865 -18.87252222448745 80.98231335173344 13.330159596881353 40.404391361375964 25.128451419092872 -25.025712913125453 1.726344519978531 -9.611359536888745
341 34.816005665991995 24.683646860739277 -18.896879475616995 80.90341101495139 13.423903411036875 40.3728490752218 25.261359944376096 -25.02375405038315 1.775678734709397 -9.626020809911049
342 34.75195417302906 24.636936438583202 -18.924780824881754 80.8207045176629 13.506088019549718 40.323284803535834 25.378049073212207 -25.022208433033253 1.82302769660534 -9.647617907851439
343 34.70294115381142 24.59408764022615 -18.9589307768687 80.7326642502479 13.572862450743601 40.26016613410911 25.47403518938368 -25.021026320153275 1.8681693351000572 -9.6749481633045
344 34.667963507852896 24.555375355204436 -19.000835327944415 80.63804435598803 13.622656161439455 40.18932614399674 25.546182819569456 -25.020157131704607 1.9108236589514995 -9.706323207104468
345 34.64528025062465 24.520738949682062 -19.050543081793265 80.53597754407642 13.655801503100983 40.116274732519706 25.59385720501832 -25.019539047374877 1.9507240636745848 -9.739741959830932
346 34.632506458500586 24.48985545195849 -19.10672207906464 80.42611752452407 13.673369805897199 40.04522012146742 25.619558293893594 -25.019110289166125 1.9877196208395678 -9.773056221983556
347 34.62670943616371 24.462259777996653 -19.166786309677807 80.30878892154757 13.67645931998661 39.979006220260814 25.628603725196623 -25.01884436540866 2.0218582857179817 -9.804107372305314
348 34.62454441666975 24.43745331151483 -19.227013723507255 80.18516100565962 13.666208283157612 39.919466027267596 25.627939504833524 -25.018845449691835 2.053387083388612 -9.830843671442807
349 34.62251215013253 24.414919838278745 -19.2828603183158 80.05735163781762 13.643724800031528 39.86778106042669 25.62468414787842 -25.01942286753372 2.082680720549307 -9.851470281883996
350 34.617349308678264 24.39400461895438 -19.329548145451454 79.92834772111279 13.609606833213382 39.824651191053256 25.62487516837053 -25.021037708552193 2.1101783112797787 -9.864678482317736
351 34.60644429410291 24.373748092102744 -19.362757500811476 79.80165250233713 13.563755915263245 39.79009306887476 25.632522783806778 -25.024133185282217 2.136367364783507 -9.8699160336543
352 34.58812254264837 24.352856766496412 -19.379258723646455 79.68061957358877 13.505926413609592 39.76297856692195 25.64908508337542 -25.028940423997657 2.161792103661994 -9.867556594032846
353 34.56173213617712 24.329884541379815 -19.37751624051597 79.56764743334462 13.436256613282621 39.74087103260189 25.673610432670777 -25.035344123254514 2.1870665829173617 -9.858854173054917
354 34.52758649137564 24.30348119506212 -19.358137939319388 79.4636277191546 13.355198027172044 39.720591520060125 25.703606062526482 -25.04286645937975 2.212881142673216 -9.845720774901475
355 34.48681405897264 24.27251556130378 -19.323741221299322 79.36796542836429 13.263436162473045 39.69924813761922 25.73623946711464 -25.05077158772933 2.2399790334255143 -9.830407866695404
356 34.44106905842539 24.23605823043913 -19.278121685817432 79.2791512766433 13.162217831894862 39.674871353247106 25.769198058510995 -25.058203742703764 2.269082354501432 -9.815116231872684
357 34.392144447441176 24.19332704475915 -19.225213166497433 79.1955070426347 13.053536373423984 39.64613132447023 25.800946262574207 -25.064298456121243 2.3007520499855563 -9.801628464937348
358 34.341705208486935 24.143632410696522 -19.168305894479712 79.11562183066845 12.940266135323114 39.61160767437812 25.830676563232537 -25.068301785415613 2.335206305656865 -9.791120700975185
359 34.29125885291741 24.086344224055605 -19.109647574726182 79.03838405544391 12.826732014966714 39.56933630086541 25.85826608225256 -25.069688044715303 2.3721884678790155 -9.784186907612003
360 34.242248293838664 24.02098166152448 -19.050548395678284 78.96296405768332 12.718594159796474 39.51683948676107 25.8844145735266 -25.068199962406087 2.410967152533307 -9.780985261237248
361 34.196121157395744 23.947452441989345 -18.991945753402945 78.88897219757756 12.62115492345258 39.451520893420195 25.910918657382872 -25.06380926063835 2.450475483574417 -9.781405468479896
362 34.15430209547936 23.866286880956803 -18.934959947876763 78.81663158126344 12.537652875719461 39.37122888044923 25.94070902363742 -25.05665430924401 2.4895299296232127 -9.785171352289112
363 34.11803362056792 23.778706870867314 -18.88107110889152 78.74676783700502 12.469144575082474 39.27481726805859 25.97737349487355 -25.04697451182319 2.5270177410950168 -9.791853679877521
364 34.08812018126168 23.68652580614179 -18.832027684835186 78.68058508092278 12.415388640564137 39.16270393447438 26.024222951765363 -25.035031653553595 2.5619473427567567 -9.8008741904938
365 34.064703999985184 23.591957487394964 -18.789704221392817 78.61926273155075 12.375452865778689 39.03740552574855 26.083114567307582 -25.02102442079462 2.5933744153914198 -9.811569085121734
366 34.04722432477517 23.4973634509754 -18.755864444396735 78.56349705702397 12.347845518370272 38.90359401562526 26.153582547817194 -25.005035396575767 2.620338319566197 -9.823276724946773
367 34.034600542310926 23.404961412258054 -18.731732000925152 78.51321823939371 12.330682382961285 38.76719035991916 26.233034268082655 -24.987060597815226 2.6419112038776302 -9.835389227493826
368 34.025518124791816 23.31660514142426 -18.717616228798473 78.46761279218444 12.321854952001319 38.63391454544601 26.318004992985433 -24.967107239695913 2.6573399772857256 -9.847363576196537
369 34.018673619109414 23.233746442243888 -18.712930688708784 78.4254013387001 12.318842105331377 38.5082191106929 26.405484905910953 -24.94525405153627 2.666210445626393 -9.858733058229394
370 34.01295367219735 23.157532695639652 -18.71652848592686 78.3851820628584 12.318536845777523 38.39293568539023 26.493511026512397 -24.921621069346447 2.6685662819884945 -9.869128417155817
371 34.00760353669212 23.088887019039923 -18.727109281869918 78.34559173292946 12.31754189744273 38.28944367523682 26.58109292319665 -24.89632014176522 2.6649114108150482 -9.878307707907034
372 34.00238399357134 23.028522022804555 -18.74359050076831 78.30526628788795 12.312654749403196 38.198121942728356 26.667839032867946 -24.86944813475922 2.6560795309989125 -9.886226617457613
373 33.99763506803538 22.97695430906011 -18.76532669834218 78.26280993873499 12.301263239526895 38.11884570538966 26.753421403992874 -24.84111719816532 2.6430524412675767 -9.893122160472537
374 33.99421769236933 22.93452188824933 -18.792135350651076 78.21686294562475 12.281653835314174 38.051352156987576 26.83701358699917 -24.81149223997345 2.62681608799579 -9.899547669736654
375 33.9934101643875 22.901347471944018 -18.824280407841314 78.16621394735165 12.25302594290385 37.99538218408812 26.916979201342887 -24.780824472015208 2.608264919553443 -9.906381631809923
376 33.99681982712033 22.877285218833794 -18.86251649497307 78.1098901703741 12.215146461737985 37.95065023995532 26.99086710836488 -24.749516374274318 2.5881124510863542 -9.914841080582084
377 34.00626018511779 22.861942602696605 -18.908102043109178 78.04714834387804 12.168134454840123 37.91684193011193 27.05548701377203 -24.718174025633967 2.5668035497202952 -9.926437908338336
378 34.02353001653472 22.85476172802029 -18.962656577963077 77.97735827001826 12.112746962804446 37.89372235966137 27.10702042212901 -24.68749712614847 2.5444880257450797 -9.942828425254023
379 34.05016286311267 22.855058720026452 -19.02782470103986 77.89989441123394 12.050951670808283 37.88122682786935 27.141330772186183 -24.658059660752663 2.521077045448803 -9.96560755237895
380 34.08726002328909 22.86200655520496 -19.104776727192192 77.81418372661888 11.986453680219373 37.879255767631264 27.154396902773797 -24.630241188977276 2.496331237725545 -9.996117301094982
381 34.13539871989645 22.874643665629986 -19.193683288427824 77.71995991973183 11.924936195247815 37.88689683663102 27.14261894737045 -24.60434056291008 2.4699448964114143 -10.03529897322939
382 34.19455464989589 22.891932176500692 -19.293372225016288 77.61757029099165 11.873839639552854 37.90125109328986 27.102976125329462 -24.580659844736655 2.4416172563782816 -10.083603724444643
383 34.26404730997391 22.91282389980399 -19.4012747704904 77.50810731457699 11.841782671116517 37.9164916554823 27.033173980085653 -24.55947430286563 2.411090783856879 -10.140972697635279
384 34.34254810700579 22.936330505959756 -19.513648786015448 77.39334165396967 11.837859304633229 37.92360542739766 26.931811237943492 -24.54095623271202 2.3781610355792693 -10.206900624119385
385 34.42815910111288 22.961641155210987 -19.62600435285344 77.27560438414012 11.870969083802864 37.910928476420594 26.79844795276967 -24.525109493219176 2.3426984951862035 -10.28057807612572
386 34.518531259652654 22.98829871059011 -19.733582369174037 77.15768654028122 11.949319303370975 37.8654034094509 26.633491662037528 -24.51175593528726 2.304675984879089 -10.36105557262738
387 34.61097188677285 23.016370724020597 -19.83177226156755 77.04270171580609 12.080010818468628 37.77421791910382 26.438102397115298 -24.500551694676393 2.2641542538013315 -10.447366125760698
388 34.70251555439134 23.046579000978557 -19.91647105861998 76.93389889564358 12.26837228624012 37.626323215935585 26.21440062686172 -24.49096109054793 2.2212439210458825 -10.538589992212172
389 34.78996621840776 23.08043223405133 -19.984298083979596 76.8345284018466 12.517095375242697 37.413404931249275 25.965909205569826 -24.48224710240293 2.1760750635233514 -10.633858925547168
390 34.88647380842068 23.108247567904776 -20.05832628235628 76.7495003967146 12.61548491335803 37.00651001754977 25.83006515880538 -24.494854949641002 2.126183196937458 -10.737841270697794
391 34.95735217526981 23.155791423651873 -20.089762769635122 76.67939204948978 12.928427023142422 36.60945570638221 25.596096620294798 -24.48680409267573 2.0770422066994847 -10.838898324857233
392 35.01302247576422 23.217013265982416 -20.094886472203104 76.62787032232694 13.303882536952312 36.15105099161191 25.351738321579273 -24.47741217301339 2.0258879658873683 -10.941030942458479
393 35.05003997738484 23.2958356128739 -20.071839647229275 76.59809172731408 13.722490236134197 35.62289622655078 25.11887489952456 -24.467073978454604 1.972634356129148 -11.043609544881924
394 35.06564827769988 23.398076742454037 -19.999661284402883 76.58477395475752 14.233007790026079 34.97290924090469 24.92963787997248 -24.456233557673936 1.9184786933345181 -11.146157352579039
395 35.05300747554864 23.525495076173037 -19.90656019604991 76.60750028197195 14.716498317778784 34.31501752341958 24.768726856018656 -24.44643401211354 1.8614282567960516 -11.247817350759425
396 35.00831564864979 23.683703088993752 -19.772453949495265 76.66274734197748 15.222853014755424 33.62409756636062 24.65392513276693 -24.43861151252178 1.8027501780448347 -11.348516085911056
397 34.92644023940858 23.8762329475943 -19.592686427897117 76.75475879100212 15.747128090520214 32.9224789666217 24.595455526740864 -24.4336774189504 1.7425223841095023 -11.44817216495097
398 34.80201280093104 24.105804365370194 -19.362386531567388 76.88769187093229 16.2900477082509 32.23929452286577 24.59716349874755 -24.43198119760815 1.6806839612149664 -11.546564191798309
399 34.62979698929076 24.3738554340206 -19.07719265401738 77.06534954488339 16.854168029660183 31.60429095188657 24.6576510681916 -24.433247180122798 1.6169358694913956 -11.643086305283461
400 34.40498369891349 24.68027222041986 -18.733612991816766 77.29095459601521 17.4416389396662 31.042613408995063 24.769794531648824 -24.43672191416808 1.5507372015196588 -11.736595614164655
401 34.1233638477993 25.023460002110422 -18.329354719640897 77.56700996711889 18.051503958763657 30.57023067952411 24.92167901309072 -24.441386428058866 1.481397324709147 -11.825709974864797
402 33.781442394908446 25.400820612945918 -17.863695859778765 77.89507606344885 18.677583165243853 30.191862073514184 25.09859791952468 -24.44615280767823 1.408182783046873 -11.9094525757824
403 33.376590605487806 25.809349361385696 -17.33782248556591 78.27535887192164 19.30812334328 29.90220459786366 25.285149976086718 -24.449994695862745 1.330361160676067 -11.987699064587122
404 32.9072537269067 26.2459750008956 -16.75494443284749 78.70620392557387 19.92747799766961 29.689279022702454 25.467068511086786 -24.45205984797596 1.2472112450641668 -12.061212546497284
405 32.37315353345657 26.70762804508555 -16.12012227316646 79.18374983110955 20.51904637542845 29.53832286101811 25.63270128150252 -24.45183130944413 1.158061908033337 -12.131487726436523
406 31.775378419667245 27.191313081646673 -15.43985794141576 79.70192404188035 21.068669345818225 29.43555193042414 25.77378860812395 -24.449241149750627 1.0623642679895597 -12.200555576312851
407 31.116272399756504 27.694226344748984 -14.721505531792365 80.2527963880801 21.567980056766334 29.37069560012808 25.88556343590793 -24.444649428393046 0.9597362858672066 -12.270742866970307
408 30.399113982429803 28.21373443256269 -13.972543968622984 80.82722825294235 22.017218625930173 29.33684657834367 25.96676366237571 -24.43869836241709 0.8499337820885251 -12.344396322416182
409 29.62768317169414 28.747238032025916 -13.19986526593631 81.41568364587383 22.42662528220063 29.328420561155358 26.019761416689423 -24.43206058739152 0.732782234454087 -12.423633480516449
410 28.805869620300975 29.292090116814375 -12.409386909856272 82.0090144847799 22.815193213499196 29.339643424590584 26.050402060580154 -24.425188517064637 0.6081267620547032 -12.5101698293098
411 27.937410671135083 29.84561759112083 -11.606097010043744 82.59905138859831 23.206908417206865 29.364354460244755 26.06716147451628 -24.418239938106915 0.47581858775582175 -12.605205199943397
412 27.02575124371213 30.405213779073275 -10.79431540206795 83.17892408939119 23.62628746216895 29.39630987561262 26.079672907304246 -24.41121607746693 0.33573493907417157 -12.709342061454997
413 26.07397757215938 30.96847081736097 -9.977986869171357 83.74316389360487 24.094725655637305 29.429528708863497 26.096981898609286 -24.404152783874697 0.18784426602842716 -12.822557609665228
414 25.08479637367207 31.53328710029806 -9.160960093278765 84.28765427585793 24.628199541352842 29.45874931576953 26.125855598414496 -24.39720869696643 0.03228868551746655 -12.944239413972193
415 24.060595697543825 32.097861803668785 -8.347223935334954 84.80942768913641 25.23639432008733 29.479817366433068 26.169507510557647 -24.39065517019398 -0.1306174752871006 -13.073295191194129
416 23.003647701352165 32.66057042454246 -7.541088778128512 85.3063271988246 25.922939508355668 29.489653405795597 26.227203670944142 -24.38483600572695 -0.30048186081433864 -13.208392712645006
417 21.91640970433798 33.21980952633771 -6.747292245937711 85.77661883771479 26.686307473860523 29.485941733648094 26.294928309914944 -24.3801157329618 -0.476894109645179 -13.3482868630582
418 20.801789667168826 33.77388509881616 -5.971002021161494 86.21864055065231 27.521045970116933 29.467184172559552 26.366705906827253 -24.37684213929454 -0.6594075422727147 -13.492069764421448
419 19.66329627472399 34.32097252391316 -5.217714605436253 86.63055735580967 28.41916260689251 29.43330360014348 26.43606928107684 -24.37535385229793 -0.8474903435497327 -13.63922528683557
420 18.505041554018305 34.859152733763544 -4.493032923522605 87.0102931892377 29.3716842452534 29.386208059071624 26.49746040051508 -24.375974385863923 -1.0404617509945697 -13.789490791829145
421 17.331600383056166 35.386493748682206 -3.8023152909803617 87.35561829166885 30.370262703564233 29.32987494716765 26.547192528091728 -24.378930157099507 -1.2374760903434343 -13.94270066332486
422 16.14784406049429 35.90113362940687 -3.150267129356074 87.6642732434196 31.40823156964625 29.270005796478937 26.583483386565756 -24.384285642894056 -1.4375932348950327 -14.09878080244269
423 14.958827161439489 36.401331507706125 -2.5405816516091946 87.9341097124284 32.480703962118675 29.21321978482199 26.605748183359616 -24.392015110541166 -1.6398460422384262 -14.25779015810812
424 13.769614631237038 36.88546133901881 -1.975688668909048 88.16334162379567 33.5839082590817 29.165802877892386 26.61393320302996 -24.402152969241055 -1.8432849778962666 -14.419823265611432
425 12.584969276613704 37.351948114478105 -1.456633237374227 88.35086850528634 34.7138736449927 29.132689058759365 26.608407673333893 -24.414909934838178 -2.0470655497008385 -14.584777900277968
426 11.409032352542635 37.79918152344064 -0.9831307980241069 88.49647593900698 35.86442770589862 29.117325768778286 26.590473611609557 -24.430724353791057 -2.250570090177525 -14.75214251942179
427 10.245139920083442 38.22547224373431 -0.5538626193457101 88.60085619094036 37.02520358960705 29.122439589874116 26.562877762357463 -24.450237274964923 -2.4534974128165956 -14.920933827750135
428 9.09578839179559 38.6291084567079 -0.16704116370962613 88.66564497387817 38.1809126055965 29.151615827025353 26.528823753101918 -24.47419617465216 -2.655867338118359 -15.089768725944607
429 7.962749468720817 39.00849280705107 0.17892502836023402 88.69356195705734 39.312422025300464 29.210211853244513 26.489753474259693 -24.503358164915653 -2.8579563516610516 -15.257024523892538
430 6.8473507579223245 39.36226433629555 0.4851179350950226 88.68838067233835 40.39921419334095 29.302959648470985 26.44512453561313 -24.538481912882315 -3.0601961823352752 -15.421115052132484
431 5.750882403797879 39.689366573552476 0.7523168906787235 88.65452243471056 41.4226764595303 29.429446130004486 26.39485115321272 -24.580364534873095 -3.263010607011061 -15.580828440895027
432 4.675056595125349 39.989144240570404 0.9812344700375869 88.59643138361929 42.36948696743345 29.582354409548664 26.340634257885235 -24.62976823443164 -3.466601992011944 -15.735570086322163
433 3.622395327680102 40.26150956306106 1.1723493972062415 88.5179513486894 43.23364655046639 29.75016873014669 26.284487655715978 -24.687203210823824 -3.6707742538801758 -15.88542885343046
434 2.5963471743192934 40.507068539586264 1.3255209979064901 88.42188426979317 44.01598092426053 29.92159159108734 26.22696090796914 -24.752680978633435 -3.8748520845682064 -16.031063667765157
435 1.6010428717541745 40.72708106394618 1.43977342850223 88.30989142899635 44.72161253993101 30.08886794717487 26.16714630658671 -24.82553481638372 -4.077706301115761 -16.173459404682543
436 0.6407996024591182 40.923245316908776 1.513424647763332 88.18278066188547 45.35710327738115 30.248896758924378 26.10401081027252 -24.904350774545293 -4.277872382695174 -16.313646014411816
437 -0.2804672900742683 41.09739827884758 1.544540458903825 88.04113621649473 45.928743638110596 30.402119860705906 26.037501939615805 -24.987104696045098 -4.473697267840327 -16.452404772691345
438 -1.1598019153393948 41.25125127685637 1.5315486693101978 87.88610071141483 46.44232495818676 30.550120439174957 25.968589385587002 -25.071510291455613 -4.663487306011418 -16.589997255868052
439 -1.9956152792857074 41.38622449374369 1.473778995212499 87.71991083732108 46.90362870680216 30.69340415776383 25.898738247806744 -25.15528248068492 -4.845723059079505 -16.726096058420797
440 -2.7878060790500974 41.50335593386228 1.371784616329032 87.5458756326833 47.31875088223579 30.830488462172926 25.829526888491912 -25.236131710660715 -5.01933710461748 -16.860057427298926
441 -3.537489497938383 41.60325438109245 1.2274310907628863 87.36781569683477 47.693877910657676 30.958564291543972 25.762504997790927 -25.311851246109022 -5.1838494895758265 -16.991410575377277
442 -4.246380480832912 41.68609933247426 1.0438679612943096 87.18919409375788 48.034611319129986 31.07504028923988 25.69948787919306 -25.38089104006383 -5.339107813460123 -17.120175262059362
443 -4.924763606061161 41.7498095300793 0.8212037744889301 87.01622425972148 48.29430304182174 31.228220007351737 25.50355585940761 -25.446362319669664 -5.481854330787647 -17.241211918608442
444 -5.557114088546882 41.79772876364582 0.5747048969924619 86.84195430349295 48.58332723959587 31.319801479902715 25.454803565826925 -25.502900652369284 -5.61736146062694 -17.365609453474733
445 -6.151483643219486 41.82608594706003 0.30630625795360206 86.66872291798572 48.84545730160186 31.39166917029671 25.434735035333617 -25.55572193004997 -5.742320192289939 -17.488432740657544
446 -6.7087125014827755 41.83314610977926 0.024161568343138894 86.49441313322053 49.08235306891024 31.44892287930499 25.43837841609133 -25.607299142019517 -5.856083320175143 -17.609127205120107
447 -7.228825828188291 41.817133070375 -0.2626465694126298 86.31596498548035 49.29515767449606 31.489490382476937 25.471039949548768 -25.65994134374581 -5.958334001328016 -17.72732727558529
448 -7.711608776307981 41.77684408879324 -0.5451090778811397 86.13014244907117 49.485027415524854 31.510816829794294 25.537443349062375 -25.71549900833076 -6.048969044543993 -17.842813209261063
449 -8.15678378235353 41.71218784858897 -0.8152021844260291 85.93407798032517 49.65321041980769 31.512132738915376 25.640243839872213 -25.774970597877317 -6.128166766584611 -17.95554761056367
450 -8.564193221332081 41.6245142787458 -1.0665050588826115 85.72579487395845 49.800668738933965 31.494933568345697 25.78006577639505 -25.838162014531928 -6.196547327240403 -18.065589512320468
451 -8.933961701943614 41.51672751607702 -1.2943933905283742 85.5047880521704 49.92780335168752 31.46202225086127 25.955678521269103 -25.90361261531277 -6.255233776432597 -18.172880028273358
452 -9.266490086773914 41.3932632198467 -1.4959207073889278 85.27258627996854 50.03497544675989 31.4164994292814 26.1635500143882 -25.96896899638561 -6.30562115639092 -18.276986910844762
453 -9.561068868851502 41.259828086426324 -1.6687471240777152 85.03349813201937 50.122772317586644 31.361048240141805 26.398059466434766 -26.031507404630812 -6.348818519728639 -18.376693826002043
454 -9.819698116529457 41.12403239767583 -1.8143408560184349 84.7945698640417 50.19430660244608 31.29991622144117 26.64460899322531 -26.089265693923473 -6.385987135877205 -18.470667198185726
