 SacrumPelvisFlexionExtensionMoment SacrumPelvisAxialMoment SacrumPelvisLateralMoment GlenoHumeralFlexion GlenoHumeralAbduction GlenoHumeralExternalRotation ElbowFlexion ElbowPronation WristFlexion WristAbduction
0 -0.5881382455982175 0.38880792343781134 7.459829412527837 -0.34364995667309206 4.282983211484328 1.101182259110511 1.68754579561321 -0.11521834440064413 0.21027241429917992 0.020997146564083108
1 -0.5757299070747496 0.3806546921752706 7.385869065908132 0.011153999403268569 4.318453682131135 1.0214648650248577 1.7986227238549863 -0.12513813739684349 0.21610613105563609 0.018438065296181187
2 -0.5627625386653451 0.37228693211087477 7.359720336229811 0.43397630416469135 4.294985262248776 0.8558775869016011 2.0212630551179727 -0.11956488016547417 0.2228100907663766 0.045560678447570446
3 -0.5469845814794801 0.3621004521873472 7.3097382002024425 0.9576148810190186 4.28684391972381 0.6724163727641171 2.2454840472660464 -0.12170676695949612 0.2302405998380813 0.06230883864139418
4 -0.5434632259715622 0.3598739119880598 7.307268576948106 1.175035980808567 4.274234964814733 0.6130644780157861 2.3277170166231644 -0.1204805055281388 0.23084708547270313 0.06972838645453434
5 -0.5434682313717133 0.3599144946839732 7.3030600099386 1.397561493793474 4.269205961738708 0.5540914344150923 2.407404428010781 -0.11870071634748403 0.23060202983673755 0.07692712219387307
6 -0.5417703489601386 0.35884908396150117 7.299387465701956 1.578796557479938 4.264662546019609 0.5125343005570784 2.4639808145424915 -0.1158913126874395 0.22866007285555978 0.08269612148808986
7 -0.5403776254182155 0.35797001183697436 7.296427142403941 1.7193626481967113 4.255209951483424 0.48683257528248136 2.4993236867799378 -0.11226022519098366 0.22497460954640888 0.08736584293803767
8 -0.5391833692274733 0.35720186934221965 7.293837382540641 1.8242957481570232 4.236613371543282 0.4739562539644495 2.5166043443061166 -0.10811403087420195 0.2194481001667054 0.09119472757491716
9 -0.5383509472474012 0.3566399241215284 7.2917049479700875 1.8994930934740413 4.2066507660626336 0.47081160487638973 2.5193103393228036 -0.10359596347640751 0.21228450835337243 0.09435124954343105
10 -0.5369235480500392 0.35565269051908854 7.288163142054124 1.9504744592661059 4.16441555010868 0.474508624796403 2.5109481205962694 -0.09865400679142602 0.2040568872944973 0.09702440424625622
11 -0.534956164294229 0.3542647579300513 7.284840094811868 1.9825828516813093 4.109458143106769 0.4820407216459164 2.494637283893351 -0.09312284461400683 0.19530690670596138 0.09947447686919329
12 -0.5331254792541509 0.35291590727801747 7.281160002620317 2.001180069587783 4.04169641916348 0.4902469450810447 2.4728480939833553 -0.08689396969771068 0.18618577892199345 0.1019592242171449
13 -0.5318499351075018 0.35191319076090055 7.275063717765736 2.0120955793915747 3.9616522873757276 0.49617676884889184 2.4480015665344435 -0.08008814148168004 0.17659543108757456 0.10470480858941349
14 -0.5306506238587678 0.35099363655047766 7.264888990406873 2.0217887611489664 3.8705803684776097 0.4976747881781174 2.423063264203114 -0.0730128291317218 0.1665940250642334 0.10791033056495607
15 -0.5290148692179384 0.34983595005652907 7.2493164610065115 2.035801719958482 3.7707921239202586 0.49411393385102054 2.4009419780439383 -0.06596833120796952 0.15655579087208382 0.111682302800999
16 -0.5258100201040806 0.34768421073272104 7.224375967362272 2.0569290305461774 3.6658498221768236 0.4867164291385795 2.38346838059186 -0.05909483660243128 0.14704363419778882 0.11602548783640097
17 -0.5208038691543061 0.34437378884885506 7.19385075361779 2.0849699832103763 3.5595917801168837 0.4780628931465918 2.3710622752976973 -0.05241829020957666 0.13858955386416497 0.12086851939495333
18 -0.5142138288766841 0.34002810119621246 7.131663294583778 1.905993667820134 3.1874123563693777 0.4433764573937473 2.2071068628103454 -0.07417203890394272 0.12398298108595508 0.08362924894628346
19 -0.5065283431104397 0.3350921066343959 7.201448782103026 2.3618035597995486 3.6005750661279223 0.4904878948815026 2.512509149031948 -0.01223705994760092 0.13189823542835638 0.17325217357114603
20 -0.5017360015154135 0.3318884393320109 7.11786925307557 2.1880401899282784 3.2533003056312046 0.46996781338000115 2.358437321764218 -0.0345672689699785 0.12226677609240531 0.1372877665260085
21 -0.4978485382355119 0.32933468494621676 7.095938437156715 2.1927013282105374 3.1620698771676783 0.4982401948007219 2.3392517973443976 -0.03226893697872357 0.12082014442257463 0.13838210433517834
22 -0.49557659010789357 0.32783422840918275 7.091101395627904 2.197419079674442 3.0729988940779887 0.5304627131925154 2.323535358392314 -0.03120708199910653 0.12054375495166206 0.1393761409334374
23 -0.4954904542927372 0.3277258015681896 7.095587083476233 2.1927689632198475 2.988352540829452 0.5745115184207408 2.3038259020890663 -0.031818198803935924 0.12137186906798514 0.13876072514576496
24 -0.4962987714576669 0.3281664890600675 7.10653442701786 2.1802676799112617 2.9086882440650537 0.6305273370574049 2.2791727644435102 -0.033820628907670125 0.12279006161403705 0.13658184597779477
25 -0.49814161352165576 0.3292543994715433 7.12612074392749 2.162282965855005 2.8348249541220794 0.698710303614797 2.249043642084298 -0.03690622818850269 0.12432520486997795 0.13298490767179372
26 -0.5012876476353431 0.3311756900309485 7.158488384329184 2.141294423035041 2.7675757797080633 0.7798813341207764 2.2136344329113102 -0.040745629455265366 0.12592015518182442 0.1282037564538172
27 -0.5047469881622075 0.33330344517385646 7.2040015173312755 2.1191065791729162 2.7076260614938787 0.8754221122654289 2.173243057139496 -0.04492490207619586 0.12797799160958426 0.12254709295696495
28 -0.5086462801924215 0.3357309167433139 7.264784964439762 2.096564661923437 2.6561002476664353 0.9871396809876146 2.127641170367123 -0.04905800115673758 0.13097696614539894 0.11630861666918561
29 -0.5116814160309748 0.3376126724992845 7.334396623327901 2.07413144682222 2.613803349794705 1.1156780101810893 2.076904765906675 -0.05301501887403338 0.13502421112030574 0.10974732403669551
30 -0.5140340901984746 0.33906849109133275 7.411278673128343 2.05184231637833 2.5790791920469642 1.2579951649512886 2.0225423061989014 -0.05692815653086815 0.1397631441720615 0.10314633664843753
31 -0.517764639050279 0.34144731412218 7.500604979312927 2.0284272686438216 2.5481534830094668 1.4081113113340422 1.966769378762951 -0.06095738817048748 0.14462321793335034 0.09676940121657321
32 -0.5217446875772644 0.3440262271639307 7.59691813810676 2.000996714071583 2.518164428592725 1.5611722743175198 1.9108389485165103 -0.0651522058647822 0.14909649827459928 0.09073248927217731
33 -0.5261975376336991 0.3469390505112137 7.7092290793410605 1.9658312349244258 2.4885991028835788 1.7154244946304722 1.854932132921492 -0.06938037834196531 0.1529750074956095 0.0850771276854972
34 -0.5292018585398632 0.3489164480715967 7.838173655295288 1.9195173515791013 2.4601339012346792 1.8705723243236487 1.799216028795821 -0.07324442751526712 0.1564547065763702 0.07993763570040725
35 -0.5326835996033363 0.35118346557582425 7.971598179968764 1.8599303389653685 2.4334916822859833 2.0259810425193687 1.7444810916811468 -0.0762215982093436 0.15987724414781437 0.075444643229742
36 -0.5373746943750309 0.35422651125689364 8.1034260559176 1.7877293593577872 2.4093826700293755 2.180239302296796 1.6928641125503106 -0.0781522602110485 0.1633529662491436 0.07163117134876812
37 -0.5419792613132588 0.3572157708821375 8.219284421430569 1.7073014222027236 2.388590169777447 2.3309176175299866 1.6484088764315055 -0.07944453997541397 0.16672094198933401 0.06864436572699563
38 -0.5449980638714232 0.3591768553940603 8.303398556632748 1.6253509698985524 2.371299416250055 2.473838799449932 1.616010919617229 -0.08063741197065025 0.16978532252108466 0.06687508491385404
39 -0.5464267405729448 0.3600983788287416 8.351799797735474 1.5490494732490105 2.356596757722877 2.603091556925362 1.599735724038605 -0.08195762456043049 0.17242844204615262 0.06671949050796805
40 -0.5469243821665299 0.36039317742747834 8.365997307783317 1.4861343024598148 2.3435171849337886 2.712747425697713 1.6023299283851127 -0.08329095458833942 0.1745602782740519 0.06836779127680723
41 -0.5432702274723583 0.3579649774578536 8.345272613557597 1.4458501821741718 2.3321045415628907 2.7981920082188805 1.6256349394794238 -0.0842460346628153 0.17611252283420312 0.07195209024824481
42 -0.5360095945701286 0.3531593570597215 8.311149710083232 1.4382398516565695 2.3227142683002895 2.8557693289254793 1.6704664948654633 -0.08427065675569108 0.17706144896058612 0.077671658445259
43 -0.5224739850083429 0.3442297090018236 8.256683181807684 1.4713233009296645 2.3149351810553904 2.882730444963253 1.7354896704595886 -0.08303854064456895 0.17740626084126881 0.08553511795960725
44 -0.5041696117748395 0.33216344010696397 8.2193639296623 1.5486415999209666 2.307742917357485 2.8786339071059555 1.8164803677793397 -0.08083850762173495 0.17714604356797492 0.09506383847917661
45 -0.4986170235783751 0.3282784430801867 8.237370704497202 1.6690839863140359 2.300336870320022 2.8464435520710234 1.907133540506821 -0.07842269448175207 0.17631130322910304 0.10538015027160248
46 -0.4890909841684743 0.3217651436421545 8.27677652196136 1.8280670330818352 2.2922388924046095 2.79129177781202 2.0006699469879323 -0.0764448584915329 0.1749706918069857 0.11553232026864214
47 -0.47934565332018847 0.31506080682278137 8.352511319006117 2.018563392765221 2.2826272496069557 2.7183678366260735 2.0911364094413907 -0.07522705297650942 0.17317696763843526 0.12474244613364238
48 -0.4699422803369028 0.30854523632961167 8.460129804439651 2.231526234243682 2.270720093253372 2.633342180823054 2.173794770987789 -0.07487298955904993 0.17102889503958835 0.13252585026696076
49 -0.4572060180711255 0.29986490775497376 8.575604556406425 2.456262120236577 2.2576062974777695 2.544747952226457 2.244756879344272 -0.07516027387893402 0.1688688932216914 0.13871052151100904
50 -0.4605390853618829 0.3015776343948764 8.750432150341297 2.681776879592759 2.246721305935288 2.4638244931216002 2.3015048263541336 -0.07549863142182814 0.16731876630053574 0.1434424391570585
51 -0.4650317042737275 0.30403131608206313 8.940445354050478 2.8982253691207136 2.2409809515310655 2.399599883836102 2.3442852454341025 -0.0753733007128735 0.16690121987234074 0.14712104294693362
52 -0.46595440598701854 0.30412907612996565 9.091055224925862 3.096383534925116 2.240016594302254 2.3548428393968397 2.375085484713982 -0.07476687903329757 0.16762724945034985 0.1500780763654955
53 -0.4598920095173225 0.29968106939458344 9.194394323197352 3.2669763942723824 2.2420988559429142 2.329782717246486 2.394513581206086 -0.07401216034851452 0.16912667137494156 0.15229919404366257
54 -0.4553047021633666 0.2962110149649606 9.28203477872609 3.4019574291601797 2.2476605864012447 2.3280825500157025 2.400858384486721 -0.07341276479641143 0.1710736221270692 0.15351596018943048
55 -0.449789739430252 0.2922243824109082 9.347508124001836 3.495051647773285 2.258632001483666 2.355373898245995 2.3915564215008454 -0.07305609042969335 0.1733234713788649 0.15341195524131385
56 -0.443388434343788 0.2877829567643533 9.392753335229003 3.541682991067008 2.275399099519172 2.412878597725438 2.3651661212152786 -0.07291134451729651 0.17568265686472567 0.15178072158106515
57 -0.43506441915879246 0.282225919832614 9.418507264295403 3.5413229012990346 2.295762357130389 2.4938617298348342 2.323463022287984 -0.07290428817597189 0.17765246777296417 0.14872982322362
58 -0.42516490917499145 0.27577093407198866 9.42611064647422 3.5008446309776144 2.3157016927747542 2.5837826369970114 2.272933578519795 -0.07271618106005816 0.1784283024132448 0.1448803744446506
59 -0.4187106795561569 0.2716473715965194 9.434274432019539 3.4365906318522974 2.3302986518497915 2.662075693404332 2.225144071739087 -0.07170773955049344 0.17714345443893925 0.14140287727458742
60 -0.41219562668695914 0.26756352478952283 9.43758227673689 3.373306261961721 2.3345041854236954 2.706560612596787 2.1949339222416158 -0.06938426896522848 0.1733097356660232 0.1396205414206436
61 -0.40441275221571077 0.2627068627430378 9.439851832682642 3.3356936698802855 2.324275979423176 2.7006942883540908 2.194023275265041 -0.0657611221722732 0.16724314508572027 0.14021665640445324
62 -0.4000549963538419 0.26007472090422545 9.448954215428 3.336133054136553 2.297830398723802 2.6388575746252463 2.222785873281627 -0.06095797462318439 0.15992053158662106 0.14279458376147097
63 -0.39625585778179295 0.2577996990243566 9.472418877011641 3.3718528655993474 2.2555847415871875 2.5256117401873164 2.269504661157455 -0.055054161817305575 0.15220219776370997 0.14625345189592914
64 -0.3915054555126246 0.25489536775192245 9.507635696345991 3.433373854134736 2.1999036826818745 2.3733329474042453 2.31872390160509 -0.048672337455848286 0.1443530304255486 0.1494686569477124
65 -0.3841769335264959 0.25030232479100256 9.536800717496458 3.512399055208413 2.135347312876618 2.200443057851431 2.3597158553340387 -0.042920166119472455 0.13638901101441814 0.15177564434915441
66 -0.37337556044019726 0.24343669091902287 9.5437069015716 3.603150062729304 2.0671350358600087 2.0259271103688485 2.3891842304877193 -0.03860238792532986 0.12854364692580378 0.1531235988633392
67 -0.36651984038440477 0.23908589013330075 9.546917141457103 3.7007789485198392 2.0002133967603353 1.8657088971001428 2.4088391030989063 -0.035804135003833615 0.12138233726918274 0.1538861305097664
68 -0.36560136733873183 0.23853573348213322 9.558981853746598 3.801761583847277 1.9408171001361412 1.734817210229522 2.422087645529872 -0.03396594291777914 0.11571851818932205 0.15465772966747407
69 -0.3649071180549879 0.23809612011005454 9.553153737775569 3.9055963462057237 1.8956799880735007 1.645838065429326 2.4333070068859244 -0.03219318629458051 0.11230603397635167 0.15619192553852435
70 -0.3576096403631391 0.2333699866101919 9.510963978894905 4.013603560660156 1.8685711206383842 1.6030732179215765 2.4474291045549807 -0.029694471596869283 0.11139718595258713 0.1591624288644961
71 -0.3520112145580917 0.22974072945725607 9.468358612514294 4.124832135629447 1.8589133192218772 1.6010938478064096 2.467406343691141 -0.026045715752034845 0.11254049849980269 0.163782642970905
72 -0.34446172761017285 0.22487158253858255 9.425505586031289 4.232538711860436 1.8628367126749308 1.6279609130339163 2.4917313477591563 -0.021293730371627188 0.1147466317957472 0.1696431649720442
73 -0.3363241177235106 0.2196548534615411 9.382343570359087 4.32355877487189 1.8747853332735516 1.6691962693022184 2.5144067363061646 -0.0160281199822325 0.116763512244867 0.1757207031545401
74 -0.33103490716421163 0.21631618455712445 9.34130526349495 4.381951826744277 1.8896925332114187 1.7123051142547903 2.5275665228087507 -0.011065238182378721 0.11742261589197112 0.18060417665397915
75 -0.32652251280538563 0.2135199543051975 9.293967193310321 4.39620405525013 1.9047455190113627 1.750724962401546 2.5253229985558057 -0.0069615428632403345 0.11613014013431952 0.18309569746186477
76 -0.3122796525802659 0.20456705259551838 9.173733519489762 4.369495264756373 2.028981999506893 1.9906933626341534 2.4328830813711155 -0.0016398015100006977 0.11581527978695497 0.1821166358968936
77 -0.33788202103816806 0.22101311971426035 9.283411059847932 4.294381473893784 1.7087554541462278 1.3887298381092639 2.6254458787207646 -0.0067094608422642 0.10284423275464555 0.18133095370270205
78 -0.2925868740971401 0.19230004782093127 8.94734524412802 4.214696199196422 2.1487040664258648 2.2315716248073856 2.2934100714576764 0.0035662217039575395 0.10943191688716591 0.1735262936195921
79 -0.31310197845006627 0.20547184309904842 9.016191828356696 4.129700792942016 1.8470442415903134 1.664420761888283 2.4661727986009025 -0.001637875185934938 0.09621857978031019 0.1699181009851574
80 -0.29716035703402266 0.1954025597877301 8.842909266411342 4.050831966769777 1.934146602280925 1.8457562755936388 2.3725476664194947 0.0013197202826197782 0.09414927018483339 0.16231512920585145
81 -0.2886028642730828 0.18998221643542915 8.715916041064512 4.023928907502044 1.9319570640573558 1.850950512672212 2.3623250060074796 0.004806367770245561 0.08900498282084086 0.1583919717345762
82 -0.2803766611102514 0.18471124301713945 8.589800568817052 4.038376565054168 1.9161699206653375 1.8263520589728606 2.3795689980769783 0.009824826722868246 0.08367426677756624 0.15629315670683866
83 -0.23650113531729922 0.15676583975309627 8.147328804385252 4.538395611685061 1.7092158696666684 1.2936832953877964 2.7101331564258766 0.017625811543826586 0.05252346788148061 0.18577016067421434
84 -0.298727916301642 0.19599086115958905 8.613274723811994 3.784239935657778 2.1347563106507974 2.3929682523654945 2.1525534388319176 0.02558641259001844 0.1046108338699064 0.13191263139300352
85 -0.27350538486742104 0.18004643050373165 8.351686375787601 4.318192058094876 1.766930314493684 1.5295306090343135 2.5929950882366404 0.025268436121717266 0.06552506044028579 0.15923949660327777
86 -0.2599001561450004 0.17115203310242472 8.247448736019612 4.419284565477662 1.8493959047287158 1.6979140907890566 2.582133729888856 0.030762129867822015 0.06911957111481987 0.1603760529091176
87 -0.2582578067768734 0.1699486258945621 8.251942174313296 4.568922424858193 1.8167437738204868 1.6067111627579602 2.673964309422005 0.0322119515091148 0.06420032883157152 0.1677636957989015
88 -0.25489473193306067 0.16760566029383533 8.265151189846115 4.689352367665845 1.8317460403648487 1.617923455697203 2.72662078990046 0.031206494658154393 0.0657298287717977 0.17537223047213918
89 -0.25233276180073255 0.16576899861330952 8.310866735869194 4.798479178600033 1.8490086150436904 1.629377659396332 2.7814395122493347 0.026838835823502834 0.06962647899591413 0.1858554933966884
90 -0.2494843918236949 0.1637500975948063 8.38537427279467 4.892719982036551 1.8784208613248587 1.6661442997467693 2.828901625035357 0.01928449079808739 0.07765283140436395 0.1988333283451117
91 -0.31411630004212066 0.2057949205894759 9.17267810853545 4.207078775016791 1.872609316402842 1.6672204696313646 2.5664444503643824 -0.018964445012502815 0.06066859189594074 0.15400055407539623
92 -0.16841430597147675 0.11069105665003491 7.988071710338772 5.701603598063992 1.9773425086037755 1.7832689805121427 3.1733299947331193 0.017615593278608174 0.12653055782221242 0.2793881922079797
93 -0.25387399658842696 0.16609407761883732 8.741269256622097 5.118381528172165 1.9921645516809825 1.8414950709992643 2.944714201234473 -0.01582399591351833 0.12416510593004296 0.24692952666493195
94 -0.25895068993225395 0.16927185413402207 8.903884182165148 5.171335964816755 2.0304590618806997 1.902283947388637 2.9580240790085983 -0.02794926532434977 0.14129587352691775 0.2606546809655836
95 -0.19478761619299 0.12739215306745252 8.426217181963867 6.38187675172491 2.1937230308984303 2.1746080365003526 3.333681781479398 0.0013121288584974598 0.20662342873957118 0.3567824321608276
96 -0.38178312412070614 0.24906817442447332 10.58814972477779 3.0804232361075146 1.8564030542305232 1.5561381463284711 2.2816049132604537 -0.10575693714505299 0.0676307235135201 0.12790855148070757
97 -0.18521244481242416 0.12082039301278029 8.252065819432755 7.8223852501939675 2.42906354670761 2.508279553164575 3.7125917222440483 0.03686347517802938 0.27674363171838035 0.4632136487322537
98 -0.31555880538943815 0.20565115648857937 10.164770018482454 4.280511971558382 2.0013150011627894 1.6964318134697565 2.7030676563898575 -0.06136451874628888 0.11610811677707551 0.21939863594857636
99 -0.27004154518826573 0.176176566381935 9.60077003997138 5.406566861083768 2.182430933809176 2.0674215430767897 2.805920885325736 -0.04711699540377465 0.16242688966034008 0.25565460869841994
100 -0.32349261736503127 0.2109249555384019 10.388603276333566 3.5631958887758834 1.9138920583261516 1.621548420183829 2.1574828438968394 -0.11286724124795075 0.0713769932814177 0.09515180867511133
101 -0.203944297434474 0.13308713324977953 9.10324173883626 7.0113626956839425 2.403761932486372 2.2334905628223582 3.323691459222676 0.03198574975774804 0.2136493772322274 0.3698079074810288
102 -0.2634047862961884 0.17178482053907587 9.844248717006096 5.390281115531895 2.1965629283485293 1.938761147547187 2.7002910010947234 -0.021174596572251913 0.1399619107735102 0.22678600488527417
103 -0.2651493816242853 0.17294879120538187 9.9244241522178 5.2800592812809395 2.1845221906902537 1.900908678146151 2.5851585705576916 -0.02138982116981148 0.12909237217403108 0.20389027741594065
104 -0.26501669022283963 0.1728379657888545 9.984170658352689 5.201390335485424 2.174914573805143 1.8795576833962306 2.489413656843552 -0.020205479210981262 0.12083655293891567 0.18742228372868347
105 -0.26428475097228654 0.17228842147937118 10.02864117009457 5.112690524970359 2.1584729888865914 1.8601392737222062 2.39150940176878 -0.021816432248285313 0.11243761404809777 0.17120472679755439
106 -0.26255569667799405 0.1710138506944862 10.051403363920723 5.014857666123826 2.1349577961573996 1.8395800978468981 2.2930578827006958 -0.026026301407691965 0.10379600697261032 0.15506283252693942
107 -0.26015701742250674 0.16939632678806302 10.00453159793051 4.7048835274832825 2.1337150004740053 2.0182025656718747 1.9546428843150812 -0.052478962759929866 0.09560148705084465 0.09830580408801202
108 -0.25691754420960666 0.1664565359203387 10.069064085434432 5.0016090764325885 2.052477044838027 1.6033823666013667 2.33547223251505 -0.015983322591850875 0.08761241482521462 0.16609147229760182
109 -0.2551404853768491 0.16502444812006317 9.983007501867679 4.720667010415579 2.041428360104541 1.7632496841318341 2.036828456538644 -0.0368459461328911 0.08228292357880158 0.11860276829555946
110 -0.25125831333691007 0.16210635345931038 9.917060826195758 4.6255652279426345 2.004338180569838 1.730364865860196 1.9683026992273227 -0.03623450017339166 0.07754091928655046 0.11090503963576206
111 -0.24749197821547692 0.15940856277755847 9.836181188491288 4.539671033864974 1.9675705052725339 1.695577338139221 1.9135468191581915 -0.032779226606357785 0.07418279682566953 0.10576491151707959
112 -0.2438204620253383 0.15693138653622601 9.74884431274983 4.455812673905962 1.9311248223833 1.6576094870952727 1.8689467651405118 -0.027649371834582596 0.07168161371652702 0.10151239712796181
113 -0.2404460434842149 0.1548236201023377 9.662067591697836 4.372361921445916 1.8959446738380226 1.6170329916120814 1.8336511008813503 -0.02170841402737405 0.06971144746471113 0.09757227726896478
114 -0.23817320373741235 0.153632353086383 9.582054177844 4.2910341389255375 1.8626056737868504 1.5748730811010723 1.807966182882455 -0.015695079782616972 0.06831541146840261 0.09425319248243448
115 -0.23466767846349423 0.15182157488899978 9.510421734518612 4.216116329907243 1.8319315145240407 1.5325607782091115 1.792731480902021 -0.010132605749374142 0.06774041807634243 0.0925189225516984
116 -0.23256846143431664 0.15096601653608774 9.459569003514181 4.15144457663445 1.805577122481908 1.4932538908244062 1.7874050972670097 -0.005398489898426832 0.06787255479146162 0.0930191755017376
117 -0.23121169718526285 0.1504703949697991 9.429735075496222 4.098195796249343 1.785503180413368 1.4635020437412032 1.788819904776653 -0.0017550451405592485 0.06823812285678066 0.09540100636906938
118 -0.22901246888920446 0.14919886357544535 9.41383530756047 4.0552125992131005 1.7724483966090945 1.4496735357049428 1.79267565589794 0.0004690022164286281 0.06836528162194436 0.09848169595288885
119 -0.2258503358829571 0.1470629377831497 9.407561430969146 4.019663829569613 1.7650600725678696 1.4524710306783062 1.7958008022918257 0.0004568909256021242 0.06783251900379123 0.10067730707172151
120 -0.22224657259591835 0.14449109366224058 9.407871271881392 3.9878784480280736 1.7610296775118899 1.468306134606478 1.796921333145424 -0.002750391422994748 0.06634393732312108 0.10060274253477008
121 -0.2186943185294981 0.1419134854026542 9.411451303518112 3.9585813117842163 1.759012529834899 1.493583714894994 1.7969454990931344 -0.009215791512870226 0.06394785438479893 0.09783268733742712
122 -0.21551673356445944 0.13959767474531834 9.41672896470606 3.935207615237569 1.7594995359859176 1.5260594729349117 1.798702382749426 -0.017727709470960556 0.0611493718366326 0.09325192327035142
123 -0.21292474535301514 0.13770208169968917 9.426920412421797 3.923599400447844 1.7641081242835652 1.5645566172542384 1.8052167469847884 -0.026384678231703745 0.058700318714524996 0.08866332179071205
124 -0.2093012319656792 0.13517626516455547 9.445466996744383 3.9285478202801967 1.7741177739577978 1.6072724987785632 1.8183381273297903 -0.03355849081179674 0.05701804814947513 0.08582453650919254
125 -0.20583206538257184 0.1327487622458494 9.493811541905867 3.95179751345071 1.7896948101484176 1.6504733187711007 1.8385841866204358 -0.038485835788726906 0.05595132326973453 0.08560410749355384
126 -0.20204730994064554 0.13009932978098748 9.55993436130058 3.9905769275299914 1.809797387853226 1.6893567722359375 1.8647456447192345 -0.041329203086190286 0.05511758806378829 0.08762725607418015
127 -0.196666078457137 0.12644096517992473 9.630901740982539 4.038417049720189 1.8320333885981668 1.7196978288574403 1.894056229257239 -0.043410439459738756 0.054178659906372356 0.09025100848137356
128 -0.19141888104541505 0.12294854530025298 9.699125287235194 4.08917391320898 1.8535246386385407 1.7404415720100084 1.92418511843637 -0.046719048946779806 0.053052792138718226 0.09148139127504246
129 -0.18047201713007965 0.11588877258601993 9.747750549926845 4.140338675836041 1.873079736242811 1.755035408543549 1.9549453734917062 -0.05221271451016053 0.05203191701902783 0.09047130261881535
130 -0.174070638399403 0.1118718419602748 9.795771279358762 4.193304944609742 1.8919653943559456 1.7679295732957139 1.9878235492406147 -0.05951463155674157 0.05131063063630398 0.08747993996921194
131 -0.16811219128875438 0.10820395845440237 9.847323102283948 4.252374331361321 1.9127385391522786 1.7811101701421945 2.0244940488298195 -0.0681057110062521 0.05053842550935095 0.08287036977193923
132 -0.16308886755735347 0.10508336900004503 9.907506423045877 4.324055403168199 1.9388341690621869 1.7957994413373135 2.0663588182598525 -0.07711444461414378 0.04921056415467978 0.07736577703229908
133 -0.15978657827052417 0.10291320992857514 9.982859173546373 4.4155758918660535 1.974367065448231 1.8141214773805108 2.115100372590133 -0.08455797898716978 0.04714493712560359 0.07249683821802279
134 -0.156942295000569 0.10090246947989018 10.07150090209893 4.5296714475637625 2.0214094875765105 1.83674572873777 2.1715675749766805 -0.08833818243037243 0.04437383425417485 0.06964984126657316
135 -0.15834114970873375 0.10158490169973153 10.173685538896272 4.658858118362425 2.07676930532629 1.8616040014909943 2.2329806029097705 -0.08774969112965582 0.041122975400070344 0.06914631085453013
136 -0.16256653827818257 0.10409584926436832 10.273711578640848 4.788581414868564 2.1332796560365277 1.8863661587853604 2.2935494458510304 -0.08337406355754672 0.03815711666532719 0.07089708207152132
137 -0.16620677028414677 0.10623742519880686 10.345221923778993 4.906292998859387 2.18466009274088 1.910208136046714 2.3488212307027925 -0.07582241876598195 0.03674930665506369 0.0753095761676218
138 -0.17142613967619375 0.10939548074139321 10.387534804503183 5.004883261623054 2.2280475504415262 1.9328091683016504 2.397625067041905 -0.06529730166127744 0.038103729100519707 0.08295596684363
139 -0.1657978580237302 0.10554593015359101 10.407984116424196 5.081526843991447 2.263345450858131 1.9535909843406472 2.4406847154730196 -0.05214105505268962 0.042868447713301124 0.09399127793371723
140 -0.15998900403969668 0.10157880304930103 10.420444244780334 5.137228184706148 2.292397387448321 1.9727008455281287 2.4789510418195304 -0.03703219310342703 0.051038139859376316 0.10818160220941987
141 -0.15214926735710255 0.0963170059476523 10.434768006557139 5.176850698397257 2.3182722964582316 1.9911915188406268 2.512769318283603 -0.020396132384912252 0.061989322865694065 0.1250034178004309
142 -0.1449723318799629 0.0915062167449063 10.45990165396707 5.209835905391304 2.3444907087756586 2.0097343189202865 2.5426909037109313 -0.00262102210670645 0.07448019914942572 0.14348911422718497
143 -0.1378479911397924 0.08674818447870156 10.49638480086652 5.248799426786097 2.37434042818936 2.0286224210890675 2.5705962324401925 0.015060022222010916 0.08689111203959987 0.16207091768737605
144 -0.13160133942250546 0.08256744861059401 10.549388002553604 5.302885091258936 2.409304477037489 2.0482732127375387 2.5985714488325264 0.03036985717363959 0.09766213356470367 0.17876720540986246
145 -0.1265395263952112 0.0791637090800218 10.616271249070543 5.372588634903039 2.4482623238456527 2.0689931887911435 2.6269140533194806 0.0410783910811857 0.10554036887087015 0.19170096276456053
146 -0.12244582351156746 0.07639812913971375 10.695120913624748 5.452504449483475 2.489368504963669 2.091829366507718 2.6542364700042516 0.046300190415140996 0.10972725303471514 0.1996202333768242
147 -0.11818633162853609 0.07352271270410682 10.779707736900345 5.535930333344685 2.531676304008228 2.119188209689815 2.679012956740448 0.0468157729326337 0.11018364103308179 0.2023294903228392
148 -0.11246054217996149 0.06967707208785434 10.861180361213197 5.61592187525543 2.5746013888777366 2.1532653442178753 2.700413332495891 0.04449394874888395 0.10779850129081028 0.2008589044716377
149 -0.10676128855803557 0.06583142619759486 10.928291287284235 5.685851141391892 2.6170747406729795 2.194008833573433 2.7180829782318554 0.041088052671956046 0.10378696084004194 0.19669742376853433
150 -0.10156571937078185 0.06232563191409868 10.979905751331255 5.7410126646325494 2.657465076512294 2.2384082314228784 2.731825411985269 0.037159635929995063 0.09881964065778842 0.19071374421789444
151 -0.0974713942166976 0.05957267458414556 11.018675745216337 5.779420902756218 2.693910505782053 2.2818102527818582 2.7417095363015425 0.032144380695857844 0.09301690478493246 0.18317677757461556
152 -0.09466574893068708 0.05769297595090642 11.045737686325452 5.800853050197019 2.7246126401326984 2.3203571089028747 2.7479450575632436 0.025156796471783333 0.08647664611073896 0.17440070778105052
153 -0.09282470091365852 0.056450341730343856 11.060567812828879 5.8056190585900955 2.748468714912267 2.3515917905810237 2.7506850119868744 0.01596593090080451 0.07954210069968448 0.16514430485914974
154 -0.09111874953599197 0.05527536265411043 11.059140647640263 5.794023796563067 2.7655328576409834 2.37318847404519 2.7498466207203056 0.0055650201435551265 0.07281951552042559 0.1565876358572595
155 -0.08893083263339235 0.05374558877650354 11.039101624513897 5.766372738454922 2.776149561597628 2.3817282493894445 2.7446763221272876 -0.004624834494718177 0.0669583663682014 0.14962099323017497
156 -0.08467886154938625 0.050839014919394965 11.000908147144951 5.725032313604691 2.7806498928936763 2.371644334470544 2.7347211789849446 -0.013925656080568283 0.062308169313230855 0.14437266828264728
157 -0.07393793024717227 0.04371788881666999 10.95297109302226 5.676401513657536 2.7808521386216 2.3387827752240904 2.7217370617295997 -0.02216760219071505 0.05898903342742818 0.1409426098478923
158 -0.06263700861497501 0.036229087887801936 10.901167269894827 5.628477131342431 2.780223828883398 2.2885264260872007 2.709309388115067 -0.02903119648157354 0.05722971735903237 0.13992511363796145
159 -0.049789120205813164 0.027741258281387904 10.857703598266315 5.58691891851108 2.781784644113222 2.234248737136012 2.700526919453295 -0.03441002585471281 0.05720598602924235 0.14172615599856173
160 -0.0362139026079894 0.018781968207617517 10.822035344153212 5.553267234688247 2.787039195393415 2.18612164924687 2.6962262313073744 -0.0385508674878135 0.05864285348936188 0.14598671415002315
161 -0.0242127665960703 0.010838415825492886 10.79248241660757 5.525273445700483 2.796845476957639 2.14785098163011 2.6948658973593758 -0.041304903554510886 0.0609339653588777 0.15176737940120433
162 -0.014530991399023252 0.0044066758665329275 10.769452309610525 5.5008001345939785 2.8123901141390975 2.121240065069827 2.6943677845112877 -0.04205252614175409 0.06351396385554658 0.15791789742954498
163 0.0018034484758701064 -0.006286284731177955 10.753071158055047 5.482707325832456 2.8354675689746682 2.108199088222541 2.6944323464748567 -0.04062813496344214 0.06599431134517829 0.16338837680431134
164 0.019504550617769956 -0.017830281640927648 10.74785442765013 5.478766082803173 2.868299372399735 2.110243019198821 2.6969701387192657 -0.03756047183080902 0.0681544943403652 0.16756595141752473
165 0.03006130500493942 -0.024725713893620632 10.712382205655942 5.459243497590274 2.8899093452407225 1.876986692730012 2.6653802942518965 -0.03690400822299095 0.06822755959043804 0.16468139088788758
166 0.050270919461794794 -0.037963801075309944 10.863601380881327 5.552545031283534 2.9803287341666804 2.40953038802097 2.7499605700867784 -0.025440654995994016 0.0730521546759807 0.17594505856675774
167 0.058677762305059666 -0.04352064250878848 10.867692538135763 5.605455215070678 3.034806880347534 2.1933835190533477 2.7375120715916834 -0.020761767308770107 0.07030143295309159 0.17421999111092362
168 0.06448974809299363 -0.04747729192235525 10.935683943576041 5.65957193159537 3.0921826364142935 2.2042177847376285 2.747057253140783 -0.01419171637198069 0.06980951917184508 0.17360305144471905
169 0.06917155114880036 -0.050753310969543664 11.011187541750404 5.720570561089143 3.1487313466808975 2.2129633906415798 2.7580459672947155 -0.0069593938508478725 0.06879353381424534 0.1737563634720286
170 0.07714979099029531 -0.05603523120024424 10.770292230653956 4.780185343816678 2.7203292328236466 3.1619100558968647 2.4882516818080265 -0.02417734066702837 0.11613926956408781 0.1070528865692526
171 0.04571568505198437 -0.03634123930398231 11.54239073775619 6.832411203653041 3.7123865480497966 1.0555663344100485 3.0237298977987814 0.02141140561997612 0.02059858890463548 0.23835483777068223
172 0.07853288814110543 -0.05751144916544193 11.267689966596443 5.84997560435289 3.275385507179471 2.4335050427818183 2.7989301648442213 0.018851316102742377 0.07252810540937897 0.18331060356920065
173 0.08847875310748332 -0.06410363851653056 11.326061594079558 6.055638753676038 3.3743162279850467 2.139932194560583 2.834378471217102 0.016175230991813505 0.06646304248645288 0.19221963438330064
174 0.09422379406846171 -0.06790952545539095 11.414773818968474 6.04595727676719 3.382789175125384 2.2351467263246048 2.8334123250700696 0.017812856486291495 0.06914972951473886 0.19535240237555954
175 0.09974549979947606 -0.07155394313240829 11.495867935425833 6.110186798991802 3.4225822528333554 2.218076465817542 2.843724646084245 0.0189835773839353 0.06691923642634807 0.20373475284156461
176 0.09432182239552711 -0.06811256690576814 11.554707879293778 6.152899546400825 3.4518970068426875 2.212084111651444 2.8445669768126893 0.021872645413013148 0.06488436042548239 0.21263438816466187
177 0.08383139630280034 -0.06136311931825947 11.582993182069442 6.19815983066663 3.482230151716433 2.1827053980606115 2.8432155824711733 0.028649048719684878 0.06379065524247764 0.2228799558486419
178 0.08062276205134733 -0.059261829104128805 11.582442033373479 6.245206487682288 3.5150693392316885 2.141833861665001 2.8447891243872094 0.04099319390139988 0.06523773128088858 0.23418283365658996
179 0.08210914256951568 -0.06014105837515096 11.56056732549904 6.299173293762544 3.5542161641268044 2.0955278428994855 2.8552746795181307 0.0588627915730886 0.06954349945797408 0.246420726945263
180 0.0852582068601141 -0.06206863815932398 11.545611782787853 6.364476987779468 3.602789192860549 2.056740982866785 2.879585357246966 0.08059718417648054 0.07636133147865545 0.25950768207982244
181 0.08524967964847857 -0.06194997395547641 11.549127575254808 6.448354477783168 3.663846842754047 2.0362789074901735 2.921055361997703 0.10321650724029441 0.08468667503682756 0.27331381031263147
182 0.08439935973469281 -0.061286535923798874 11.57439958157548 6.554151043881207 3.7364652954405586 2.0404928033886813 2.9783387857176793 0.12269687180696787 0.09279947782310313 0.2864849297109779
183 0.08474079789138128 -0.06138940211950161 11.617602436676489 6.67374127148094 3.8121795879324143 2.0707716792724256 3.0427816767682514 0.13434453427785087 0.09825360988200693 0.29536191208189994
184 0.08654924758083948 -0.062423173705352 11.665973627137433 6.7855373716439455 3.8744378781024986 2.1213146105059097 3.0981107061376463 0.1335120994943526 0.09829807126731152 0.2944043017225696
185 0.08954083301261989 -0.06417844897661984 11.703589468845793 6.8618871393287035 3.904243709064172 2.1796286253539727 3.1255696778037994 0.11754350953784698 0.09109295725076227 0.278907656174106
186 0.09226401453667088 -0.06570442086344119 11.7217728144328 6.886210911881873 3.892644867341885 2.234167135605206 3.116042295107605 0.08844076986719096 0.07728146038365744 0.24914329339956232
187 0.09381469956063754 -0.06644520981656635 11.718912500092049 6.86464619031014 3.8482330102656297 2.2802285708396695 3.077744274543556 0.05329409571562649 0.060385908263153903 0.2119197550403776
188 0.09423952579970168 -0.06649322584001377 11.699308936371676 6.814837760782935 3.7881078460008206 2.316471929627241 3.0272752366604703 0.02106256018819974 0.04512883933415007 0.17690423651598047
189 0.09332123465580416 -0.06577596700281013 11.66933171240976 6.747737091810688 3.7238327243096667 2.340244763696124 2.9759120951606315 -0.0019949377903709653 0.03500675804632064 0.15136795164475172
190 0.09126224596352916 -0.06448379967521889 11.63964079534717 6.666101258671568 3.6585298388747374 2.3488260846190494 2.927446850944819 -0.014843182745825967 0.030988346893007196 0.1377211207388238
191 0.08656129758065556 -0.061657726308257915 11.611267279175763 6.570821941630299 3.5913280425567318 2.341073199841275 2.8819673532053556 -0.02040002789577522 0.031833285718306376 0.1339622798977089
192 0.08097313335776007 -0.05834706753921973 11.579943120921028 6.462015177182985 3.520903884849491 2.3164935496395342 2.8374072786968476 -0.02193026557226896 0.035532348695845234 0.13596804343326585
193 0.075374214101251 -0.05498068673822848 11.536562135989968 6.340829410438539 3.448072689085475 2.274555623015911 2.7917076643102314 -0.020722886706752708 0.04071995341211121 0.14039220384638237
194 0.07287673955756291 -0.05348965198743355 11.475492696815614 6.212827373515557 3.37647429665572 2.2165286897818137 2.7455267979791547 -0.016864763909678948 0.04689488044302459 0.1458461698647571
195 0.07138454562143698 -0.05252996846755348 11.404120769233486 6.086460179307877 3.310137032904728 2.1492664174772997 2.7016582872053685 -0.011138825167764543 0.05368179398089651 0.15168849204645618
196 0.07107837115916832 -0.05225361174105908 11.331861171503633 5.970394365908874 3.2520557877236964 2.0855155586492935 2.6631792697041847 -0.005226276733399815 0.06042408219435552 0.15688160676376253
197 0.07178236442826891 -0.05258321663088514 11.269129904106151 5.87440137469723 3.2057449237518374 2.0379353472718895 2.63352688640329 -0.0004374525639889715 0.06646391713121633 0.1605629605845898
198 0.07296422518862794 -0.05321539882385212 11.223748355246528 5.808238744190277 3.175151785389159 2.012876606248457 2.6160693187318733 0.0028154363695792606 0.07134378199949407 0.16283704474940738
199 0.07402247480158786 -0.05380094788119977 11.199583382792847 5.776298675789706 3.161668675987549 2.0096987379144986 2.6117314544975048 0.00448663723318532 0.07472159207254839 0.16436641213984124
200 0.07444947733043916 -0.054035939854215315 11.196680542824641 5.77562162639072 3.1631613703966615 2.023358185840743 2.6181746446332497 0.004578406777131061 0.07639591584896865 0.16555686384475118
201 0.07398561376301682 -0.0537540940725163 11.212628790585612 5.799880311016306 3.176233794823065 2.0467784547178747 2.631894226848197 0.0032932054348155937 0.07648604518832536 0.16645252479749087
202 0.07235122051129039 -0.05276018513736894 11.244956612412551 5.84288802582952 3.197830139162148 2.0726386330409743 2.6500708054197966 0.0011428306957761425 0.07555555119900459 0.16714517366561601
203 0.0703923927448144 -0.051583048780151214 11.289627464268339 5.89827757621032 3.2246123525053676 2.0942182542603742 2.6701260521829457 -0.0012386246911754162 0.07441337697674144 0.1677892546835436
204 0.06868618268617871 -0.050588890430987576 11.342721221233866 5.958950245531847 3.2524509989182246 2.1061819378183313 2.689052404814235 -0.0034888587381668446 0.07368685837022013 0.16820364169380572
205 0.06757227336499538 -0.04999584681855032 11.400311140499507 6.019101873669099 3.277761761940977 2.1067445232259723 2.7046727165505215 -0.005653651941292415 0.07367788667420844 0.16799190632718133
206 0.06724294575794099 -0.049913364997509674 11.459768867247679 6.0762689567961266 3.2991492838089505 2.098436313031031 2.7168825459310577 -0.007829698366373039 0.07446756069071503 0.16713299535414036
207 0.06742985152382858 -0.0501411937406237 11.515758280814739 6.130435954397658 3.3170932130624355 2.0850417393795944 2.7266473516116108 -0.009870518766777803 0.0759081758173501 0.16605490387682317
208 0.06728211875215656 -0.050116685419906326 11.565828517628914 6.181160908217347 3.332161003959482 2.068561072601239 2.734314014059549 -0.011514084952985337 0.07762420014007651 0.16519694173257637
209 0.06636726824799638 -0.04955855567189671 11.607100959566147 6.225476194799079 3.343885742311779 2.0495923520398667 2.739191277457861 -0.012600964096050271 0.07914206811146987 0.16471230368000744
210 0.06460094730167415 -0.04840747772665527 11.634520744286423 6.258185957817092 3.350927840710982 2.029046976418893 2.7401534960136886 -0.013140764681984773 0.08006940044618296 0.1644326860457901
211 0.06174193093992181 -0.046509104981584115 11.643654689626743 6.274036202996797 3.351806518623518 2.0082887004286887 2.7364167051709947 -0.013173696250762923 0.08033196199637893 0.16411720927184817
212 0.05764683585000646 -0.04378672495391378 11.63094991440837 6.270058891695779 3.3456524227170608 1.9877555033988923 2.727895448297068 -0.012562115503066407 0.08022931864592081 0.16377232711439368
213 0.05234419492686576 -0.04027613006256675 11.593218279776842 6.247062254102435 3.332770009852815 1.966412735911905 2.715164463726818 -0.01103933336704932 0.0801351253105782 0.16358811402812565
214 0.04621834667723357 -0.036232679434302584 11.530815200606176 6.210282700146919 3.3150685653738807 1.9432030270956497 2.6997040158800605 -0.008399630246766376 0.08024105689846969 0.16372721493962566
215 0.0404705942227821 -0.03243086960210467 11.445586214788012 6.168833908089792 3.2961156803273592 1.9188850879055535 2.6842537716611714 -0.004563102768430749 0.08053664504276137 0.16433295526145802
216 0.0358072661874852 -0.02932703837020434 11.347758635584299 6.13314444725158 3.2802598788637134 1.8965446453112045 2.6723447982155966 0.0004175029387456508 0.08080594727584572 0.16558921433590254
217 0.030693461081509 -0.025921728895054397 11.244098385566534 6.111453094328724 3.2712326801192795 1.8808863135555436 2.667333453918812 0.0063006159170431175 0.08073323400644333 0.16772367905596852
218 0.025931427907729676 -0.022720877829736363 11.146233698376442 6.1081362571898445 3.2714869255100076 1.8768651828407703 2.672026025497063 0.012606011594107347 0.08017453536234803 0.1710265175507442
219 0.02216129978060366 -0.020137822789561555 11.066160096674405 6.123807923187931 3.282137490496705 1.888527382238963 2.6885069814594726 0.018616829638422372 0.07924756388444043 0.17576875936836814
220 0.019637953943367426 -0.0183606406727565 11.008519636540647 6.155472569253947 3.3027930672030807 1.9200886358981493 2.717767215839827 0.023424335333011692 0.07817276117163394 0.18199475250252992
221 0.018467338173812575 -0.017497846365449765 10.977363016773026 6.198443114588906 3.3321815283886 1.9768781208113837 2.760004477280348 0.026155172989200004 0.0771003814488683 0.1895353416971976
222 0.018989049185166085 -0.01780120496010157 10.975429235059242 6.249702299183334 3.369014790695643 2.0604062688784204 2.8145657366413426 0.02623488414610109 0.07593776199146501 0.19812796572710153
223 0.02239529723588779 -0.020053196671858342 11.00535035140328 6.307883183679276 3.411129619273666 2.1618265315575793 2.878240375175003 0.02339108937852452 0.07426919012922342 0.20713545994615568
224 0.02755816712446496 -0.023517021158965035 11.063079332659996 6.370298660410441 3.4544813539022687 2.264380746158712 2.944625856260726 0.01763403367056826 0.07159276915386717 0.21529354976282364
225 0.0319092535760343 -0.0265153537356399 11.137962944608446 6.432664578519329 3.494552012308857 2.3528496792249336 3.0067378548008774 0.009485980491727997 0.06771339413392946 0.22115803058006783
226 0.03562910220928395 -0.02914736228480147 11.221640417788798 6.492198152298362 3.528759814294333 2.4190634484489046 3.0602490330983834 5.860772758881083e-06 0.06289213833818422 0.22379335366417316
227 0.03900375664251576 -0.03157868532223923 11.308408672169136 6.549270509046102 3.5569179856769444 2.460611629616282 3.104189464759579 -0.00963670626444868 0.05767104313930069 0.22300486208314763
228 0.042142296584967265 -0.03385764684531595 11.395126000824778 6.6051116694211 3.5795872455149547 2.4779958363399 3.1393324607666755 -0.018509874086393596 0.052710641382972434 0.21920279309348162
229 0.045178054617772634 -0.03604884228117233 11.481642154579863 6.658804217213645 3.596659828898883 2.4750468281008224 3.1669343689609124 -0.02598337961667152 0.048780449508520035 0.21326571014493997
230 0.05128218930907452 -0.04018193753537491 11.571614572418639 6.706164842701942 3.6070492813209154 2.4603230630516726 3.18843448898045 -0.03183313895940065 0.0465467914181453 0.20642857911151802
231 0.061634914481080216 -0.047099320361539576 11.496338911591513 5.63635378971226 3.093911646035719 3.0492276782557015 2.89108566236979 -0.06676888154483374 0.0831214197274325 0.129675162065816
232 0.06498768269244143 -0.04908337722056144 11.89062364748887 7.669510298728243 4.026478721214343 1.899336216937668 3.464592305683108 -0.01650884328304303 0.015126696272673018 0.2515821962490413
233 0.05900571112980907 -0.04527125835060458 11.834492819953033 6.785144490929986 3.609628738472332 2.396054255491232 3.233201418492266 -0.036473650529652346 0.04640139576588087 0.19938048527788002
234 0.05777106222157591 -0.0443749802276755 11.900108334046298 6.677238152671102 3.552003592912038 2.428560126473352 3.2105473981343096 -0.03735090023508347 0.05012145681898647 0.1972010034877553
235 0.05575232500611754 -0.04299380229837768 11.935822969494344 6.592091020802106 3.511540274932224 2.4440289116143825 3.1965018689234923 -0.03414119265124804 0.050869965071240475 0.20180914251038917
236 0.05269931900838226 -0.040994999504842755 11.9449787038035 6.489000322118292 3.46730208608607 2.4668885951345243 3.1778926337509965 -0.028875606658014807 0.05108875131352403 0.20821166673558136
237 0.048859787098049 -0.03851067923747953 11.930843522808019 6.374542897594568 3.420074727190234 2.4915207544991103 3.154592721353398 -0.021773078247594557 0.05094661775862541 0.2146968707820303
238 0.04477819917367165 -0.03587632170768634 11.900503761274464 6.260740547707198 3.3728373773233593 2.5092340485276874 3.128058388442838 -0.012805047166563 0.050482865617263506 0.22001990209945538
239 0.04061400871264048 -0.033182510955507616 11.863023119530716 6.157658032570836 3.3279822151221543 2.5118924381158636 3.0996008920728038 -0.0018823136962759501 0.049941035129376435 0.2232770488668448
240 0.036851035002813004 -0.030714964167398995 11.826491074192912 6.07073672323682 3.2864512642060024 2.4930490618594403 3.069853766003413 0.010989865913899388 0.049660488885841736 0.22399306722125523
241 0.03478180620921506 -0.029294204120150324 11.793091396962431 6.000047946332025 3.2476918153860623 2.4496349622566638 3.038728492013411 0.02569680442043143 0.04991952227010556 0.22228469202232473
242 0.03477280736245436 -0.02916525237448203 11.759012334194207 5.9406137372889205 3.2100342422396326 2.384874517427063 3.0056981588999996 0.04206383680402287 0.05093174360371017 0.21887670504627232
243 0.03519403699000001 -0.02928376662887916 11.721950968381943 5.885103749888288 3.171479349414708 2.307659981955533 2.970280806762053 0.05967335259100942 0.0527894011578246 0.21482674506828925
244 0.03534381213160531 -0.029193589053825575 11.678635064113658 5.828731787525828 3.1306951695586207 2.227847430066208 2.9330356982500216 0.07749969947787075 0.05541135194223262 0.21113919143883558
245 0.035085987291327 -0.02881776077773751 11.628698768953086 5.770649409725781 3.0870330529108387 2.1531153317558145 2.8956922126521536 0.09386987371992067 0.058681893328609486 0.20845629203673988
246 0.03485609426019637 -0.02847281983614397 11.575095580782875 5.70995383597206 3.039674476341307 2.087612566550649 2.8592733944901165 0.10714664122905951 0.06252824023846247 0.20704496457236718
247 0.03455570153789589 -0.028122911054782707 11.52252257730876 5.644159987926262 2.9878601357530443 2.03034462149327 2.823247514144257 0.11638342050957573 0.06676134297506708 0.20698610682535562
248 0.03311980217877297 -0.027076252323396915 11.4743002422364 5.5726051948806985 2.931821468556197 1.9770171326028412 2.787105183150026 0.12119559693103689 0.07094622748928135 0.20802106122049308
249 0.015509869646444074 -0.015581019964017728 11.448244983766985 5.5644308807953715 2.90323211215847 1.6442537597657843 2.7603284183180667 0.1184991433359009 0.06732650251296554 0.2077268639630298
250 0.04417967810177337 -0.03420347015166664 11.350748811082852 5.288429050739936 2.7454707231146362 2.4242295260517444 2.6887101972185334 0.12144877311728491 0.09120112771406065 0.21198241995521885
251 -0.005080958445804362 -0.0023977781703633516 11.400636251550445 5.490686681372837 2.8151409750254257 1.2994700458903796 2.7185843370257667 0.10240115064708408 0.06490338048215344 0.20760079692320205
252 0.02238764149135919 -0.02042370298004717 11.314720829514997 5.195128149176507 2.637033998951774 2.0834569224310386 2.613183588074802 0.09396444735688278 0.08628159659187558 0.20249158663324157
253 -0.007177466268461163 -0.0014535922605439233 11.3026821208348 5.207006200452847 2.610635800552048 1.7805889914989588 2.6020879718687557 0.07624056368596172 0.07800305315498507 0.19620924775028356
254 -0.020098667669533776 0.0069008899346715835 11.27803080683265 5.141719316714865 2.545175573537057 1.7597922902318768 2.5649647197439664 0.05977764686131859 0.0763629308380547 0.1874882437795906
255 -0.031572674360726694 0.014488097719322024 11.24235264484322 5.086400812591669 2.4846251838462368 1.7336598422527447 2.532071496586928 0.04377141076417697 0.07369064157732644 0.17838811557371434
256 -0.045391819251921595 0.023690836723680275 11.195357154601426 5.035594002108698 2.426935635255669 1.7111369722826182 2.5012020833999995 0.028434355136367828 0.0708096113453999 0.16977145501829752
257 -0.05596881296337358 0.030817317271344735 11.140709243944084 4.987364008358787 2.3722403560347507 1.6979559522065426 2.4719685529958886 0.01421974183360096 0.06854495640610224 0.16279165157456588
258 -0.06187789914651498 0.034897747581651206 11.081772551907473 4.940632102651459 2.32077795569628 1.6960930633945812 2.4440255671619973 0.0007770760351479139 0.06716266160333627 0.15727485523070894
259 -0.06698342347023895 0.03841957302257404 11.018378908267895 4.8957730036382845 2.272533226736616 1.7046983645148446 2.4166102067666877 -0.013458671633192514 0.06614229370563998 0.15148875689261904
260 -0.0707078144949484 0.040991421511478054 10.963068868326937 4.854808119520833 2.2283616606213044 1.7244191015034742 2.389293043917928 -0.02949000732466598 0.06501670341442464 0.14397688198674458
261 -0.07246669243566467 0.04220594772126418 10.926843113940414 4.820069144031759 2.190302099007573 1.7578728295615242 2.361756411243575 -0.04643921283721266 0.06373373556270943 0.13447447243110824
262 -0.07169746521366832 0.04170426582487835 10.912454742223549 4.792010233988609 2.16002882015446 1.8046565676907977 2.332550158851353 -0.0622490834251974 0.06218814927355397 0.12329776449738217
263 -0.0677907125045224 0.03913504381132077 10.918799440258923 4.768506330735332 2.137286077133964 1.857412373811377 2.2995788519276537 -0.07510439286897583 0.06001086031619803 0.11106152524877663
264 -0.06502169450153006 0.03731181140806847 10.9405036310084 4.747388935178796 2.120210271367398 1.9045600562819633 2.262792564943473 -0.08432671751407136 0.05696676839795183 0.09877001804188147
265 -0.053585551876038195 0.029952592492671792 10.970104677706825 4.728534613501446 2.1066650861454326 1.9366915731376917 2.2250653339927546 -0.09033576073120364 0.05337599224521513 0.08747366712063052
266 -0.05354106506104028 0.030044824539164627 10.983116891919845 4.711804738679748 2.094439454168362 1.9499293771836257 2.1896254891400475 -0.09386724569584431 0.05001178716577534 0.077857349581587
267 -0.05623251979050842 0.03203877722973289 10.985020489748617 4.695218525363075 2.0812083592176065 1.9455105410594054 2.158294794860345 -0.09542702938256972 0.04776392668105858 0.07042457958305522
268 -0.06070975060993161 0.03540931323778762 10.966758220784381 4.675699498665268 2.065308902686872 1.9281693973283176 2.1313462390371978 -0.09511854596111592 0.04737265748681998 0.06570504055978521
269 -0.08183515207825953 0.04979722249249957 10.939148852006749 4.650540558438202 2.0464204713754137 1.9039740367508833 2.1071913716080863 -0.09260982853952311 0.04913562934941999 0.06393229126842111
270 -0.09286035426505546 0.0578146280052414 10.851890864312914 4.619681260318832 2.0256817096739965 1.8789658806675884 2.0836984843971775 -0.08759638026274234 0.05276898044208944 0.0648554507462473
271 -0.102418474283268 0.06476420396056162 10.757094643515558 4.586117665480805 2.004916637481662 1.8589755770817165 2.0604380179021993 -0.08023476567747227 0.057585259545251496 0.0680980173301956
272 -0.11143771963692872 0.07108985618527336 10.664507542450512 4.55323090029872 1.98559780603545 1.848333599312816 2.0382794951014596 -0.07119977245793671 0.06281197576694061 0.07351765842320136
273 -0.11867658002931505 0.07599867647331679 10.572553094111264 4.522972633846352 1.9685582643618755 1.8476150345821025 2.0174880229101073 -0.06120992766180388 0.06775137138821308 0.08097550980207682
274 -0.1221915579075385 0.07830526544668817 10.478470238558703 4.496001494031104 1.954031186956184 1.852965151726824 1.997820856698266 -0.05107495866487234 0.07176126607655778 0.08979058110912908
275 -0.12299349460141745 0.07872706872199295 10.375233331928968 4.472599347919806 1.9418714137686963 1.8582099387834283 1.9800524840960463 -0.041662336347361835 0.0744440482379618 0.09875661723711487
276 -0.12400058908299552 0.0791906716495692 10.267542701625636 4.45350912017337 1.9321768775099282 1.8587297837526278 1.9661405149026214 -0.03350746314315328 0.07593331244009319 0.1068263194677539
277 -0.12494525154374478 0.07956776890666659 10.16323547248273 4.439120166451659 1.9254782990284576 1.8542207113570952 1.9573954704559415 -0.026416641316068676 0.07667741723012853 0.11352145675353438
278 -0.12423651787613615 0.07890750854768488 10.069576089291232 4.428021537858532 1.9217770699523284 1.8479981961535596 1.9527403539043533 -0.020212735626856007 0.07696245423126286 0.11867148635979474
279 -0.12474701679292696 0.07913059748085083 9.988201808689418 4.4180315706553035 1.9199000335636849 1.8434371847528277 1.9495487073706976 -0.015463209828146002 0.07682620200199544 0.12222246743188571
280 -0.12673944143527563 0.08040246006112531 9.913072540843258 4.4090655052565255 1.918438289571371 1.8407675324048205 1.946255303998213 -0.012837785348068995 0.07619258168156318 0.12428586068552099
281 -0.1293088872070627 0.08208888794272529 9.837508503915373 4.40351751766906 1.9168532329796675 1.8373404523796535 1.94321769479131 -0.012261791731414881 0.07490692571002192 0.12503573616522967
282 -0.13092330008145905 0.08316405237569376 9.757579521986116 4.4038614259397875 1.9158563866185272 1.8307397702056105 1.9414343581161588 -0.012745305874185764 0.07285065104824952 0.12477544917473671
283 -0.1312945889305731 0.08344208152476036 9.673886024177047 4.41129973909765 1.9168931435817609 1.820503867008217 1.941867043702621 -0.013134745192356148 0.07012776326099204 0.12399391771677697
284 -0.1316647878712205 0.08375836311361701 9.591174691329687 4.425655743093859 1.920791895353992 1.8073488368876194 1.9454484977286999 -0.013039952335035077 0.06706500258830794 0.12300854449362068
285 -0.13315747133283642 0.0848644405675644 9.513658646673532 4.445442761845496 1.9273192031266426 1.792584710336905 1.9525991103208715 -0.012476562127565455 0.06404046590374103 0.1218552809058823
286 -0.13578494586561987 0.08673920018648867 9.443383665865678 4.469146117897488 1.935588178074576 1.7775638926850637 1.9631648971734132 -0.011360821985711034 0.06130258994145984 0.12054245277199505
287 -0.13834485490460227 0.0885443408016089 9.379738655752412 4.496748339371696 1.9443872832100004 1.763215744487137 1.9769173972215808 -0.009746163600072227 0.05897247982404259 0.11934702355358298
288 -0.1405893741738606 0.09008962663369542 9.320952902612998 4.529419687031887 1.9531756782830179 1.7512272821620485 1.9934035216561656 -0.007611055386461505 0.057200814358362204 0.11895442943533555
289 -0.1414500457758598 0.0907047710314538 9.26046891353326 4.567578440831811 1.962286333091031 1.7435129879344349 2.0115634924683707 -0.004881051924397077 0.05606461598149998 0.11978971932246445
290 -0.1408802811854914 0.09038634410207134 9.196305454058308 4.608951034696836 1.9711988222863546 1.739563217006624 2.029966545308822 -0.002144925973737057 0.05540634974498046 0.12130339918992249
291 -0.14056592681213814 0.09022172874954536 9.135804310152732 4.648377226218597 1.9777082174529637 1.7376285415479582 2.0470593742699803 -0.0005438020625913361 0.05516138382558587 0.1225380414473228
292 -0.13952158592222624 0.08957097999089883 9.079155997533793 4.680556604048298 1.9794175030019014 1.7365987006664343 2.0619837086520363 -0.0007367117099228229 0.05558097291169542 0.12316650099547848
293 -0.13957007486433778 0.0896312900309851 9.029408242760676 4.7036710274812075 1.9753151345966715 1.7333955168776327 2.0760390216671545 -0.002240606099525807 0.056881716045858205 0.12368983230186308
294 -0.14091754264331546 0.09055478740363272 8.980959961427608 4.71980015693663 1.9656788524603541 1.723464311990375 2.092172263893494 -0.004083507648158357 0.05912443486682135 0.12482684890791404
295 -0.14236842294206836 0.09156325330348473 8.933159966803611 4.732322042141519 1.9512541351351023 1.706129319736732 2.1126661454454303 -0.00592700873072699 0.062451863534623495 0.1269330521973115
296 -0.14179536188592617 0.09127249231537674 8.889686032754863 4.7439238595565145 1.9330820094200467 1.6851058625955306 2.1381735051516357 -0.007986551961471196 0.06698508066611387 0.12993414028164635
297 -0.1416665923018013 0.09127892956846154 8.847040219935838 4.756313276586147 1.9125774347995486 1.6643998285049375 2.1683634613318064 -0.010422059838451844 0.07257012907564415 0.13351168781413408
298 -0.14122239110999643 0.0910991092656875 8.798864616259838 4.770879248667766 1.891250000593391 1.6464441327334987 2.2026255308692746 -0.01320969921982686 0.07885886025223743 0.13752200616739158
299 -0.14143552618619298 0.09135440765088441 8.753363785768656 4.789700477060702 1.8705827530841337 1.6327600558960138 2.2404395289350703 -0.016054110800367834 0.08547144652341769 0.14239573446910042
300 -0.14183781844671917 0.09171779604608382 8.711879133990445 4.815177760391835 1.8525214034175748 1.6253544427217923 2.2810167226286726 -0.01859372274418209 0.09183030726253077 0.1485449440622359
301 -0.1422094338377523 0.09201871049668094 8.679084045731075 4.8487205024823945 1.839755379304583 1.6268369429004832 2.3227461233632676 -0.020780215426702373 0.09691660658185618 0.15541950443081967
302 -0.1420444145964046 0.09191822162462386 8.657142886847655 4.890850696524243 1.8348012385728594 1.638276389388549 2.3638397348900173 -0.02260714700493592 0.09959042045689993 0.16186425319849157
303 -0.14061468584712045 0.09095155129316772 8.643497522970296 4.941462786454444 1.838781092456907 1.6583458818447387 2.4031388133355436 -0.023764944672828178 0.09930070282237666 0.167079927393478
304 -0.13770463540339367 0.08899490751226079 8.636131389100282 4.998468927817689 1.8513735101293123 1.6851624163421817 2.43949989707787 -0.02395272386636991 0.09622950456519744 0.1705787057033102
305 -0.1341079248002024 0.08657979013714365 8.639330694786437 5.056613214074042 1.871672590404918 1.717443044367165 2.471040030915668 -0.02308390502321067 0.09087333484293657 0.1717760127805248
306 -0.13006191262373867 0.08386849300814604 8.659302662263052 5.108618001594752 1.8983866070611113 1.7530031699727617 2.4961217526816 -0.020926794934550262 0.08397029079122041 0.17046872342903113
307 -0.12624713588791336 0.08129211339878376 8.70239506053854 5.1477555784743085 1.9288645080900702 1.7867897064766038 2.5148210754943947 -0.017147670111686483 0.07664165210650338 0.16736393079844444
308 -0.12273966949066017 0.07888841859124379 8.775104366716107 5.168921072748135 1.9589464800996097 1.8122995201633163 2.528055113566855 -0.011961277570612782 0.07004256222335788 0.16345192319462618
309 -0.12279496961890565 0.07876478285182001 8.86374826578197 5.168257706633694 1.9844616663602614 1.8254949318571214 2.535450647480321 -0.006402562671561796 0.06486049354842066 0.1590984544853889
310 -0.11256193804827011 0.07228334499312881 8.901145439374078 5.125537118676808 2.0604652269199293 2.0187968176565 2.42836664020908 -0.01113872092004069 0.06175662367372848 0.14212560427828644
311 -0.1142217427164348 0.07268415457439333 9.030221308215308 5.122541482269852 1.9527624147120877 1.6228443725096333 2.642256482453477 0.012575233695935308 0.06067355586497035 0.16606265058185415
312 -0.12374355600485064 0.07898304095493777 9.085647668857387 5.037927529156464 2.0061186130045194 1.79752790698189 2.5220751701366395 0.006095869872037005 0.06443275353836458 0.15357737408198646
313 -0.1559450697892738 0.10077134899576855 9.694694641148377 4.078414224172002 1.6247252477895837 0.9230241159827729 2.328261723313302 -0.0391940111058419 -0.006084975057179656 0.09424458437339393
314 -0.07819709930406113 0.04866113881237677 8.508757357075929 5.849863371544458 2.442896245474996 2.86708011812161 2.613882710636185 0.06218681161221516 0.15573440575351355 0.22886506412588625
315 -0.14039066373200146 0.08937617229430725 9.18086191522292 4.829515757878067 1.8695830372323794 1.5041691977059404 2.5583728722783086 0.02173540676812183 0.07265509050910027 0.1824122261839331
316 -0.13261885842613252 0.08458735067917071 9.077253398536179 4.722787922492192 1.9374679862896358 1.7899696749032357 2.42598412781145 0.020324966520796392 0.08493319851121442 0.1783704735723839
317 -0.13239008199545257 0.0845555057247238 9.03543177766479 4.653402992108723 1.8706095340464315 1.6785748392580193 2.430837170372983 0.018213033280496057 0.08125649835842542 0.18091686476771116
318 -0.1272450434185269 0.08138174011092598 8.942145073454716 4.56814186133071 1.837501107131668 1.6734077780794008 2.4035010773034715 0.017051314298654092 0.08161965578071942 0.1799795444974971
319 -0.12312644619709553 0.07889775420022588 8.844402253069147 4.486552053622774 1.7972493861013066 1.6450588326678603 2.3875660300509147 0.016145790307089253 0.08130766384388073 0.1782734638215737
320 -0.11918061061334034 0.07652944626942329 8.738440127387179 4.402309087580526 1.7631387470030497 1.629140628871922 2.3701692364115967 0.015348361177952817 0.0818095984149325 0.17541118755168633
321 -0.11456930840770199 0.07370252431788413 8.631473115568376 4.32004345460352 1.7319946688703416 1.6156732057381422 2.3554033685537723 0.013762586648837607 0.08254432402637114 0.1717586442483396
322 -0.10924674049729323 0.07036150798697892 8.527089727656362 4.243231640950268 1.704591519750984 1.6065585551960144 2.343886302522021 0.011365612435744524 0.08350607685394179 0.16800035206282202
323 -0.10394184452403445 0.06696087079496833 8.430248088497606 4.175959630018572 1.6805540175130993 1.6006552518765014 2.337218586121991 0.008731742574907815 0.08478297335424734 0.16503147438477905
324 -0.09795266031621422 0.06303923368402048 8.351228969235738 4.120422732100746 1.659164466458945 1.5964691824010897 2.3355802347766677 0.0062969041180119725 0.08640082820253715 0.16313905583903543
325 -0.09286138770900941 0.05962042520904903 8.29311968574877 4.077111379347656 1.639662742317557 1.591933973052333 2.3383152676649246 0.004010760819508999 0.08809539013900802 0.16184431156360038
326 -0.08787581573363011 0.056206993610263115 8.254151809514223 4.046250464781274 1.6225278354233041 1.586451075199504 2.3453038299386986 0.0018623068746581985 0.08959731166434338 0.1606713600290437
327 -0.08417339795726503 0.053579690206956174 8.236547496082746 4.028825465032086 1.6094781765408739 1.5809608489938318 2.3580388611148675 0.00041595885241081394 0.09100109258104602 0.15988140779427196
328 -0.08324337465961251 0.0527223168074581 8.235821671918831 4.025403730458742 1.602139915523374 1.57663141067572 2.3785696971592754 0.0004916517721880575 0.09278035532301862 0.16027133905582897
329 -0.08228365711284098 0.05184580683178513 8.246360768713995 4.03409343455384 1.6011561104423884 1.574490285203154 2.4070533013876605 0.0026490994279432575 0.09546950717847938 0.16252591666032062
330 -0.08219958470145541 0.05155139542315169 8.26185255497263 4.051612386881722 1.6063978784802921 1.5761638112694805 2.4411741099387725 0.006836996275252184 0.09918420936006336 0.16659287608814283
331 -0.08313016553443181 0.051937845395994824 8.279920065514457 4.076503770206398 1.6171731379437482 1.5841549327783684 2.478168846187033 0.01213032786899317 0.10345541124986281 0.1715705461535904
332 -0.07648509428473879 0.0474627850717247 8.294190029199406 4.109021167702564 1.6325655322767059 1.6010876057923449 2.515993550530209 0.017196475371270895 0.107532356389618 0.1764707622899882
333 -0.0690831705636384 0.04252856923903454 8.31461832154874 4.148279864653841 1.6516488854552889 1.6272374201607098 2.5527491343437982 0.020972635566979286 0.11057237321230043 0.1808041226176662
334 -0.06402097874762033 0.03913471206683769 8.35249265331186 4.19089001391904 1.672844281592695 1.6586401166175886 2.586176805192112 0.022713900055460454 0.11181786401380704 0.18434626120811126
335 -0.06137286571273258 0.03732370156682739 8.410336024337273 4.231609287800139 1.693098077708241 1.6880262460752444 2.6135850603821473 0.02167427846073123 0.11086124945183676 0.18667271235883276
336 -0.060232521087635923 0.03649623538784755 8.486173376901217 4.2643276062011894 1.7083952603500576 1.7070650153643083 2.6318287908863183 0.017333888762855625 0.10768073455567245 0.18719744697730875
337 -0.06107561856475732 0.036946507042927804 8.57280084139219 4.283530000725638 1.7160479784990876 1.709401461488324 2.637882894222771 0.010108114879096382 0.10254157438269029 0.18535060356404
338 -0.061934181574009525 0.03740319438342561 8.653624212004313 4.287198646179444 1.7160301562029519 1.6933708951504711 2.6306855546401775 0.0008577260370056156 0.09558977894518063 0.179870352656396
339 -0.06227993076318156 0.03753029545391191 8.715257656636402 4.277493024924024 1.709572182548942 1.6613739968332937 2.612232703808372 -0.009768852291125864 0.08678710471889434 0.16918058982481726
340 -0.062049742871592595 0.037287307384229015 8.751192546953366 4.257382650268863 1.6976597174718155 1.6172975910929164 2.585897093121533 -0.02047057951591386 0.07679626331962691 0.15378805728186856
341 -0.06627896003369493 0.0399158828358499 8.774497734164946 4.22912150857117 1.681354719325157 1.5664372565834286 2.554546547133235 -0.029312293523154863 0.06731962064643573 0.1368319400446566
342 -0.06802772436404536 0.04093812043905666 8.777934342708534 4.196297739251227 1.6624902680517368 1.516740862533879 2.5212283655938577 -0.03521951900130463 0.06018948268707858 0.12197813773419053
343 -0.0712430554677886 0.04290455875131166 8.775653098460769 4.164075193113569 1.6432371005947413 1.4761924156829114 2.4902352430376866 -0.03822037408199444 0.05641853790594014 0.11184483480315574
344 -0.07578765764907829 0.045732190760795724 8.772805565911156 4.136144741904621 1.6248383634346706 1.448235730778828 2.465517180040888 -0.03883138146633185 0.055898865115790376 0.1073899538452412
345 -0.07719573731817479 0.04654743486088636 8.764640041922844 4.113187144922155 1.607309267739757 1.4324759371519686 2.4488515943832176 -0.0379540958303431 0.05798956581111332 0.10809116760004454
346 -0.07343141107564653 0.04404908643234905 8.745313315478054 4.094931221584298 1.5907804837651132 1.428797159961427 2.440809607787396 -0.03630847605154732 0.06244569652909067 0.11326216212703533
347 -0.07061047286587704 0.042191681106582654 8.725431925531247 4.081866203608079 1.576279550944298 1.4376645140306161 2.4419169483071768 -0.0341370057333634 0.06920694740747957 0.12222379931566366
348 -0.06867999875619979 0.04094234087504563 8.705406463978923 4.075016671879895 1.5645533744849807 1.457669697431942 2.452302231675306 -0.03214573612774256 0.07755018241571894 0.13317642092815535
349 -0.06678201974769815 0.0397390502720259 8.68385866069805 4.075112060247691 1.5551802505769157 1.4847828117675395 2.471199582825288 -0.031553994269155033 0.08614224191439541 0.143565332447424
350 -0.06399406390640613 0.03797671103222923 8.656988479380198 4.08083160604916 1.547736795489756 1.513776465353782 2.4959272484034862 -0.03264583393404642 0.093598766880379 0.15155774460623359
351 -0.060456107280516425 0.035740020315776694 8.626303479145378 4.08709836119262 1.542326729767819 1.5388030250781337 2.52095629917975 -0.034352688494876084 0.0987156573219394 0.15652256299270687
352 -0.05674378183428923 0.03339512293877382 8.598568288640164 4.086119171599583 1.5382686992908499 1.5526141049105104 2.5394803864032403 -0.03521923039504191 0.10070915789272486 0.15867202143871104
353 -0.053450499309417934 0.031313594251344265 8.581276523007952 4.072412811529281 1.534215830934368 1.5492314961616012 2.5472097352713203 -0.034086651548184285 0.09967680604708312 0.1587287784246776
354 -0.05031810908467935 0.029314049096585096 8.575161393462146 4.048362020299351 1.5297771747323288 1.5288364063397304 2.5451792099094552 -0.030560463532552283 0.09656022380399855 0.15748109401056037
355 -0.0485150322060634 0.028138171203315028 8.578104893670794 4.023577087963566 1.525748121683418 1.497290187750289 2.5390626218904457 -0.025043463107991434 0.09250679597441062 0.15568264045687777
356 -0.0477720244298456 0.027608338477539456 8.59023236024764 4.008250000797618 1.5232824856725504 1.4612661033190313 2.5355381500447027 -0.017864899092420658 0.0884243950327185 0.15451325307539965
357 -0.04164508367506608 0.023576115545557733 8.600931797720303 4.0084297393315795 1.5239723868233275 1.4265683644729903 2.5386842653543904 -0.008724909635834515 0.08501017313017319 0.15549437729312818
358 -0.037921577338020575 0.021075260320412577 8.626214802050152 4.026512095964757 1.529862456468129 1.3983606569819638 2.549677840484107 0.0028739267957922678 0.08283399342878048 0.15977346243565185
359 -0.03468331529160184 0.01888351721724372 8.66274777779663 4.062707900519426 1.5416776076763812 1.3780771898352102 2.5690845576599335 0.016727761036340445 0.08208310848031321 0.16752444955669574
360 -0.033558464695899556 0.01806538514234262 8.713708850555943 4.1147911174957335 1.557861184299924 1.3620593967484258 2.5975888701691137 0.03173582015063127 0.08239526485286217 0.17795292612484853
361 -0.03443627643393779 0.018554895532109823 8.778630466384884 4.177494182756351 1.5760914285611116 1.346035710296483 2.6344130375340438 0.04667813360790751 0.08326315281021912 0.18991702356491766
362 -0.036054629379241546 0.019533888236056757 8.852933116598251 4.242216533264389 1.5940268792689434 1.3288279903513618 2.675961620827577 0.060350305337393814 0.0844549113684711 0.202193673955463
363 -0.039300073171410425 0.02157395367979801 8.931957612329171 4.296471360011045 1.60872244282023 1.3118900986684314 2.715289065488547 0.07085666575223337 0.08585474425224665 0.21295792549290932
364 -0.0387824662546577 0.021209087204585773 8.995010553403624 4.325364572372493 1.6173288785994204 1.2981712679565827 2.7426879044102046 0.07566772200403382 0.08700132529886365 0.21951618161746858
365 -0.038164808918619744 0.02080755446043569 9.044232573256219 4.319421213175121 1.6189694209175767 1.2913924743753356 2.7499909023450577 0.07312125150734163 0.08714159780936052 0.21959591216970614
366 -0.03856900276382137 0.021092763978923415 9.080939020046063 4.282944835524455 1.6155610835633782 1.2946095628930616 2.736379224466967 0.06416935551141853 0.08601089599618408 0.21346854678761562
367 -0.03982072306646148 0.021945059193564515 9.109140052769286 4.230200891341587 1.6100864924223417 1.3080874152172168 2.7082660664270577 0.05202263677530275 0.0841979001639425 0.20394027624313918
368 -0.04199610493404114 0.023400427152027142 9.133504886061273 4.174414498579987 1.6042830658418412 1.3285508550515526 2.674036675669827 0.039800657367921655 0.0824883229325097 0.1939570302078743
369 -0.04489955474418163 0.02531563452214236 9.15781254162048 4.123987225713982 1.5986785056311121 1.3513796836794376 2.640444209269379 0.02913611521704711 0.0812584183426377 0.1850892078637458
370 -0.04867177228781963 0.027767256657017667 9.182658307729437 4.084024765681456 1.5937337294829215 1.373124853065173 2.611507698352652 0.02055160380510094 0.08052586028533773 0.1778526863628943
371 -0.05323345718328118 0.030701590604246765 9.20646349233966 4.056456749981923 1.5900812924338794 1.392225430897666 2.58863840631116 0.014027149756378882 0.08016831258805882 0.17224223308841544
372 -0.058337572991876335 0.0339670585786469 9.228172846954578 4.039887578752028 1.5883042907835823 1.4090396264396914 2.5716423465466343 0.009168772059731232 0.08005281338040476 0.16793793865204426
373 -0.06389623207033704 0.037513518908735416 9.247217505059268 4.030712847536968 1.5885678636775937 1.4250104937547166 2.559769673646359 0.005445514060117375 0.08009447096247149 0.1645561003320888
374 -0.0685448922552957 0.04046223055853636 9.263484007195036 4.025137488148073 1.5904052032662863 1.4408477070726087 2.55257087577431 0.0025811114108255165 0.08025094548469319 0.1619629914060402
375 -0.07253819180673388 0.04298210491029042 9.276358913873104 4.020204027568925 1.5931658161374713 1.455990356364924 2.5498840787800234 0.0007010960398458679 0.08051333977138919 0.1603059604575301
376 -0.07364708804484713 0.043641860340309674 9.283327439601274 4.012972192481198 1.5965516014160275 1.4697242114791487 2.550403748494439 4.1213455776671626e-05 0.08084580943169908 0.15965241300182495
377 -0.07056679210138245 0.04160568854215507 9.278986428602453 4.001017220294747 1.600366790324495 1.481815861734556 2.5514361499313827 0.0005922643611586224 0.08114372070326323 0.15976886873257182
378 -0.06460606688544099 0.03771772093443852 9.268643980942848 3.9849135733892838 1.6040192768443886 1.4925567349054425 2.550951652161701 0.0019648564984985073 0.08135907877573914 0.1602937142462117
379 -0.060836392525145666 0.03524946521810056 9.260651659913972 3.968822781596851 1.6068110194341632 1.5030255425942003 2.5492396062429306 0.0035414208418842845 0.08157793760946709 0.16094838349362406
380 -0.05837208753570561 0.033631897594615434 9.253622937614619 3.95791641044261 1.608626545593303 1.5146132977593003 2.548440343631409 0.005004531483759383 0.0819121321126981 0.1617186044145316
381 -0.05697763257161381 0.03271423951572884 9.245572094124164 3.9552084444963196 1.609746475466766 1.528079253542768 2.550717661431819 0.006462284365830205 0.082414141748435 0.16284077470890332
382 -0.06101775331580969 0.03530598898099434 9.248935017555375 3.960140166508574 1.610050232313022 1.5434767879188134 2.5566605615733313 0.007773004596224552 0.0830353876339853 0.16438759887501395
383 -0.06559923872196674 0.03825206466937063 9.251417907075998 3.969368576120624 1.6092239768779664 1.5604908873999397 2.5654369733987625 0.008485956446689306 0.08365171717639927 0.16614486191310082
384 -0.06905954312012888 0.040483055334043325 9.250925119309109 3.9784261786655346 1.6078086089570438 1.5789071343444643 2.5758006529432684 0.008646097314762628 0.0842076968939525 0.16798548178535527
385 -0.07776613104439137 0.04610750943171299 9.26679491651717 3.982773271378483 1.6073917024120357 1.5993456950785712 2.586410545422487 0.00878165792847125 0.0848077006756614 0.16993625291604128
386 -0.08602245165061392 0.051463122719093604 9.282815790761099 3.978313029413408 1.6093180263288887 1.6228329698779853 2.5954886628019223 0.009042681546948428 0.08562468610976094 0.1718599869244739
387 -0.09539623955397458 0.057569194256951936 9.299352156047613 3.961626911986645 1.6139407978392049 1.649849245937221 2.6007594024858642 0.008935260928599767 0.0867805566391954 0.1733613195667992
388 -0.10500722453138833 0.06386464517867942 9.310099405700523 3.9305030403696013 1.6219689144175597 1.6815217524971657 2.6002151331413708 0.008025700278234172 0.0884051846773477 0.17413099323223744
389 -0.09799015840884528 0.059166539791054254 9.166071689064296 4.208526678784577 1.4346649074928073 1.2308951081729742 2.8005393411390553 0.00041500326581177596 0.057395202899088275 0.19042320922936634
390 -0.14623988834950727 0.09094949364955357 9.496183260727445 3.598468574059342 1.80999639111567 2.1360465852574864 2.4374267390456534 0.011435620706753635 0.11699948693820583 0.16528311042791724
391 -0.12876117065840287 0.07968198390895541 9.279846318635014 3.7422133946086245 1.6952234086383364 1.8757976599519144 2.54919774219211 0.0009465620666564943 0.10055798935929411 0.17210239958332244
392 -0.13689923640661325 0.08512737217223264 9.262772128108505 3.6780446493122136 1.7220949494821385 1.9365416661275843 2.538930430171975 -0.003855805585308642 0.1038563284739716 0.17198135257681302
393 -0.14208128380392523 0.08866076673974707 9.197900115047354 3.6037985990950454 1.8725865483309612 2.2532570290328438 2.4578870304451392 -0.006865850010704767 0.11217349435511953 0.17178234719126287
394 -0.16309793622633212 0.10256586791698229 9.243206803823456 3.4870496486888456 1.7192949723791249 1.9755235514404736 2.54735475838651 -0.018727100762895726 0.11872647058107648 0.16858892839124398
395 -0.16803272881395756 0.10601238105208348 9.161737756538951 3.374633155280817 1.8719435477962767 2.314769731007698 2.4609125592235204 -0.023860492836059698 0.13202648922938548 0.1662540557222528
396 -0.17489381223140835 0.11073765487869065 9.115124857819179 3.2631312379245747 1.929067282482685 2.4627943092481948 2.4408618214621574 -0.03147331199668432 0.14436305382801778 0.16474368858399868
397 -0.18194448076844225 0.11552800979593557 9.066665991071776 3.1448702179005825 1.9908883565101168 2.6224867037977218 2.418962835855957 -0.03923158835961747 0.15816139091715367 0.1626130022832817
398 -0.1889146874963948 0.12014351684469514 9.01655207457505 3.0267718888075263 2.050540826619154 2.772857906918226 2.39802903722274 -0.04651661405158675 0.17165785533353264 0.160058467836505
399 -0.19023134714820378 0.1209493123554346 8.967929565137474 2.9112625832332437 2.1025716884613423 2.898531525137078 2.378222341136077 -0.05332866176061503 0.183318552386637 0.1567238112920447
400 -0.1866667506490365 0.11849468556126216 8.922783014888129 2.7989394418256115 2.1437808192955763 2.9892986051786012 2.3599455458272596 -0.06013259315229795 0.19180047281788726 0.1523207962473996
401 -0.18842533183505691 0.1194807409539362 8.893279993772955 2.6873146749108594 2.1756892401752426 3.044297249144079 2.342048147215608 -0.0672527399636636 0.19648415996557178 0.14675363871930652
402 -0.18805396851441764 0.11918389926532658 8.865552383216208 2.5718776926057934 2.2029044748245243 3.0700765795244895 2.321387995353662 -0.07457115262969186 0.19765633315052233 0.14006728705729748
403 -0.18595652164368853 0.11787072840543966 8.841569979781038 2.4499890235521526 2.2290843123993525 3.07427078142789 2.2950521099277177 -0.08171526190108623 0.1961151063829139 0.13243744617417974
404 -0.18163645853536145 0.11519198854651852 8.821753538151816 2.323411052487417 2.255619938367702 3.062054654284755 2.2626211423440536 -0.08821440749307066 0.19275716787994532 0.12428953579675651
405 -0.17928330570338308 0.11382008825537623 8.81868356510769 2.196718496749234 2.2839224600342947 3.0382483649363223 2.2258352413663607 -0.09339886836975869 0.18856262531121265 0.11633486895458858
406 -0.17734979644861826 0.11273795363929415 8.821700732287502 2.0752761635701287 2.315563573923842 3.006688158588682 2.187812891250715 -0.09645955303020477 0.18440219310440975 0.10944425919115602
407 -0.17487866837731164 0.11131971519495192 8.821384998525193 1.9652797600426841 2.3500597650996577 2.9665861175604293 2.153311597375392 -0.09682497179455629 0.18059391448026302 0.10444436250429823
408 -0.17148161640595613 0.10931360665270622 8.815833194110464 1.87260400795891 2.385752626227176 2.9149856095537845 2.127573134341951 -0.09447029716469643 0.17696866962872648 0.10185403691084056
409 -0.16816341034784452 0.10736790787810056 8.800580512156358 1.7997647306809033 2.4214022712126098 2.850794642687142 2.1139503021646986 -0.08998171759777855 0.17331045810879192 0.1016530562440595
410 -0.16556322598421885 0.10589045280852623 8.770012663654402 1.7445213576936063 2.4553780966393335 2.7740475488934218 2.11257691614184 -0.08437340632937766 0.1695556281668179 0.10329521974413991
411 -0.16404730691848468 0.10511139290664037 8.71966842068513 1.7015284481873931 2.485674017642343 2.6847940963844588 2.120754296338331 -0.07846024957507311 0.16571778962800474 0.10602915872181731
412 -0.16333128854810963 0.10484378139788678 8.65023108757623 1.6649835570441707 2.5110195186182014 2.5837088824426635 2.1345326435190715 -0.07261061047419862 0.16178058644837578 0.10916028098758483
413 -0.1633716888783585 0.10505623074855566 8.5653854488929 1.6302243922857158 2.53082574202245 2.4725349060339363 2.1501027777553934 -0.06728269068974387 0.1577368021996947 0.11201451264975763
414 -0.16399813792839657 0.10563643089582295 8.468205083186882 1.594415158689211 2.54473567976782 2.3536567563321706 2.164411880754146 -0.0632362454485035 0.15358732253109314 0.11391843256777201
415 -0.1645718332064142 0.10617922312752234 8.360346981265273 1.5569415671549593 2.5529997163539897 2.2292967149192267 2.175598711096175 -0.060857691391603665 0.1492411554237969 0.11448087968851547
416 -0.16452888314181768 0.10633417333482481 8.244855467108842 1.5190232898389364 2.556736402905799 2.101348872320652 2.1833054598400765 -0.05975412261500875 0.14464428552130712 0.11383313525246876
417 -0.16349208709214147 0.10586559905151138 8.12873473074674 1.4825671100461462 2.557289943987086 1.9718435757021089 2.1883770865223973 -0.059431022497005735 0.13996449758131901 0.11234802290588347
418 -0.16218311452767037 0.10523014396360794 8.021793390738797 1.4496102619749864 2.555760979948935 1.842902444181787 2.1923168255603427 -0.059897083285194615 0.13548737131213145 0.11028494759024265
419 -0.16243355122888484 0.10558216342973847 7.929184525557792 1.422306193816807 2.5533882302405595 1.716277744221378 2.1968877424989097 -0.06121491389515928 0.13148606917699895 0.10794944896094866
420 -0.16400990000974916 0.10675537804978319 7.848768258451493 1.4022710856817362 2.552357075294046 1.5942032573032374 2.203284966390028 -0.06303721104067156 0.12830954494732785 0.10583542506656979
421 -0.16699886560071403 0.10882629686370932 7.7765761518955046 1.390029102474505 2.556053953888023 1.4803901681401974 2.2114681355586105 -0.06491949453085884 0.12640531100751648 0.10429999639362711
422 -0.16984525774669637 0.11081892262199287 7.709682429726031 1.38531066546484 2.567470675803383 1.3780302094359598 2.2208282469512746 -0.0666731920614043 0.12608605903616785 0.103339175612112
423 -0.17126141225378716 0.11191053753507389 7.645972435204977 1.3872098470811034 2.586986746989695 1.287181243285994 2.2311883052560137 -0.0684359145182882 0.12729233571397822 0.10268323720452674
424 -0.17275572335997702 0.11306996594176458 7.583484838861245 1.3939529009565068 2.6125110049706044 1.2058693312565214 2.242833782490844 -0.07076578377738865 0.12963413220443662 0.10189919861560409
425 -0.17447585018697792 0.1143856374070667 7.520666950513387 1.4031093035623494 2.6416995843485953 1.1325867148523663 2.256200414723105 -0.07426792923691575 0.13269543488879415 0.10067228071446456
426 -0.1790094487134694 0.11752934949069424 7.466477596174994 1.4121189407782255 2.6730431855536425 1.0662817146150705 2.2718413448309303 -0.07898268183150634 0.13630136458297323 0.09908051903704126
427 -0.18205408084598768 0.11972031915695922 7.405844064409752 1.4186468551922433 2.7048247314571143 1.0048577305139872 2.290575025540254 -0.08448906964760813 0.1404897430178953 0.09736249149735192
428 -0.18627793204062598 0.1226749975869122 7.332392424655671 1.4214451914264492 2.73471558288459 0.9443599028348467 2.313697427931724 -0.09019519603915646 0.14511856082891564 0.09576010298702414
429 -0.20188162737014348 0.13299834003290434 7.289899303226397 1.4217918231736026 2.761686564940314 0.8800414150599158 2.342392954520438 -0.09527470437226684 0.1495549139187825 0.09477291661486896
430 -0.21386096348010417 0.14100731801926308 7.254920668102647 1.423078463194696 2.787543925175084 0.8092665619243891 2.3761609064728324 -0.09899965971400049 0.15303556674600474 0.09491201996530887
431 -0.2196847525951302 0.14505384920528613 7.216411517500322 1.4273509148032932 2.8159017911039146 0.7335738345925787 2.411632853649115 -0.1012976201378825 0.15517664748324864 0.09599933936118787
432 -0.22701451956048388 0.15006065289801776 7.1975322235834085 1.4328172373391141 2.850142522217582 0.6576264062378621 2.4434703908507793 -0.10248016791386805 0.15605783661303368 0.09727995747383705
433 -0.23638524024543517 0.15633951551829647 7.202097071011034 1.4357206634395907 2.891755697982186 0.5861765021590789 2.467505120605917 -0.1027092429900947 0.15618247004762856 0.09821781053722631
434 -0.2474940313002953 0.1636763330832196 7.2281292447006384 1.433590723094768 2.939275711039339 0.5216943361323877 2.482955025731998 -0.10217099247183402 0.15625915803496532 0.09875751632225363
435 -0.2600141658757656 0.17186204525365395 7.265994202191639 1.4264574284518794 2.988565437166133 0.46382332476799204 2.4917520267410587 -0.1012263266682126 0.15680737219734944 0.09907232204604605
436 -0.27134547578958035 0.17922481238339344 7.2956811294592026 1.416262132056238 3.0345848467817005 0.4102527807490898 2.4970625068955195 -0.10011423857337548 0.15796856188986308 0.09942862684000284
437 -0.28133052595988434 0.1856786339986594 7.304347094308924 1.4053270250488241 3.0737963632275775 0.3585696030421196 2.502025886784839 -0.09885314578356685 0.15950968702443408 0.10010171460832128
438 -0.2880945804256505 0.19006623211709084 7.2944732044172635 1.3951022712470076 3.105941186384044 0.30831005257479227 2.508350498042489 -0.09747064787813925 0.16106335726820958 0.10115948865083386
439 -0.29317218609284457 0.19345819682126353 7.256610220030279 1.3860472255342797 3.133817266333583 0.2616180374084103 2.5156631916814582 -0.09618394789860202 0.16249209352121638 0.10230689182162672
440 -0.2975520126956462 0.19657963452694882 7.205458309901104 1.3777131851652875 3.161069732882627 0.22190614122141694 2.5218337889561653 -0.09533900029855075 0.16387607133199192 0.10301488409448281
441 -0.30254996191517713 0.2002808048014844 7.154425148615644 1.368829387114178 3.1902632270569997 0.1921067057072936 2.523709563740806 -0.09517827732000739 0.16533047390590272 0.10283628012411851
442 -0.3161251523466861 0.20936213667826745 7.058067420091775 1.2651040283974826 3.1183529874542946 0.2353015687715121 2.394406252060273 -0.11833890201270622 0.16327967086914544 0.06660314485241735
443 -0.31275450330570415 0.20816628195684894 7.1572679480721675 1.4199259783511347 3.3844774854413617 0.1246080560863152 2.622097313182577 -0.07364742573539346 0.17452485530240425 0.13307507809696859
444 -0.32658215478001673 0.21726847413487307 7.092501868650158 1.3340601445400178 3.299649773404666 0.1669464528409217 2.489772192485035 -0.09702878531882686 0.1718566514693754 0.09801440538777968
445 -0.3404049905932698 0.22649012269212182 7.110047097801209 1.2916157724965696 3.352769756284898 0.2039370396072795 2.44513664850292 -0.10079274284710565 0.17565089952601967 0.08996887335894312
446 -0.35412579967605773 0.23556849724432957 7.1318615793058715 1.2497816498796341 3.4181936750775956 0.24600347693632352 2.4029511483363666 -0.10374033826834228 0.17947644683320818 0.08326050002174086
447 -0.3674278146510223 0.24431102839075197 7.147620615324675 1.1987793982055317 3.5016729931061072 0.30033065088281763 2.3587329888741806 -0.10686938339846636 0.18391880199074823 0.07590087488446269
448 -0.38051230962986154 0.25287075353179506 7.154123942925219 1.1414947084676508 3.608263650812091 0.3638023284816245 2.317858952655653 -0.11044350358618282 0.18921775460015353 0.06810301379190704
449 -0.39547586479791813 0.2626250038605459 7.149406191109239 1.0856139199611436 3.741676261491739 0.43060843621668665 2.2876528777817002 -0.11476334318171758 0.1952543998083829 0.06046216954064664
450 -0.4126148449453104 0.2737764468888014 7.136967126123027 1.0428369966667348 3.9048559981863025 0.4939117493744025 2.2763402164303956 -0.1199198766260964 0.20199892595160307 0.05368280529115883
451 -0.4323633552361633 0.28657624665719306 7.1097882505966155 1.0278917071930165 4.100977175919301 0.5470928634840653 2.2920738203474738 -0.1259040832990398 0.20977676461052724 0.048301272075166296
452 -0.45284504984843266 0.2997148339806479 7.101627505131781 0.79373584806145 4.2649704881757 0.6683380803914395 2.267555151886702 -0.13038448369279534 0.2160864876224936 0.04221918364871662
453 -0.46873491094275854 0.3098560182982699 7.066862272172923 0.6712663455505343 4.403853146898366 0.7317630062259297 2.2717708972024835 -0.13506852239155673 0.22077102924475694 0.038489706003646644
454 -0.4719101752587396 0.3118764475497265 7.229734862364144 -0.14131138315908784 4.140893086534175 0.9579617447592959 2.0127674849916044 -0.1262045247748372 0.20968794173839567 0.030179678385318917
