 SacrumPelvisFlexionExtensionMoment SacrumPelvisAxialMoment SacrumPelvisLateralMoment GlenoHumeralFlexion GlenoHumeralAbduction GlenoHumeralExternalRotation ElbowFlexion ElbowPronation WristFlexion WristAbduction
0 -0.5338841184572956 0.3522384299804059 7.77758159111997 -1.0287037205268859 4.030912220820593 1.0466811284596729 1.7156043088517285 -0.10346799588439812 0.21031726346189175 0.030840158397529613
1 -0.5180174814053878 0.34173717142431403 7.704864290793578 -0.5725174295710477 4.0428424773805 0.9031007690934124 1.8071085659487753 -0.10880879524451781 0.20342850279882618 0.028085717767934525
2 -0.5132728186278283 0.3387059857851044 7.714880163608002 -0.069343823345416 4.138435439853858 0.6918634704567475 2.0380876561596555 -0.08643928075936731 0.19563890812482898 0.06407167031729762
3 -0.5070155599332429 0.3346544233048856 7.698202249431771 0.5661541578778452 4.188820286795968 0.41280062660199146 2.252146306625071 -0.0726283831132328 0.18217127800222482 0.08861660497502966
4 -0.5064889080088463 0.33443226805246606 7.707614238224902 0.8291427879791975 4.183862519039003 0.3201143293468236 2.3396839731378387 -0.06459480991962474 0.17543161269096383 0.10094429120289239
5 -0.5025512173752856 0.3320167284626525 7.7047341528789115 1.0903103845600501 4.174721087871408 0.23600500105629152 2.4252284324955093 -0.0573350556094554 0.17032934369968925 0.11255200794326162
6 -0.49928453852493876 0.33004039342855085 7.700264939637047 1.2948471478520505 4.151330674698932 0.18524353415892403 2.4869470079287948 -0.05166359918698782 0.1669628809531334 0.12145975202405754
7 -0.49440708609293055 0.32700985709750163 7.683981356442349 1.443356576639901 4.11340895413643 0.16669991308578203 2.526968955424456 -0.04781439970171396 0.16507755915739522 0.12779934155264405
8 -0.4895825608573977 0.3239944121489367 7.661626016082309 1.542710341397539 4.062426119519367 0.17660831006949151 2.5499057927474875 -0.04598237678420989 0.16432839766280163 0.13190074912061522
9 -0.4849160311042562 0.3210527624091108 7.636109886272026 1.6026254692372852 4.000516999824621 0.2098822238519562 2.5608903376702328 -0.046095341308934425 0.16418434770792573 0.13423087940278963
10 -0.47811332203629187 0.3166081017778949 7.569718715181938 1.5476015758573116 3.662457594615015 0.22726928678407088 2.4644252885166082 -0.07432513956500603 0.15929808406380888 0.10278735367523063
11 -0.4774229444596833 0.3164376194305161 7.642519398995795 1.7327231062035988 4.112278747064383 0.3599291875893649 2.6643147073687974 -0.021928586819905768 0.1693321614880705 0.16847831258203516
12 -0.46911972889915354 0.31101729332858663 7.564833889563827 1.6520264882487403 3.7755039269812003 0.3935592253945639 2.571766075041189 -0.0477909039851995 0.16612953046012283 0.13906579389010887
13 -0.46407510463404633 0.30784882306547573 7.551762883342303 1.6394593531015478 3.697507898633787 0.4743542112606063 2.5683057557135918 -0.04705814286747184 0.1676689163701707 0.1398217688076528
14 -0.45973115085035315 0.30512832729507094 7.546037232236742 1.6335016267579825 3.613165949068763 0.5480261399974613 2.570291402841851 -0.04452811408507648 0.1684634891012187 0.14211892289483571
15 -0.4560211527490662 0.3027863770202595 7.550436521861391 1.6288771594131684 3.522934128024017 0.6173900730105403 2.57048503632011 -0.04094451104861038 0.16863416579014587 0.14463963234825755
16 -0.4530115909012656 0.3008498643610131 7.566963315631588 1.624370928713811 3.425567848670365 0.682591417644652 2.565236383623965 -0.03702333879539922 0.1683316195282767 0.14672624301565065
17 -0.45062414989487276 0.299258939208302 7.593786461595979 1.6169837239436657 3.3197285584303575 0.7445381774319888 2.551170241227047 -0.034042942488208244 0.16747645106485518 0.1474708527947686
18 -0.4490417191254793 0.2981245831620718 7.620822682163346 1.602901441760229 3.204413126101126 0.8039981058128614 2.525999012011545 -0.033360675880865165 0.16567399298536256 0.14597543623247577
19 -0.4504725981393277 0.2988813332901688 7.641064030213922 1.5787793059359165 3.0809418622356866 0.861757630753538 2.4888846150124917 -0.035220535307189715 0.1628281768256108 0.1419567710018732
20 -0.4505575221013913 0.29875117241945737 7.651469920534896 1.5429917019274741 2.953205155505635 0.9185362135489015 2.4404181701432965 -0.03852144707477344 0.1593578958112959 0.13599745101348718
21 -0.45000130808642685 0.2982564483866607 7.655710787990655 1.4962754369344555 2.8260404025668158 0.9745950623020623 2.3822217173766913 -0.04186736123199093 0.15565119824761903 0.12907828232579327
22 -0.4484334361823071 0.297210821902616 7.655588216453027 1.4416098111323843 2.7049202123760505 1.0307439996029308 2.316353401490115 -0.044408071197831855 0.1517890953827196 0.12199560799309543
23 -0.44616171529933313 0.29579868997916303 7.658093873760887 1.3834589388461813 2.5963090406073204 1.0898767215599245 2.244959551299468 -0.04595651366591985 0.1478247214266259 0.11514140125545272
24 -0.44293313040983734 0.2937781785694896 7.663269739486978 1.3262120395970198 2.5058890550579647 1.156238091902125 2.17004642085893 -0.046866330469549675 0.14391185090121528 0.10854921278194281
25 -0.4395530479872021 0.291602743688008 7.669742645091106 1.2725839880352046 2.435364114904786 1.2322891439098458 2.0934617201101346 -0.04757370362777791 0.14022580413246644 0.10216478807548715
26 -0.43694618779688743 0.28984183114096945 7.680127556983417 1.223436370805858 2.3817016807087885 1.316773856470882 2.0175213680695183 -0.048118825769488255 0.1370315696054681 0.09616949444100333
27 -0.43961115916881105 0.29140058521729045 7.7094417345591895 1.1788807068467644 2.3405208964710145 1.4072146520630615 1.9450136065304564 -0.04833182954184258 0.134726440557365 0.09086518614540537
28 -0.44194412860137894 0.2926617985520554 7.747688061771718 1.138788016617995 2.309301351513882 1.5034543510956067 1.8778117304371174 -0.04823901999388594 0.13369158248860308 0.08628318087922765
29 -0.441743759360051 0.292229310670719 7.789120068123337 1.1025745426529399 2.286363778176814 1.6067080657284327 1.8162958717994169 -0.04822938824390161 0.13401405100188765 0.08213555255372038
30 -0.4454577744907042 0.2943115041327281 7.84630374310815 1.069423319895252 2.2691809161943954 1.7170180551807916 1.7600467422263082 -0.048981383790503846 0.13540107022969902 0.07805661551032242
31 -0.44789521534092036 0.2955679853717043 7.89584503331378 1.0388446389005568 2.2557357184924633 1.834049234853163 1.7084775186622343 -0.050904684909766046 0.13769188475433672 0.07386438811289155
32 -0.44951821959076144 0.29631254835117193 7.934856513490923 1.011579986258128 2.245758651632773 1.9582617315469206 1.662023554929338 -0.053851648674455674 0.14128501411523053 0.0696810338706245
33 -0.4453945927192554 0.2933625647625368 7.9525403626214 0.990327666760288 2.239572432084247 2.089259076864063 1.623264232450558 -0.05770030307455875 0.1466610001817002 0.06576629901701968
34 -0.451073420330534 0.2967818991033913 7.990529186102077 0.9794759223779659 2.2370102066386854 2.223687494365272 1.5963299677637695 -0.06251847338745724 0.15371808312659963 0.062417869258141426
35 -0.4551578065216811 0.29918600705742304 8.018549766907755 0.9842684133584253 2.237502521082873 2.355256554138461 1.5853944654928493 -0.06807621606313502 0.16175665220639168 0.06007902375846426
36 -0.4563783888476741 0.29976395216209994 8.050251775476646 1.0099608294044187 2.2404861055963585 2.47701010983148 1.593566355165265 -0.07378927839287938 0.16989151225084498 0.05927639507364989
37 -0.4566044755402644 0.29972437390530143 8.092871494437752 1.0615677068156804 2.245445436999575 2.5834227408180457 1.622405736934172 -0.0788598733831985 0.17746960555542002 0.060477724053652836
38 -0.45623993093068005 0.299326983609287 8.159743562736775 1.1435615237981367 2.251227937388875 2.6697621111626897 1.6718487480923538 -0.08233248483175329 0.18417716840541365 0.06406961716958895
39 -0.4554862708469497 0.2986877949853982 8.255201281394504 1.2581434415463897 2.2557629337432274 2.730845072071383 1.7400316807398868 -0.08345127919308347 0.18974191499588833 0.07023220216298948
40 -0.4528867573137438 0.2968368354614398 8.374066753713452 1.4034276408994597 2.256791788762928 2.762290310075265 1.8228434424035906 -0.08219048070817433 0.19370453274637556 0.0786563517070806
41 -0.44843304373130477 0.29373301444429173 8.50494504240963 1.5735653174851156 2.2524630473540816 2.7624216175042613 1.9141677658440028 -0.07930706039362788 0.1956148391633795 0.08848672313257212
42 -0.4395586956496952 0.28769523567516186 8.630671550077436 1.7604311382902809 2.2416947772141302 2.7325465905713022 2.0073675235419977 -0.07567354756107653 0.19532004826666 0.09869715222648612
43 -0.43588557772605785 0.28494553525932564 8.769627298320295 1.9555726307132284 2.224838686249168 2.676842985931515 2.09683210005837 -0.07169312929927822 0.19303772328656488 0.10849920520512768
44 -0.4294670660568939 0.2803497287685174 8.88612178809926 2.1518652697876313 2.203774541066184 2.6020640357665323 2.1787834945943807 -0.06743021662471638 0.18926133897571265 0.11747581851611223
45 -0.41943216093003644 0.27336448193550134 8.976179302381412 2.3447247184170577 2.181133876948791 2.516329498474218 2.2514692223551056 -0.06285481079539765 0.1845687902936688 0.12555927941991535
46 -0.414376015998425 0.26958696205192995 9.07224751469494 2.5321220163483176 2.1598482153053205 2.428763557777757 2.3142944938949266 -0.057961050070793614 0.17948868081666383 0.13286914659065852
47 -0.40791681004646463 0.2649446551329564 9.162345756260489 2.713046368375675 2.14321994370445 2.3502596892084386 2.3662680203966953 -0.05292332683556976 0.1744939992189474 0.13946895243100269
48 -0.40020153726293567 0.25958301546424906 9.23133022199686 2.8854355179072946 2.1342521202133415 2.2917725459646494 2.405831130602664 -0.047961662920654076 0.16995998235644863 0.1453221538594602
49 -0.39153783479729176 0.2537437377014907 9.283987036756944 3.0446744294312165 2.1339516638399196 2.259937987779452 2.432341380782092 -0.04315148631632652 0.16608863613905778 0.1504055628372409
50 -0.3816766264096704 0.24727437184589182 9.327004644509568 3.1835294650946766 2.1408692567804746 2.2562679267776007 2.446584148746066 -0.038679697138575136 0.16295972906994288 0.1547010861346601
51 -0.37167926697024223 0.2408244474637698 9.36789936021606 3.293144190508112 2.152996804334339 2.281196125927348 2.4493048284803027 -0.03497924347447454 0.16072107200417418 0.15811795071857523
52 -0.3621394415727752 0.23470558095897837 9.41307193555319 3.363684727290145 2.1696975154624742 2.337183303380924 2.439655058266846 -0.03246843341791317 0.15972279512495288 0.16045852524488716
53 -0.352502790289387 0.22847979423811351 9.466823833964735 3.3859799951497065 2.191834414000166 2.428184768341308 2.4154799311554394 -0.03151385421559078 0.16032278328402533 0.16138880205549544
54 -0.3421119653017617 0.22167476518166002 9.529061843697761 3.355614111874867 2.2201846279900566 2.5550884401020086 2.3756472331406133 -0.03243716863653884 0.16242092793342786 0.1605604131202163
55 -0.33489772229345927 0.21684180809280168 9.605120949458769 3.2769647011029233 2.2532951546045394 2.7086190306063616 2.3226352867825257 -0.03509286442652723 0.1652035218781613 0.1579314202103686
56 -0.32579315565274264 0.21076707517645793 9.680735491411298 3.1648710096890156 2.286015506527139 2.864697443780729 2.2635920776592986 -0.038609132652179357 0.16732671057759302 0.15387205332711368
57 -0.3195357227934654 0.20657026997236672 9.746619260368771 3.043723206084139 2.3095439392503736 2.9867760494681903 2.2096565650677458 -0.041803085265470635 0.16743657133635836 0.14889875088869622
58 -0.3127711815126092 0.20212286288455136 9.802348732219537 2.943421230778841 2.3139138837322037 3.036941448022011 2.1742825319265657 -0.0436968298896175 0.1650305685205813 0.1435762359900629
59 -0.2950446062797949 0.19077891760975396 9.806156694276762 2.9027557567753064 2.40039014094097 3.1762187624013167 2.121830176993655 -0.03831614448736856 0.16281859022988113 0.141259353992698
60 -0.2825560243389581 0.1839762167824378 9.66224710867004 3.482935222532393 1.7559920408442886 1.8859320490554476 2.657473224932459 -0.05205138810836163 0.13441210766441927 0.17681223108652544
61 -0.30533110965843663 0.19618840431231283 10.179526813906392 2.3172903965955802 2.685228780354599 3.6765815446274557 1.769612503341446 -0.024592066719883114 0.17903519331366485 0.08788995281872866
62 -0.2818942331841874 0.18232223372049017 9.98476181798846 3.15642313134787 1.9195000652985195 2.0212808515660816 2.4710565319053948 -0.034041910715839736 0.1369007680196387 0.14316555006404855
63 -0.2633635382384558 0.17048780830940807 9.929106868821957 3.2857088162537513 2.01703839379435 2.1141536263757303 2.454728719040974 -0.0207254491202296 0.1424965162516865 0.14417545408378038
64 -0.2538138865213989 0.16436382160071833 9.926718514161642 3.4918961438680522 1.8904710466058667 1.7756280768041277 2.583314655014577 -0.014471616387346734 0.13401105949416217 0.15347925921826214
65 -0.2444529110328717 0.15832544776060004 9.879240458212783 3.6508817082325766 1.8477347766992487 1.6464659845227632 2.627039376395894 -0.009343469092076222 0.13192776478170123 0.1568579642740649
66 -0.23599020765437545 0.152854826127517 9.811277761760104 3.78487983280126 1.8081596252530372 1.5536559850402485 2.6471740004097177 -0.006771737137688211 0.12950963119859724 0.15860088806429945
67 -0.2295922834089869 0.148721416213755 9.72515451850143 3.884925165663383 1.792115430636356 1.53519917791939 2.63029058449628 -0.0060492812755447295 0.128015142123567 0.15811117837832253
68 -0.22731796969717138 0.14726929741366812 9.63716777722911 3.955389658735716 1.788447563652595 1.5585076048267361 2.5891934545685307 -0.006751279998388551 0.12632438798158052 0.15643142669108695
69 -0.21001033633650185 0.1352285778806981 9.480427542690622 3.7422631547199416 2.012761108860626 2.18229760136681 2.2808024626508088 -0.007986468661682677 0.16046381880167726 0.1287545361372753
70 -0.23246751801252258 0.1517446334435878 9.400941121794778 4.267120015219259 1.5912939999930735 1.11852540287455 2.7084518790793624 -0.010247861692898059 0.08831343813402763 0.17494255035252015
71 -0.2247626095795529 0.14596210041483645 9.281724451522496 4.114595441119535 1.7852310547779033 1.6277978834439106 2.4729467926820177 -0.009138279758051825 0.11235117652119085 0.15725092993841183
72 -0.22536905186981637 0.14658496531381898 9.142887962953903 4.132308193836525 1.8064439994366353 1.7026199646729443 2.425324474744419 -0.009230724241001027 0.11120818096725402 0.1559603451448263
73 -0.22104114575996048 0.14409434868810572 9.029302666469764 4.1722870608344795 1.8117464581090374 1.7307902332055383 2.408797641507479 -0.008083809041270412 0.10780558160261516 0.1577064230621806
74 -0.21677429621861566 0.14166303316763096 8.951581331211656 4.209463179723563 1.8128099217927973 1.7463571678482999 2.401033358860828 -0.006112100714394969 0.10451288909656734 0.15996794738785106
75 -0.21387452168442933 0.14009391761899945 8.880098833667125 4.234872447578117 1.8103652100692154 1.7534098783823748 2.395261326542858 -0.003532246251730771 0.10153242350254615 0.1621182062476619
76 -0.212140391074746 0.1392348981010635 8.815951476550008 4.244185593009172 1.8038994055441337 1.7515287317402957 2.388966474982465 -0.0004959511333397087 0.09865710531029029 0.16390719649312813
77 -0.21102069894445158 0.13872729636560893 8.755753532876188 4.236364920473428 1.792334282351954 1.7388938011627104 2.3822289644315195 0.0027683826235398237 0.0956752673477482 0.16522208142188258
78 -0.201686339254881 0.13278601678693824 8.532174150740076 4.530832727604904 1.7313348342342791 1.507786947444081 2.555497286937206 0.014639971257628955 0.0870825502771929 0.18884946873389788
79 -0.2174895560359645 0.14316640228073546 8.769432475786452 3.877381527144575 1.8429989948847247 1.9972160128090342 2.173077313979946 0.003620411841180282 0.10093110524699274 0.1457288501692394
80 -0.21755322923326675 0.14340256024325787 8.592459490555171 4.11935960200166 1.694292799424621 1.5740602042253722 2.385184715598246 0.010199538839726643 0.08471681675715492 0.16469897612905265
81 -0.21705416019857776 0.1431697051647136 8.520237669443631 4.052362572759639 1.7168714685717834 1.6423670627749685 2.3523425673783365 0.01602042705832178 0.08692685510208883 0.16375050039634875
82 -0.2180942728406574 0.14391304021099485 8.47763327697591 4.016284232008547 1.6891691451591155 1.5849004018788797 2.373519469258051 0.021641998595950215 0.0853020914284193 0.1648933230863776
83 -0.2169305589379981 0.1432086689290121 8.446717136179299 3.9907316657115346 1.6847163043866127 1.5702872022871643 2.3900334142488395 0.028070984264100998 0.08621766835892486 0.16576500295596974
84 -0.21530197751521096 0.14216956914439394 8.43986914073889 3.9923819432979775 1.6861390984962226 1.5544937469889684 2.4204193114836077 0.03479857032549097 0.0877769812158232 0.16782606868037114
85 -0.2150412046210407 0.14197029510947484 8.459457610956935 4.020149646824201 1.700263815711685 1.554755356065469 2.4573689040378177 0.041163671605620095 0.09035982380385574 0.17086148381615324
86 -0.21754966994637198 0.14350641282132562 8.507508601343822 4.0690633144515 1.7264472755096676 1.5738096411373577 2.4977430844251844 0.04614699123038363 0.09371552328724969 0.17456386688184955
87 -0.22248136757172732 0.14655194992571524 8.5811653494329 4.130534090069916 1.7647550242199834 1.6170100982817215 2.5374007884741645 0.04889178225808687 0.09786744932316724 0.17853959816177978
88 -0.2310041866046047 0.15186942306226126 8.682143942416921 4.195408630621456 1.813028257320569 1.6836182960370176 2.573854317995639 0.048935290762559834 0.10282035741976375 0.1825454644637246
89 -0.23722238357565648 0.15566091976652857 8.796213584205036 4.255823703067419 1.8676416810738625 1.7677355815318951 2.6058078701078733 0.04615636986458124 0.10838586980221478 0.18633399639865889
90 -0.2319775533878422 0.152023036069825 8.90511324812889 4.307208704412311 1.924539055030433 1.8605815895101476 2.6332597200933736 0.040614584954987314 0.11407942387501915 0.1895715998365224
91 -0.22943618033243374 0.1501276898454374 9.032763523808267 4.347825059266477 1.980292439194852 1.9541069747071658 2.656113098804822 0.03233104530924159 0.11937964286875433 0.1917828825486265
92 -0.22924187920451444 0.14976390756263042 9.166936192977383 4.378172566447402 2.0318023881157625 2.041923288219796 2.6736415494182846 0.021158120597141058 0.12409765104949898 0.19252876491231996
93 -0.23298105159763893 0.15197368594584673 9.30686992526466 4.402292986724085 2.0756474121609827 2.1177112297882497 2.6856122900755905 0.007231217227755042 0.1285304386186383 0.19212770994405565
94 -0.23854733651689086 0.15540393098872962 9.44020100495544 4.428785055460493 2.1086316280196336 2.1749836673973144 2.6932570436518537 -0.008251882126818294 0.13339627166700566 0.19227057560488134
95 -0.24791231099639136 0.16132747177184198 9.569104000932736 4.4690416888495115 2.1288641934063275 2.209143022989053 2.6989952793881606 -0.023083272288692287 0.1395538130029218 0.1953027222686744
96 -0.24939132220593332 0.16218491017500541 9.660764107263567 4.5331551876840726 2.1356367628269712 2.2179300054915876 2.704986385033452 -0.035201524177023547 0.1473440115837373 0.20235500424798275
97 -0.24766017129396167 0.16098907812858332 9.723356778333656 4.626213755002616 2.1291582889931546 2.2007019098900735 2.71165495967014 -0.04366277642412331 0.15596713661487374 0.21212513275183523
98 -0.24251426887894487 0.15760522264430532 9.752900478776809 4.746652647652463 2.11171730062574 2.159865384342167 2.717707491341821 -0.04816880070412402 0.16378701470239887 0.2217840796172648
99 -0.30617712623429316 0.19941757356729575 10.322212542095416 3.9427830827416344 1.7320919568058897 1.4820118453318667 2.5112024656986884 -0.10174136772882045 0.10046052569859537 0.15863168380958295
100 -0.20035771941511676 0.12956418035507178 9.294164700673779 5.86746348357352 2.3782666468490334 2.5600306324087185 2.909633819664351 0.004362803860165259 0.2271738751356026 0.29667271208663104
101 -0.2249127968175961 0.14612792952566467 9.681440410364488 5.145082930463543 2.062695337554831 2.0293747835015297 2.6947818182652425 -0.031323195243850036 0.1751007342921063 0.23250186943929438
102 -0.22789090261439038 0.14827676103469234 9.649873632493643 5.249164382298852 2.1319164841710068 2.1886726433980828 2.554793601258607 -0.03053667462472034 0.1725812452884517 0.21261916557177543
103 -0.2388646801647828 0.15502441183042265 9.730825587797126 5.325132081711972 1.9507053595771666 1.6963388566571984 2.7678113131507693 -0.0032820299178197444 0.16282761972161014 0.2301076392325291
104 -0.23294246143301978 0.15145348007641962 9.679678221611162 5.3502871969823484 2.0469304199956713 1.9327409204014285 2.5976988714254396 -0.0029382092911317235 0.1614962916211282 0.2067183422434731
105 -0.23130730259759602 0.15050887731644114 9.680807828788579 5.347997678875404 2.0599688272955774 1.9457605357892331 2.537690040845749 0.0013581296748341764 0.15440394357772402 0.1955733266884416
106 -0.23029853522483107 0.14997909134127957 9.683608317382472 5.311358144487379 2.07742731175263 1.9731120345444362 2.4628908557247855 0.0013136881970152137 0.14636687476814225 0.18335271080941448
107 -0.22888107097198424 0.1491758395820696 9.68621488314426 5.25073458784495 2.0940464276853685 1.9992934087055207 2.3805197010211754 -0.002713801635773426 0.1373357180328917 0.17011440402049244
108 -0.22711637540649818 0.14812969282387303 9.684954508901159 5.175309749413255 2.1072797455674683 2.016826723511107 2.295940591681574 -0.009805340177888205 0.12761451851830363 0.155697555247385
109 -0.22515923023998935 0.14692678959492556 9.674957848915236 5.093870484025621 2.1155996976094915 2.021533230141407 2.214184881390322 -0.018482622487934783 0.11771324396843796 0.14056824155063796
110 -0.22314261985954617 0.14563627957658298 9.649395130339588 5.014607980056533 2.118344494184771 2.0108925336291965 2.1398960300082637 -0.026890160144167258 0.10821612100924667 0.12598218839524308
111 -0.22150568762883505 0.1445412290836255 9.616333755736392 4.943590431170179 2.115579200231766 1.9836536736166006 2.076025892552053 -0.0335818162116615 0.09928445054941676 0.11300356478991332
112 -0.22077076153720696 0.1439944904256288 9.582858199583308 4.88332738668086 2.1077771292635403 1.941301899546604 2.022847124718563 -0.03794364224147537 0.09082227858476813 0.10198220352827313
113 -0.22095342656153427 0.14402137545226462 9.553938560372716 4.832717013767615 2.095578840103991 1.8888306845312612 1.9781596185793116 -0.03998604542292953 0.08298656275824477 0.09292764694641731
114 -0.222190022260038 0.14471155040502054 9.531012711602402 4.788473532372325 2.079578913112895 1.8322691171837093 1.9384852711693494 -0.04000442537268569 0.07612095448934941 0.08574623130811283
115 -0.22448576573171475 0.14606819657430653 9.513253176358138 4.747850041046336 2.060451111056311 1.7753290134150164 1.9017131313339206 -0.038421849697014135 0.07041268868071099 0.08036891418048785
116 -0.2269401676810095 0.14752837629075857 9.499452553825446 4.710284953405061 2.039476432709018 1.7196925369508622 1.8687571586033995 -0.035840459766501416 0.06584786811913129 0.07692964981384134
117 -0.22959484897007557 0.14915313608966768 9.493945672307202 4.6762274624688525 2.0181974935490548 1.6669750040375535 1.8419465219416074 -0.03295032538654505 0.062348054212564306 0.07556797929084194
118 -0.23096195936218092 0.15000979283707677 9.502522679965352 4.645500335888772 1.9974772926373823 1.618499305975155 1.822894289427642 -0.030240928295983148 0.05972990750953012 0.07604982560499687
119 -0.2322655503380149 0.1508964826059489 9.509964050148334 4.616498646775983 1.9776630596526354 1.5752800567876062 1.8114028608818398 -0.02790631147732026 0.05763631418916594 0.07771886174408807
120 -0.23339799293163468 0.15172956414601635 9.51191583217786 4.585780965340509 1.959266903544304 1.539490294463996 1.8046548957875719 -0.025895288797952002 0.05574678125831951 0.07972464893545572
121 -0.23434669924753115 0.15245861731395224 9.505853220516542 4.549719101947505 1.942831372211553 1.513327471570337 1.7986938590117876 -0.02416296504403723 0.05386563590436154 0.08114333723390578
122 -0.23523358019625965 0.15311130223693517 9.488673035667581 4.5076122009967055 1.9286462153369746 1.4963591376787735 1.7919172181823058 -0.023161285762825 0.05179282089609704 0.08108311910242694
123 -0.23556688792180105 0.15332739728101186 9.460638322807846 4.462238907218009 1.917004090768244 1.4874074730287812 1.7852060711123405 -0.023683025641600058 0.049626707647544316 0.0791707661264878
124 -0.2347788906211279 0.1526894037055494 9.425695033751449 4.417778292839556 1.9085405566684062 1.4882639501049644 1.7784612838683276 -0.02572495712708838 0.04808306436581723 0.07609194504317121
125 -0.23302410830334316 0.1512706257455298 9.391809544283856 4.3791128298207065 1.9042777342278758 1.5016753940532066 1.7703419699864653 -0.027764749189736232 0.04793750622085684 0.07352927582452826
126 -0.23106089343836878 0.14963766000414228 9.3699252854617 4.353047279392401 1.9053191432001544 1.5269314451664202 1.7620411915119503 -0.027900005607656056 0.04914779136249714 0.07338346096342313
127 -0.22938097713434635 0.14825642053255622 9.371313534943676 4.347796425167484 1.9123720560598263 1.5599384891814685 1.7584825900863896 -0.025762281620426195 0.05064423601815809 0.07670763612529591
128 -0.22809407181850122 0.14728453840232342 9.38696057841386 4.368961785283086 1.9254835061160804 1.595433860643444 1.7646577946790167 -0.02252454429164942 0.05095016089439715 0.08315519672896364
129 -0.2276895029060569 0.14700801963328014 9.417656080022017 4.4155417542161235 1.943905832262688 1.6274438680370324 1.7819059045896566 -0.019230814549224297 0.04909675337518857 0.09139285704443981
130 -0.2285289143248214 0.14756903300885948 9.460905730319958 4.480106325179037 1.9655236302341945 1.6499493119691735 1.807822641004921 -0.016339505710610512 0.04513174555249928 0.09987114636965098
131 -0.2301125177291865 0.148562073525651 9.51051470921282 4.5527156905320965 1.986846075827498 1.6596129820814214 1.8387594837282994 -0.014570497846541568 0.04005187504776148 0.10730268630402781
132 -0.231930696406899 0.14960570900292575 9.559270795914887 4.625710753735912 2.0050452962819065 1.6574727128412403 1.872680853786916 -0.0146518885070272 0.035306406026842596 0.11306551568440047
133 -0.23342612173797375 0.15033071523521757 9.600079111443488 4.696074838954352 2.019914148605842 1.6477252254050412 1.909906584671013 -0.01636154254260238 0.03202719296195017 0.11731449785361286
134 -0.23461550291261418 0.15080528076051522 9.626999808722704 4.764408238457616 2.0333942532256364 1.6360319281105373 1.9514324718966132 -0.018596887467948693 0.03051220318769789 0.12045230706296334
135 -0.23560271981741715 0.15118621580583283 9.634956166112289 4.832648633166238 2.048316020912051 1.6284666367109313 1.9978724476542813 -0.019927939810064986 0.030416235201017532 0.12265833967825182
136 -0.23501913199406982 0.15062593878490455 9.626714933696967 4.901558974145336 2.067243529063928 1.6299828444600293 2.049555316803823 -0.019240381293601807 0.03132925691866123 0.12373749753213295
137 -0.23387154986253594 0.14974373563504598 9.596128723187523 4.9678383652727165 2.0906393715478284 1.643229936013971 2.1055178822533107 -0.016706733916186586 0.0332015245871171 0.12311490201810399
138 -0.23303380019876685 0.14909195285141558 9.542270945813918 5.023574019853857 2.116438333828588 1.6692863800742646 2.162126685884175 -0.01378847225369103 0.03631425608513948 0.12022541224707639
139 -0.23236602826156322 0.14862360046053383 9.47072414561399 5.061911475229337 2.1429477640339982 1.7090918621691744 2.215026727587852 -0.012013140923419117 0.04082584322688107 0.11504106369719597
140 -0.23247522711690716 0.14875923647764475 9.407204727285354 5.083449030436049 2.1714887997279955 1.76348816433216 2.2635197449100986 -0.012075889594092636 0.04638263392556836 0.10831349907608201
141 -0.2330436700402263 0.14927722180322447 9.370565253909803 5.094862312051185 2.2048252786829354 1.831295051495445 2.3107094703955644 -0.014363269011212355 0.05202442755797129 0.10139020394191756
142 -0.2314045821811011 0.14843262270945345 9.380647980781273 5.103964603893828 2.244487134121157 1.9089899368740912 2.358845431978097 -0.019374826571454586 0.05641042477953096 0.09560185797297148
143 -0.22824440967424686 0.1466323752520254 9.421954219844768 5.1176517966487145 2.2911766594591967 1.9943598491653354 2.4073151968143978 -0.026957586552461766 0.05854514746630529 0.09183173827272861
144 -0.22161665889869858 0.1425475051309789 9.484805885276336 5.14221718657621 2.3460734550085482 2.0879479343146112 2.455622445356649 -0.036095641257491415 0.05839891754597609 0.09065419131202408
145 -0.21307823053617725 0.13712765967207372 9.564713655063205 5.183086563292969 2.409962562029783 2.188461836096073 2.50546903260209 -0.04601348576840236 0.05662016970192216 0.09249552599105615
146 -0.20205749596435063 0.130005657724745 9.654643458034537 5.242193860629213 2.4817669710996544 2.2872521125355414 2.5586461814987205 -0.056419872104749524 0.05391391580345747 0.09745319754392476
147 -0.19217689556203416 0.12354362306550606 9.757905701784312 5.316865586694902 2.559061285835793 2.3683123344443384 2.6145434985945353 -0.06638291138615632 0.051007183717773956 0.10514381209466951
148 -0.18246230192897112 0.11712056011824909 9.88137882611975 5.402815031016993 2.6396972743091105 2.4157434913580835 2.6706208807938467 -0.07408666271354779 0.048812701283520936 0.1148984164482201
149 -0.1718242336476326 0.11003466209106705 10.023097245821521 5.496913850529364 2.7223145641974797 2.422379055767348 2.7244344963435756 -0.0780613342519487 0.04817992584579881 0.12602826573077874
150 -0.1615806363661479 0.10315475722111184 10.18067539880888 5.596075331623211 2.805505912579812 2.3914885671667374 2.774372724592566 -0.07790462989576435 0.049646973563420974 0.13793929709180627
151 -0.15216672968897033 0.09679068294115337 10.34536022085565 5.694775401168834 2.8870626092139537 2.333051069965823 2.818842023407591 -0.0738076076052247 0.05343444579608026 0.15017135743061266
152 -0.14238262291457254 0.09018265788372185 10.502883871644586 5.785124756859967 2.964207392788339 2.261171435474506 2.855770274260437 -0.06635711169465104 0.05934831321379373 0.1621966682638939
153 -0.10906033700632078 0.06837822235448357 10.614975919899615 5.858404027859145 3.033961223572583 2.1922081697876843 2.882853325341519 -0.056843575262860865 0.06671035195520185 0.17325819275730625
154 -0.10345480895532949 0.0644885163882119 10.745483865568943 5.906762297941839 3.0933400252926333 2.1388861239737422 2.8980199535892286 -0.04696782707719177 0.07448102412566242 0.18275165281112082
155 -0.10894490129753659 0.0677257734120881 10.79210361219858 5.97736910834726 3.174421025930392 1.8530404573467703 2.913101986764588 -0.0342031801535857 0.07754580511838909 0.19575885551281397
156 -0.08600844155606668 0.05295192221377795 10.978312442230155 5.861627615831497 3.1385847695354427 2.342597900796545 2.876404035851703 -0.03555570491361776 0.08964000608162959 0.19031756220680546
157 -0.08765700282134092 0.05374881004160831 10.976291709754353 5.883113463229217 3.19892495027197 2.1033757224506027 2.8660412080156337 -0.026113270055242166 0.08689387174982373 0.20007714045775724
158 -0.07987136267414624 0.04842156520513338 11.018302398035448 5.834819475422251 3.2186697733567633 2.103840612631186 2.8341653001857217 -0.022555274081738685 0.08499384828638855 0.2015048051842529
159 -0.0720613448401386 0.04301815218015448 11.054954959159971 5.773790388709362 3.2317580523408203 2.130145044596721 2.7966308311785144 -0.01981193721580987 0.08107104604834751 0.20047857476903444
160 -0.06599106685284573 0.0387639257163192 11.082431006456876 5.7091942099964825 3.2412777217544373 2.1590234131405084 2.7570564219531657 -0.01705546592021373 0.07614606740849042 0.19770868509950035
161 -0.061179900196297765 0.035372486177955687 11.101221567929485 5.646501448549187 3.248350817987259 2.1828394714172 2.7181956572797032 -0.013837983036232071 0.07112190354197104 0.19413380500022268
162 -0.05792731555612729 0.033020947892172026 11.129264983681137 5.589488239667362 3.2539147681320713 2.198935951674171 2.68193052848011 -0.009897074372462122 0.06665123968041671 0.19077373037573037
163 -0.055209808100004754 0.031065601768388407 11.135672835993347 5.541405395075562 3.2594986369259518 2.206087364967767 2.6495579524999093 -0.004865161682112373 0.06326911324352598 0.1886949432307095
164 -0.055229390974419534 0.030954436509261718 11.135764975880043 5.5057909212365 3.267299754434121 2.201947938828441 2.622158587176843 0.0016967467337668518 0.06147374321222786 0.18889700397822987
165 -0.07799259928505753 0.045632926728655265 11.140025867115227 5.484950597863898 3.2791280443439312 2.183797483719433 2.600363005362273 0.010057644802475063 0.0616703831893293 0.19201421033211416
166 -0.08306190641003902 0.0489761962281553 11.10789600600182 5.478558341805657 3.2954153045980634 2.151493228748497 2.584232172538619 0.020012377050954155 0.06397486191872644 0.1980970000300169
167 -0.048057692556592424 0.025426943171382443 10.628189203613069 4.612229763455196 2.8105207284514857 2.5680457920168793 2.246323551417815 0.012200229733358214 0.0913172958225095 0.14036187172471556
168 -0.134681076897178 0.08336806095915711 11.57455530296987 6.309027086552397 3.80120391565801 1.4309723925421358 2.8222068254117096 0.05124337803516332 0.04565487351439436 0.26973947124259207
169 -0.09488977522927955 0.05708655781558353 11.066486316628113 5.477390129395752 3.334014431301513 2.203892346250506 2.5766002553302236 0.0544395567915551 0.08466442336024553 0.22614565091315358
170 -0.10291032901611052 0.062160557103098146 11.007811301284638 5.64766959226972 3.4330556210021532 1.9602318120023077 2.6004197483359306 0.0580213776188645 0.08326949021262667 0.23746546155129641
171 -0.10121370797910445 0.06116667574757845 10.948780500061098 5.656204145392373 3.4463226277909595 2.0510314621210135 2.615064344353007 0.06332263570320062 0.09154490920822517 0.24074697954078247
172 -0.1010497685456726 0.06122848979444284 10.880659307738258 5.741663346397956 3.504626533479256 2.082313919314936 2.6520162144262147 0.06617606272226473 0.09494796069026246 0.24494577721637661
173 -0.10132448849631948 0.06165606530049239 10.814838608442326 5.824922532688267 3.5653485936429368 2.166851259739963 2.698217624885288 0.06651248852841474 0.0974275261571845 0.2455413192502629
174 -0.1019737392036103 0.06239672411500202 10.75959005161875 5.918515920454945 3.6352079829322235 2.2701052153040395 2.753016879333898 0.06341297475960705 0.09759652215196421 0.24251029533414262
175 -0.10208674118331829 0.0627647850098223 10.72325929990216 6.01014357319382 3.7073774982751466 2.4009358620252965 2.8133368013751867 0.056458180860156526 0.09587798959213548 0.2352909398539171
176 -0.10112688669514197 0.06228215899237716 10.713766653273005 6.099207151035917 3.781232888941159 2.5563172173725124 2.8789690597389255 0.045493727279801055 0.09249925614964116 0.22479520309542747
177 -0.09915260290648142 0.06098458234509957 10.735447410596532 6.184958209172757 3.855965658078829 2.7327598945204565 2.9497226842101556 0.030781019041751678 0.08802523494669609 0.2129169930946342
178 -0.09478787600875827 0.058111857186693594 10.78661342250703 6.266616613747713 3.930019959557358 2.918053104469227 3.022968439021782 0.012920320007350883 0.08293339966569346 0.20167025845243844
179 -0.08966407111778907 0.05481122565967217 10.8583595047686 6.341499719313914 3.998902625316593 3.08800822287812 3.0905652619533557 -0.007250610343986219 0.07720972679441404 0.19195253741199425
180 -0.08323973675757651 0.05072546111898213 10.935194751628735 6.401680849766223 4.052960031718593 3.2083646878928267 3.137541531522407 -0.028742102978443373 0.07024000380208589 0.18323558505674725
181 -0.07581187234874232 0.04600172106593903 11.001853093844163 6.432915588057928 4.078239968282546 3.246553168512561 3.1460993150717633 -0.0503976238740651 0.061277726714008315 0.17402185912452875
182 -0.06836076032242022 0.0412393694251586 11.048684931301938 6.424590571513577 4.065009247149147 3.1866041806275502 3.1064254983402417 -0.0706169851008629 0.050307240153399074 0.1627888313814652
183 -0.06100704471108492 0.0364914308986356 11.070730693849455 6.38047810507669 4.01643179392527 3.0375040979346606 3.0256279479061625 -0.08718648036022669 0.03855335201917082 0.14936124773278725
184 -0.054162404363762184 0.031999899579230884 11.07013906772342 6.314127015927442 3.9456293233918034 2.8278726124170412 2.9232209997974894 -0.09798657344647199 0.02796575746092754 0.13554063228817378
185 -0.04638568463749548 0.026818123220383794 11.066356772306687 6.237269422547386 3.8662943216397 2.5935045601678333 2.8187888331415776 -0.1021445985096825 0.020323410756581464 0.12409338171850057
186 -0.041386366836377086 0.023357452757326314 11.053202835297817 6.1578881963238485 3.7890894219428835 2.3672295433905677 2.7258716079649465 -0.10041662563087583 0.01673159002071979 0.1173124306182413
187 -0.0411226286982308 0.022906379658227005 11.040787869474423 6.083496898183292 3.7221337154258967 2.1727276836128295 2.6525897805034346 -0.0946548086982193 0.01748279101310142 0.11642958212051269
188 -0.04099651414764566 0.022533014161188802 11.01067598620173 6.019963119614852 3.6699690217521574 2.023124294388648 2.602881157384638 -0.08712803721599682 0.022150378276536167 0.12159646370082713
189 -0.03566384140533402 0.01882033601794897 10.96614634630789 5.968852256148701 3.6327727343973257 1.9233080233887376 2.5773043679063883 -0.0800095693227112 0.02982678285841321 0.13196501358961857
190 -0.029147462165451277 0.014407334087100265 10.905523308110855 5.928475188531088 3.6081655859173387 1.8730136085485132 2.5743181764967975 -0.0749530307445132 0.0393911567926582 0.14585006943998977
191 -0.022023232169699147 0.009695253866241538 10.831535804453475 5.897443623334373 3.5942830508507577 1.8695929880425914 2.5916469305783574 -0.07280686055841379 0.04968081991904891 0.1611002185232821
192 -0.015899797690525075 0.005724435817380191 10.749665746833898 5.876859318720787 3.5916416418196215 1.9096603497649305 2.6267296507650735 -0.07347875476611554 0.05948840123074266 0.175563457386337
193 -0.011105130076759562 0.0026761005656923964 10.673643022398844 5.869406249084918 3.603114235088157 1.9891154984520887 2.6760786010733053 -0.07570728551379724 0.06764785353992121 0.187306324539241
194 -0.004533634478014803 -0.001506072143377224 10.644569885461753 5.876148279012129 3.6323478742142346 2.1023635510440486 2.7342373184399955 -0.07677274902604858 0.07346470155302677 0.19462826302503208
195 0.0010469165492610344 -0.005050544137752994 10.62957659684648 5.895160939843917 3.6813186119703873 2.239878040322674 2.7938783609924966 -0.07316372531693571 0.07705614936381987 0.19676814713642
196 0.00554057131751684 -0.007920194809882292 10.640248317675162 5.9245973249961486 3.7486605275639873 2.3851696856040876 2.8482687118650434 -0.0626120781933659 0.0791046200636411 0.1954958442700011
197 0.006891132993517124 -0.008789897127915086 10.673434451619606 5.964472859663744 3.829257416776055 2.515797444983604 2.8932365526075836 -0.045455571232133174 0.08032575185075433 0.1949144830622735
198 0.006560130975393208 -0.008590822892599548 10.731948125580573 6.0139290868448025 3.914974290048981 2.6078726795289326 2.925969170276846 -0.023666426567542143 0.08119240890815771 0.19839488754818368
199 0.0044574135259730086 -0.007246261650567631 10.830018936651003 6.068835423766924 3.996600023179087 2.643753040639839 2.944021176726827 0.0005388883973649339 0.08192052314751014 0.20619869336990104
200 -0.0017238801118598102 -0.003224500105531769 10.931518815299006 6.122007058159602 4.065344206550981 2.621578770333343 2.9463551295757435 0.024425234668003393 0.08237171734411336 0.2158493406729512
201 -0.0070413434339463565 0.00030913733531007237 11.028048385665508 6.165781527782834 4.113278822092613 2.5543175160766163 2.9334120197851297 0.04413931490039524 0.08192064677715827 0.22389885169809615
202 -0.013214183123946732 0.004452557810661728 11.103435048857003 6.195086641679542 4.134492958776484 2.4584374337048622 2.9063686636622106 0.05567084176720871 0.0797423627590064 0.22772962888718798
203 -0.014418133791439969 0.005339998085088005 11.163818157503764 6.207240431600739 4.126929179462128 2.348997228162368 2.867824978945202 0.056633601571933534 0.07541158013685542 0.2263007958409279
204 -0.014726960637127473 0.005522543497398225 11.199572759373947 6.200315800511321 4.093066746784058 2.241200221179489 2.8223328925415756 0.047240268957842835 0.06922620658210799 0.2196529562926046
205 -0.014481357245997806 0.005251206349424331 11.209697269069895 6.173402740691049 4.039212534314753 2.149009004522403 2.775336868085469 0.03027667176302562 0.06224430271605669 0.20856714533786863
206 -0.01384586220047307 0.00470559664350112 11.193621879271703 6.128296435108324 3.974793830064429 2.082881123823065 2.732474999013523 0.0103828038341498 0.05609932173715673 0.19501050196759
207 -0.012734675074433377 0.003853753885268596 11.152857399735172 6.070717728757298 3.9109658088077373 2.0485763352490203 2.6992304142873973 -0.007649364949648962 0.05230800564855603 0.18211380216254902
208 -0.009381550821725482 0.001551378803169634 11.09213250747441 6.007159993814134 3.856127327108372 2.046569867849964 2.6785147585621 -0.020982253411570895 0.051364394574322375 0.1726588278284977
209 -0.002912089536588336 -0.0027605414726309396 11.017559065961255 5.9397927019485905 3.811778869716559 2.0728956326819943 2.668344245785309 -0.029477796934005873 0.05261254393402473 0.16734800517924303
210 0.0006788024968744089 -0.005195828966464366 10.9317103250025 5.868746813900613 3.7751762900942225 2.1196148112396216 2.6639136666332526 -0.03444599402033588 0.05501123313764214 0.16498821779590098
211 0.004931511378231168 -0.008033971927849826 10.844275797786134 5.798316290319492 3.7448946302319706 2.175180633595672 2.661719458872477 -0.03712529751608318 0.057752369322926767 0.16417233459514732
212 0.00916914733398344 -0.010826452581496948 10.761298923809003 5.73552706127122 3.721175623283527 2.2276360568907845 2.6603553228450316 -0.03828483980781128 0.06034336202934046 0.16422862404838912
213 0.016121121466243116 -0.015334560684667042 10.696801112922419 5.68477945461375 3.703760273213795 2.269036648296335 2.659223800466239 -0.03840631897381219 0.0625130505494946 0.16499128109500596
214 0.022340330102726347 -0.01933886613456756 10.649785535779502 5.647173071076688 3.6919314175493136 2.2961224363449313 2.657957508393698 -0.0378010396935371 0.06412749709859245 0.16636023431096256
215 0.025006488184256603 -0.021047641429213254 10.621501456915908 5.622331849037928 3.6849977524395623 2.3078035010350177 2.656042003768032 -0.03673733239331445 0.06508494047620711 0.16809004631478722
216 0.0244370877583851 -0.020706442767237543 10.610320594894908 5.609354012536318 3.6825779355292427 2.3052670331083993 2.6530387081515032 -0.03547708164429242 0.0653349754013405 0.1698583985677189
217 0.021537861081595888 -0.018932667403381676 10.613123678453007 5.607500237407841 3.6851841715896345 2.293767969001769 2.649483607551348 -0.034215460053720115 0.06497107628356208 0.17145076225532818
218 0.016569437772962936 -0.015892638910296297 10.631288582302833 5.616628791370022 3.6940560906462556 2.280492216013819 2.646841718571056 -0.03309296331341649 0.0641586962705179 0.17280717426256342
219 0.009373811113176145 -0.011425100369381935 10.67426805011197 5.636580934951911 3.7100649747206322 2.271183348436445 2.6467289553233373 -0.03223086751959214 0.0630295791553451 0.1739471145632985
220 0.00299031938239791 -0.00740567476042997 10.73255557936929 5.66544280008892 3.7326390941212426 2.270218785717924 2.6502193210056504 -0.0316697754930193 0.061749668747923814 0.17489741786569746
221 -0.00043379514551761256 -0.005202222617744112 10.800958826507712 5.699042373414964 3.7595391845283492 2.281240714832812 2.6574366961117035 -0.03139529383088213 0.06056193741668314 0.17565354082985915
222 -0.0028131727964817443 -0.0036291169355123776 10.86991001480825 5.733275414513208 3.7879119090143707 2.3050396014278536 2.667575198628085 -0.031462912780807706 0.059620626771662105 0.17615308007690852
223 -0.004060215133479372 -0.0027950908652076834 10.93720144541993 5.765943663973985 3.8153445527449925 2.3370460209243653 2.6789739141314435 -0.031971844003462646 0.05885431431740348 0.17627999613451734
224 -0.00451813176929744 -0.0024893286969610573 11.000043095018667 5.79559914938685 3.839724588658468 2.3685340666088455 2.689165533091416 -0.03286605436118961 0.0580887266362094 0.17592552335811695
225 -0.004540850399571861 -0.0024761242492509217 11.054891326812626 5.82049885685518 3.859198632950603 2.391432791885083 2.6959217397333646 -0.033961376860392134 0.057268807709347475 0.17509126910337125
226 -0.004356643246703318 -0.0026038928097106284 11.098642187853503 5.839809322737386 3.8731077342299844 2.401722061891344 2.698589302201343 -0.035034489012018 0.056553214680757274 0.17394498106184275
227 -0.004084831697512281 -0.002791843296446772 11.128901051864123 5.8541999262047595 3.8822245822696173 2.3987057580103635 2.697935076040923 -0.035837543715302456 0.056187295046174784 0.17267666685178376
228 -0.003771107021065645 -0.0030056250717240274 11.143119377599284 5.864386140329172 3.8876482282200966 2.383487291528067 2.6948836601404955 -0.03611139446306888 0.05633282151391847 0.17131024384957946
229 -0.0033645463910465523 -0.003278789209776478 11.138517181039711 5.870569020016807 3.8902269370692224 2.358293264287912 2.690084234705611 -0.035601091997003786 0.05705997080940656 0.16981914750643004
230 -0.0027521233195604844 -0.003686580898525471 11.113481049969902 5.873634318862049 3.890975330590359 2.325457731154876 2.6844504910322824 -0.03410051425856042 0.05843548691963768 0.16837726163726632
231 -0.0019544362402293958 -0.004209073414450815 11.0688676338467 5.875329974976355 3.891108277848908 2.2868466512464547 2.679403630137953 -0.03156061053637549 0.0605068443419729 0.16732676972338295
232 -0.001226086138159277 -0.0046696202012793675 11.007885555871528 5.877129309218099 3.8916807568033205 2.244386775994623 2.676418657826273 -0.028071717010103914 0.06330476302572541 0.16696190336871938
233 -0.0009130171077096905 -0.0048376525925764025 10.934805066487801 5.879269518891862 3.893439728221151 2.2013830794232225 2.676728424537118 -0.0237428780554525 0.06694409513124996 0.1674750859069115
234 -0.001895656253760869 -0.004148494253051915 10.86795380466054 5.880956932961246 3.8970289542851515 2.162765217612625 2.6816230054478765 -0.018615780969747142 0.07166698990001827 0.16916677539179842
235 -0.003614595906676843 -0.0029512163681508774 10.791972633413156 5.881431911084436 3.9033598535728733 2.1341350334107423 2.6927734327266712 -0.012687408452570992 0.07768635224132572 0.17265810860809028
236 -0.005909913307164394 -0.0013434083784633621 10.707959906113249 5.880396267440258 3.9131259187795826 2.119750558110668 2.711571788379418 -0.006208723518708492 0.08483591758537487 0.17875264798568696
237 -0.009681387956765541 0.0012587800032923813 10.6174862858857 5.8781946474679945 3.925858899371734 2.1183491726118846 2.7376964936006836 -9.682441299951883e-05 0.0921938838621173 0.18801629451397203
238 -0.013862320575688925 0.004163963433589102 10.522229256913437 5.8755291840453525 3.9399097090737514 2.1241403578416653 2.7690599551718336 0.004066202456056267 0.0981993360238973 0.2004213918298506
239 -0.015502909369870532 0.005458717374516198 10.422968057343622 5.871843543885182 3.952961135283923 2.134632406171705 2.803368684115403 0.004557031619361274 0.10135157681224957 0.21519049813041724
240 -0.015037924803846081 0.005397091723967906 10.345534416679413 5.864714208865777 3.9625610712232477 2.153758529153346 2.838940746073118 3.6646870213985494e-05 0.10071018147310573 0.2307210172517912
241 -0.012569532381398796 0.004023277815453585 10.279350291029438 5.851942546524477 3.9672585846571504 2.1880447410213204 2.874480894557257 -0.010253691954604571 0.09587684901832313 0.2446142952766891
242 -0.01146592047845496 0.0034805454234131394 10.232444921150822 5.8346088974843555 3.967918053823423 2.2410466993305054 2.9089357402999236 -0.0262832413145202 0.08690916512429156 0.25411010367051495
243 -0.0097116708908222 0.002438466859178423 10.214530885926237 5.817672812487555 3.9674829225310932 2.3092273547613225 2.9412263161700523 -0.046899893243624646 0.07429995677350335 0.2568202148374246
244 -0.0030248430976733687 -0.0018915733013952774 10.23292904510437 5.8067387673517965 3.969026294104237 2.382926195713636 2.9699283658325144 -0.06980982525912305 0.058959737862228634 0.25143018255128885
245 -0.009124115189446946 0.002279614378283834 10.33817134783093 4.972868441983993 3.54143265651023 3.0991343001306615 2.8427521678331993 -0.10319762089373574 0.08644344192643338 0.19464600480842328
246 0.03303600601300816 -0.025829917871427632 10.246776413041598 6.5292064843027 4.357015230428091 1.9458818514249443 3.1415076467340137 -0.10293848879892176 -0.012032747007022948 0.25583683120131984
247 0.03290770528839415 -0.02577100514747835 10.45939390331225 5.864238464413217 4.019682524576708 2.511725789086622 3.0334705722824995 -0.12096448155873984 0.010711245578476136 0.20311562580798012
248 0.03760162539845574 -0.02910441034464062 10.571849303172455 5.858288600226275 4.02213757763701 2.566161100461175 3.0447466140255988 -0.12498564186449224 0.004689029614457385 0.18555753067346528
249 0.04383426489425529 -0.03341262170790643 10.689861423406683 5.901994297855018 4.052749774180253 2.5753618360475485 3.0687765567349325 -0.11916714251494365 0.0016147422099510311 0.17794579790397497
250 0.04541578335372337 -0.03465977978386084 10.812425345162186 5.961886127423896 4.093815445146597 2.569275860320001 3.1011136298459454 -0.10429880630317401 0.004085496442579162 0.17963451247144271
251 0.04766091667805328 -0.036264967632008066 10.936038237998673 6.025188354773616 4.138722736395496 2.5545560671493126 3.1398836864633894 -0.08096090002142164 0.011745576540711206 0.18970016108120913
252 0.04788820534227051 -0.036475065741410156 11.059151613235912 6.078468993246081 4.179439289984891 2.5362877434784092 3.1814609655176094 -0.050648333219129094 0.023281542637781746 0.20578618011774652
253 0.048078798466403616 -0.036548785397566286 11.161662922457175 6.1112750913935345 4.2082249154143625 2.5175147759129524 3.2210279570864935 -0.015851145752447948 0.03693548014218173 0.22485490076434392
254 0.02651111620958979 -0.022467156450800052 11.250225395645018 6.118115907576774 4.219282407276687 2.498921521534685 3.2534499182431125 0.02033125698832705 0.05095985802634054 0.24376972035361885
255 0.01663260460260363 -0.015836656974222985 11.33510841797484 6.187192822728098 4.242646439506443 2.182580028363068 3.264386922985353 0.05233954229350052 0.05655111066490846 0.2572171504555577
256 0.022954948122586194 -0.01976331746872717 11.347283786989545 5.966673521920939 4.142831714182274 2.731663572283702 3.286848012590882 0.08791177217503388 0.08195808247574589 0.2740970920759025
257 0.013355760667605243 -0.013262654317869216 11.360667930723853 5.969846603687475 4.11484628150026 2.4191838475209453 3.2657408821021323 0.1094776488636115 0.08370643908171317 0.2768430844776893
258 0.008407336000507748 -0.009816225635862319 11.38597432116703 5.846428073954677 4.0219380195908565 2.384660079736857 3.226535224998699 0.12597147129918418 0.090777811112126 0.2747941055030497
259 0.0022522359321240915 -0.005600898494329265 11.415870282213652 5.693513152258137 3.905185611281253 2.33461840278627 3.166270811871571 0.13482462107675094 0.09492298196459445 0.2663402309651514
260 -0.006092480734446792 1.8573634668450634e-05 11.435029908798562 5.512132128589372 3.765502935030418 2.2755065352595683 3.085759114519214 0.13562143283103884 0.09606242039834052 0.2520124630473383
261 -0.011305119105200656 0.0035921001473074865 11.446109734333772 5.312308872226183 3.6084361669215466 2.2094399373342815 2.9893042348224244 0.1284221761871854 0.09384862379692999 0.2333897450646771
262 -0.018490256983962228 0.008408730660767083 11.449003844991939 5.104675725881542 3.440674909116109 2.13992717616146 2.8819406391917406 0.11392893809033537 0.08822749671547216 0.21225904737392587
263 -0.02693698959105284 0.014019071706726505 11.424940067799136 4.89765646766693 3.269249319958826 2.071200912576327 2.768700947284811 0.0935646588260459 0.07970157158375146 0.19022538901927358
264 -0.0376746228204039 0.02110208985838552 11.37657304902917 4.6975922478746 3.100951429197902 2.00686245715408 2.654797903057813 0.06923624517683034 0.06939641741836958 0.16866315508595753
265 -0.04791375357701383 0.02786193305541118 11.318210587761618 4.5096294455656025 2.941482436281355 1.9493978120539255 2.545256974382122 0.043104960438673345 0.05891922199837263 0.14888653115092235
266 -0.05877330784803403 0.03502032635953867 11.250628690702976 4.337631243939317 2.79501597121246 1.9023891824572845 2.4437275093046162 0.017463593321070163 0.050006944949111516 0.13224545475570187
267 -0.06811242749606555 0.04118830541813956 11.170249096740442 4.1854624425821205 2.665308980832783 1.87297681360154 2.3525474372064723 -0.005610923479259025 0.04392008746871232 0.12018033405988687
268 -0.07993306919146242 0.048945923236092204 11.082147795238441 4.059305001989845 2.556663438949418 1.8690414563512536 2.274041298330281 -0.024767494256082316 0.04099855444203083 0.11421496055353024
269 -0.09693913875017496 0.060038754628569446 10.995356224279 3.9663116978047492 2.4724709106077287 1.8915347219810679 2.2103059491376214 -0.039499384118241575 0.04069365780545164 0.11528398093632425
270 -0.11189170334314619 0.0698042708612806 10.90264412469666 3.908582819902702 2.4121471741701 1.9303887714704397 2.1611211440250955 -0.05014847616147855 0.041805332659718614 0.12230575259302452
271 -0.1240845910957829 0.07780575942032153 10.805333917979922 3.878195014696907 2.369558362494782 1.9698520239992654 2.122854462100646 -0.05800075336796612 0.04296316992364062 0.13137792215272434
272 -0.12438749831882245 0.07814997541797669 10.717867017639307 3.8596512255853317 2.335576779557986 1.997336568018443 2.0904826396078304 -0.06445709125174426 0.04344875757563605 0.13722781733188916
273 -0.12386999041929458 0.07798215315135026 10.629866565180816 3.838328191586562 2.3027673961967627 2.0063720867095136 2.0608303328284565 -0.06977132429485527 0.04353513619784358 0.13598617318481285
274 -0.12450223228585106 0.07856397974426521 10.545268038148706 3.807061003353785 2.2675717001427405 1.9953900425488997 2.0332832974180564 -0.07305941295935528 0.043882931868014084 0.12661889377209942
275 -0.12565905985222875 0.0795032140363966 10.46666487135385 3.766958499918394 2.2299124023621877 1.9673955028092798 2.0081227260914027 -0.07338729949659037 0.04472430642343154 0.11062630178619012
276 -0.12292315448640895 0.07797677285276419 10.380075568755352 3.724249476000013 2.192090241307921 1.9283945079709854 1.9852621708169793 -0.0705754024296777 0.04555226137849796 0.09119657477720941
277 -0.11852443767823007 0.07543449277947548 10.296447275306663 3.686294961335578 2.157109321257417 1.884817560880774 1.9644724821902053 -0.06565029830914787 0.04556932986660717 0.072058969180837
278 -0.11260922976145082 0.07194349501047348 10.218124134170221 3.658171012495213 2.127174258016606 1.8423241345228514 1.946373864527995 -0.06040380486223698 0.044594133930152456 0.05627413460157729
279 -0.10609326986668743 0.06804000569103558 10.144828767582618 3.640078597405448 2.103233528985845 1.804850149689148 1.9325749676664103 -0.055963254092920404 0.04344184882919225 0.045637719379850034
280 -0.10825570400807649 0.06966840649229944 10.074903718026187 3.629282934979969 2.0861861488556697 1.7762102749759032 1.9248190111351038 -0.05206979808482692 0.04341370100191602 0.04082933099983313
281 -0.11424097996254878 0.07367661983862181 10.017826003367684 3.625931174838482 2.0784771670411217 1.764057586457373 1.9240460463642077 -0.04764488509787246 0.045631116536854116 0.041820247754830626
282 -0.12040858911338076 0.07771471934586749 9.960076372796209 3.6352203848218974 2.0834780367957135 1.778152294944439 1.9297792500688153 -0.04143385164335871 0.050638026943026285 0.04817401149666896
283 -0.12611647907296197 0.08135957375333619 9.897898932912419 3.6644538224507714 2.1032257962030707 1.8208998625846695 1.9411809851848694 -0.03242340271604786 0.05810443357519219 0.059346172379562925
284 -0.1305123595601056 0.08408233109251584 9.83181274233237 3.717048845510195 2.135952538260242 1.88105260707063 1.9583552709099465 -0.020468949018773698 0.06689977633318922 0.07486362327679169
285 -0.13445944623796668 0.08652719450097421 9.769392668360645 3.78780991901808 2.175425204283748 1.9413937206551162 1.98084534525871 -0.006820283953719496 0.0758521049453652 0.09392883969621192
286 -0.1389381963653355 0.08941488364905997 9.714585569075425 3.8663543006215564 2.214063198083626 1.990452424166277 2.0065221591536098 0.006308551848959509 0.08439599627293809 0.1147403880863142
287 -0.14269650932055347 0.09195987708197856 9.667723212060798 3.9442768204418264 2.246604678738255 2.023118362440668 2.0340049148691612 0.016883195060447373 0.09243880211992657 0.13465460859112796
288 -0.14577892912810111 0.09417295719389854 9.629757015594278 4.017177941777394 2.2710440464981643 2.0368133593408766 2.0638746199193907 0.023857212572000575 0.09986346183514783 0.15115759813689658
289 -0.14732660201091424 0.09544017133174681 9.604986031317441 4.083127322637072 2.2878242653433287 2.031354302237608 2.0962435446294396 0.02713952946690655 0.1061701118757509 0.16260224631420633
290 -0.1475475582271841 0.09576126830338086 9.591929855193221 4.142087264393124 2.2986216734697913 2.0096443257035026 2.1294843521239355 0.027211936207796564 0.1106605774354849 0.16863582173094435
291 -0.1435191933577395 0.09313271280440823 9.58491920325882 4.196154279343137 2.305469574887342 1.977991876305243 2.161738648719498 0.02448232712542638 0.11288964068242804 0.1700747042213876
292 -0.138992940632832 0.09000124694461319 9.585060060239346 4.248933987627852 2.310885023594875 1.94507546503028 2.1920891122686905 0.018816881654313198 0.11274040639313729 0.16803747340491174
293 -0.13458958986112762 0.08685909931378887 9.587557191004969 4.303196811289636 2.3182177918284688 1.9192746817937314 2.220030575710357 0.009979655643166177 0.11031406907255421 0.16333103698984963
294 -0.13003469276072654 0.08358617734465255 9.586919040842691 4.359015403460826 2.3307990864241717 1.9060544790879166 2.2450793420373025 -0.0016753875945454723 0.1058851897344168 0.15655904850166372
295 -0.11626950014499579 0.07436693720727004 9.572742114984976 4.4151903201803036 2.3501094220099996 1.9056715428446118 2.267735049942163 -0.01490535898999706 0.09989171272778048 0.1485387773177661
296 -0.10898298375265197 0.06939668198328439 9.569068029631243 4.470265629499786 2.3744277396019506 1.9131878279624572 2.2890794340402234 -0.027697461427294654 0.09292632140687228 0.14037138582953484
297 -0.10258743628291359 0.06514917411723367 9.565402051897841 4.520953687476479 2.3995845170387256 1.921784830941507 2.3089388243631097 -0.038054278714609625 0.08561900567695997 0.13304078556818671
298 -0.09889782506747752 0.0628997142533504 9.568763505924066 4.562753401004971 2.421558353277553 1.925872398811605 2.3262212734573895 -0.044969005220212056 0.07853547318520454 0.12717861263376776
299 -0.10467975291247278 0.06706038926499777 9.573796402109888 4.592396673781755 2.438399773612121 1.9230200564523705 2.340074041747836 -0.048539464186104705 0.07225773397907177 0.12318427638199057
300 -0.11692711077344609 0.07557196102168325 9.583699677399801 4.6086304365356074 2.4503517083531605 1.9150231129318562 2.349827231670836 -0.04920415944626535 0.06746605452125154 0.12145549954108699
301 -0.12172200113879306 0.07921997210396223 9.578880643319259 4.612311929252107 2.4586285235735614 1.9056093628697153 2.35541624237689 -0.04724260246015439 0.06471138617350872 0.12233219638355597
302 -0.12061333075180142 0.07886542632576922 9.565141960021872 4.6059396107930635 2.4639495278950228 1.8970791133699119 2.357720177455965 -0.04293789724708792 0.0640629310395923 0.12568947157259736
303 -0.11771701336861067 0.07717020662177872 9.552558138641938 4.592363177138687 2.466344010578316 1.8903067059596959 2.3578558402178262 -0.036626065522900646 0.06509541517852602 0.13087238771249995
304 -0.1148797853441664 0.0753898260165956 9.540267198153455 4.574139861298593 2.465570352571894 1.8852268709090452 2.357052926458125 -0.02858785442588666 0.06704846619172536 0.1369953099349078
305 -0.11069211333457274 0.0726626655939717 9.524710159544906 4.553262223742627 2.4609835128811217 1.880046067157882 2.356927451538146 -0.01927116968208299 0.06906234928158991 0.14317718777772068
306 -0.1068020093341758 0.07006635001769806 9.50065347424992 4.530365151783988 2.4515287430033372 1.8727901002455731 2.3584912977276895 -0.009651950633434356 0.07065956303138904 0.1487509147865169
307 -0.10368411974972427 0.06789841247154205 9.466335766874069 4.50499877598619 2.436405700665866 1.8633666533888271 2.361319021050017 -0.0010042621046103348 0.07196774939976312 0.15354406781321253
308 -0.10092757754846618 0.06590556668122036 9.418207691332338 4.477802370466389 2.416109642054726 1.852585708765068 2.3646714910180733 0.006174748965531487 0.07339816780930078 0.15814495415330942
309 -0.09818146215496792 0.06391360497820268 9.355983980458205 4.451391381424169 2.3927303266522286 1.8411874954976872 2.3686256730295483 0.01268305833312218 0.07530223022263766 0.1636351492645817
310 -0.09539534994559701 0.06193925622844089 9.281721822384156 4.4284187862262145 2.3686092164355363 1.8302343913373738 2.3738671087611243 0.01968962452782664 0.0779574810729378 0.17085728423069155
311 -0.09235759199668461 0.059860100541074615 9.196933766696844 4.409231867450226 2.3445368498048644 1.8200417074251845 2.380984086544488 0.02750764122230743 0.08144428591501286 0.179689446683764
312 -0.08909308035090951 0.057700386015739166 9.101384994666628 4.391310339698101 2.3194986552329526 1.8092693315636466 2.3897173429095986 0.035165131789165124 0.08529673828818779 0.18867433794518315
313 -0.08566829436777995 0.055516194244476055 8.999093420078516 4.371079783372319 2.2922103878404823 1.7968746078685593 2.398978131869009 0.04113280506894047 0.08873853710561737 0.19580834306778405
314 -0.08162337020659857 0.052999753939127925 8.892173478938378 4.346217033786943 2.2625675265326954 1.784089057400554 2.4075017995902974 0.044534187776467865 0.0913645876843884 0.19990640647215938
315 -0.07617080890827536 0.05000749354634698 8.799008830560084 4.319243098961047 2.304320638970762 1.9587741219552361 2.312967619959379 0.03625433077121753 0.09360264636384695 0.18985235695645933
316 -0.07893287212991562 0.05110807163831049 8.71199853470643 4.278488037027995 2.124001969185671 1.5743630298213402 2.5221227171700087 0.05300916992013227 0.09391258738270461 0.21069481517454985
317 -0.15788976584861433 0.10437272417005958 9.704768628204404 3.1851983857788233 1.6476575134929423 0.8271244109477154 2.16940099254564 -0.0201312360700038 0.008786089895094037 0.11193885126954917
318 -0.00968795636069492 0.005358672058221461 7.7600879188280105 5.315442645724936 2.7583478214583543 2.940620904160794 2.602047192769902 0.08806823034981297 0.19041452146737284 0.2656474760415182
319 -0.07509465187004136 0.04877379131827879 8.504929047351105 4.157542811047391 1.9818016671083107 1.4755130040825575 2.514128315444149 0.029160363908332744 0.08551670050936609 0.187770269122461
320 -0.06714463565128968 0.04385586954426196 8.396063890863338 4.093875380723551 2.07231643921933 1.7849994194556944 2.397084925865147 0.013463329797953437 0.09335952498232455 0.16704881502557778
321 -0.0659745746613717 0.04306630149451646 8.369961436966898 4.055165041438124 1.990862454340661 1.6612450331307755 2.425767018478373 -0.0010001813102147946 0.0836657730516327 0.15647063596891528
322 -0.06187183402242523 0.04033958200021097 8.314632893309966 3.9935318545327148 1.9541697469253172 1.65212974905507 2.413962223199338 -0.01410740646486138 0.0799775274719041 0.145575438545673
323 -0.06022201720377386 0.03919005938627426 8.280741876318466 3.935055791519881 1.9056741123358305 1.61342873944758 2.411424752015731 -0.027016287123354948 0.07586587564722319 0.13678471154053368
324 -0.05916301600082245 0.038428993841533775 8.261722960204239 3.8727641826072348 1.8623830572098032 1.5850504865862225 2.403204042257038 -0.0388251498196462 0.07286046816226419 0.1295893787800509
325 -0.05860747853290556 0.037997244391392064 8.26069618711407 3.812411972573816 1.8205951110143066 1.5557704826033596 2.3953464474085866 -0.04894871603577311 0.07049013071239324 0.12431842694393591
326 -0.058760015863211806 0.03801121302217756 8.275979665337001 3.755742076297885 1.7819574353461523 1.5283255611660929 2.388250659189855 -0.05690125862449677 0.06882312345155321 0.12048690385442282
327 -0.05977931456357713 0.038551622655105686 8.302440058133566 3.705301764771491 1.746763320347972 1.5020382319912176 2.38351667673427 -0.06211604306807034 0.06784612957167936 0.11789156957246813
328 -0.06096635295780441 0.03915000578522043 8.333299849831622 3.6631185686816945 1.7164247191122102 1.4783811545543162 2.3822822807112325 -0.06384998206585443 0.0677448346857326 0.11699656746682603
329 -0.06167479598921806 0.039385845558097765 8.361437538671675 3.6301297032822992 1.6920571326203666 1.4588665159611607 2.385222168548899 -0.0619722848266141 0.06846088855665061 0.11807732699290405
330 -0.060559224157605715 0.038407957187428426 8.379237604010253 3.6059626988622475 1.6738068093742495 1.4442416769069002 2.3923023580235725 -0.05723430558302332 0.06954371005863005 0.12076124264694099
331 -0.05711826653838949 0.035925195427340004 8.385331181143762 3.5896553601024728 1.661179911597392 1.434540637713679 2.4032392673298646 -0.05075658051764006 0.07059249924408861 0.1245398885994236
332 -0.051773173650260795 0.03223840408887543 8.38350849852134 3.5799857829729795 1.6533587048630698 1.4295468038889876 2.41743151385265 -0.04385970315559724 0.07155043227227749 0.12886952331876605
333 -0.04542853192728928 0.02794472812179858 8.3821658283891 3.5759551875653908 1.649375393973965 1.4290580455199686 2.434160371600637 -0.038027627391521227 0.072537366090654 0.13308469180635046
334 -0.03863134442973887 0.023397979202434763 8.376791148955597 3.578091798401295 1.6485196902605121 1.4331714707344976 2.453503415060929 -0.03435458028631588 0.07368092730518483 0.13673374583233552
335 -0.033570127908059036 0.020002609165280266 8.369138518526125 3.5886231422583927 1.6507189553276609 1.4426647907400945 2.476301066980168 -0.03300006257058509 0.07510990882964455 0.13976746532797787
336 -0.030137090279438027 0.017678346133884304 8.363150940187944 3.6096130404244113 1.6569069572491577 1.4590551103895373 2.503006147225488 -0.03310784374635784 0.07686365051201385 0.14236588883503848
337 -0.026039675467948338 0.014936142958236046 8.360477264052255 3.6420181736195847 1.6688415419348195 1.4829267233443146 2.5336950136108856 -0.03276747801660723 0.07876224892179678 0.14498763013527
338 -0.023741924981055866 0.01335734647201648 8.361076393072112 3.686079621076443 1.6884877278736778 1.5124763138794632 2.5687722133979487 -0.028982707707405735 0.08066006390497402 0.14877390245823047
339 -0.02313107612693944 0.01285547603063484 8.367578332294887 3.7409331074103633 1.7174438516497843 1.5447611293543373 2.608534085685591 -0.018634632509245234 0.08286456167711881 0.15547272297499942
340 -0.023909661714733903 0.013235176658100582 8.384916950937717 3.8045711933065935 1.755591060774905 1.576611350543149 2.65278740107395 -0.0005791326355078421 0.08584815353553928 0.1662686599529892
341 -0.02576042812567539 0.014302810899799769 8.414763646637155 3.874359428831786 1.80045150913242 1.6044602291089693 2.7010360830479554 0.023505543326423635 0.08969418942468582 0.18103561576173222
342 -0.028130025182022178 0.015712909128688328 8.45374900560922 3.9457496973835693 1.8485773057971597 1.6255792993864613 2.7516339705451025 0.05052247444785762 0.0942060692789787 0.19895770822284853
343 -0.029184139588815994 0.016279838751728087 8.50825156337603 4.010502341978957 1.896187957900514 1.63936320132684 2.800210178045086 0.0770806170207209 0.09908504535417434 0.21865612133092172
344 -0.029487136035264677 0.01636860898317228 8.565462405533628 4.057818927010065 1.938547594798992 1.6468563428132108 2.8396706630817867 0.09954669589413058 0.10371693448645428 0.23760851931195545
345 -0.029077365408197692 0.016001363745862196 8.62145485567453 4.078573789716277 1.9706549736418455 1.6492566719777817 2.8627042609701006 0.11463380387664475 0.1070429033275554 0.25257614028534514
346 -0.02727017164686274 0.014731053708630468 8.67648005139105 4.069462281131101 1.9888699496224356 1.6466952795421796 2.8648169953809903 0.12031920317326815 0.1076432879839139 0.2606592988859939
347 -0.022384773296354965 0.011470762740826146 8.723096604054486 4.033332856757768 1.9914040776397806 1.6376449835138773 2.845600735063043 0.11616702596627589 0.10413788882699573 0.25996326344916354
348 -0.017562794287617395 0.008249852529810468 8.759334556861724 3.976527682399669 1.9779689243768364 1.6192634943653623 2.808402114635031 0.10343240591238702 0.09613693850365845 0.25021243982801683
349 -0.016658380002016693 0.007561297055604835 8.777433933017079 3.9070185749667705 1.949660584467171 1.5891584739316094 2.7592380165878136 0.08490620323613485 0.08492888042122815 0.23311040762530397
350 -0.014023877009464988 0.005760112734481071 8.772893952807085 3.833467324275839 1.9090173847358611 1.5474932128343388 2.7050533005865978 0.06395297625941324 0.07286714675734363 0.21168541504153457
351 -0.010890116694952753 0.0036440970938017986 8.752140219922234 3.7640766410398254 1.860209968494663 1.4978217433956993 2.6522563164294914 0.04351770660654772 0.062086996812441286 0.18919965630792684
352 -0.007578577651845622 0.0014259306617982193 8.720873061897533 3.7060259959851005 1.8089559634908654 1.4462937135066551 2.606305864991979 0.02596849212426809 0.05390989735376511 0.16861399076796615
353 -0.004348955873659743 -0.0007217467708959119 8.686275227212917 3.665207079106424 1.7612819716396408 1.39978372658157 2.5714367472206208 0.01307541999083322 0.04898894153415273 0.15233512582037972
354 0.0007211724802709679 -0.0040383774605790845 8.653241542879599 3.64478455520267 1.721588760365293 1.3634796582364617 2.549813369307606 0.005619699442033719 0.047379299622116164 0.14176263969733738
355 0.004340108044254484 -0.00640349565889671 8.630827607675517 3.643275808735766 1.6917226564988703 1.3394353477623897 2.540867762605989 0.0032493475097101644 0.04854088653587374 0.13709097438377696
356 0.007192305469498728 -0.008267290684288511 8.620262033770858 3.655001353576858 1.6717212749136006 1.3277701725261823 2.5419950731210075 0.0047973011058349314 0.051700451164074186 0.13762913337733604
357 0.009592488400768928 -0.009840902424620886 8.620286203949602 3.6728849008222646 1.6607378236140993 1.3282680066015853 2.5502608099713924 0.008634556140590338 0.05624577237076919 0.14223301578348657
358 0.011544955135360344 -0.011128665487174075 8.627294936234168 3.690632712531508 1.6569196708051526 1.3395454264179052 2.5634201981716984 0.0131341021168877 0.06174053341546537 0.14965732783561483
359 0.01309866346223365 -0.012158850565771172 8.635642585169984 3.7036333871381175 1.6574039405693812 1.3581240865407571 2.5800160244608725 0.01718045052403277 0.06779690355520682 0.1587781271954064
360 0.014335268550654506 -0.012984570629870532 8.6401984747194 3.7091345142260774 1.6589427948173743 1.3793879519368133 2.5988299054804633 0.02017236964040814 0.07398209274332003 0.16846682418323605
361 0.01533630374113222 -0.013661859472658217 8.638162541866574 3.705885163008967 1.6589545722713337 1.399242207151885 2.6177712326502047 0.02181651944212432 0.07968752929148164 0.17738616324486617
362 0.01617603297364399 -0.0142380886317163 8.629202995670386 3.694047363998095 1.6566786510800233 1.4154083772828139 2.633112029607199 0.022297080157114534 0.08409708172901688 0.18418539176830412
363 0.016822742426980043 -0.014691599615232233 8.615932070991027 3.6757507093222714 1.6528079804891498 1.42725683203816 2.640537350200145 0.022077500294379528 0.08644936525848698 0.18782979650223333
364 0.017014576800728043 -0.014858006041259635 8.604541525094486 3.6558952469341235 1.647810902177447 1.4341854283278856 2.638252621778555 0.021353052800811158 0.08652804756094172 0.18799390608723085
365 0.01623978967499324 -0.014410750932077415 8.603740354179136 3.641315893076565 1.6414687721063381 1.434947603313435 2.6290997453394898 0.0202269374081182 0.08490774135181117 0.18550062169821868
366 0.01407081569345716 -0.013068106783083146 8.620470820903101 3.6369626785201308 1.6337295717227585 1.4288913353625685 2.6183994863455413 0.019060568710640262 0.08252983691426458 0.18192631281497257
367 0.011822329349582779 -0.01167088435801759 8.651821201356896 3.642564005815912 1.6251477792645623 1.4171844575978019 2.609843859958511 0.018209676406878275 0.08008383932764075 0.178531873045951
368 0.014971876220051618 -0.013757083540385955 8.683908635743581 3.6538558990527625 1.6165634605662011 1.4026340179316223 2.604029973009335 0.01776016394178559 0.07790145755607744 0.17580773668436048
369 0.017942260093809025 -0.015740709115007516 8.719414998513056 3.6666094782907495 1.6086338038617192 1.3884259347312677 2.599979149926415 0.017645661943735423 0.07618204884547707 0.17378451146863705
370 0.018965458964355662 -0.01648466977124858 8.751545988469566 3.678947494012694 1.6016690874710662 1.3769005933257177 2.5968884523417795 0.01781928336909344 0.07507264644166146 0.17239268347692796
371 0.01884097586076048 -0.016495248682198385 8.773533052877548 3.6908719390409495 1.5958705564474676 1.3693065620196447 2.5944921835901535 0.018259098437489983 0.0746030154943644 0.17157674631248254
372 0.017812920354491328 -0.015911325998251007 8.782687399721805 3.703051628221631 1.591462973099415 1.365952686878754 2.592694100027275 0.01893854256510942 0.07466755743067414 0.17130297678603454
373 0.015991300625048846 -0.014786583797678367 8.779486698430414 3.7160795792924795 1.5885641525017065 1.366275457948927 2.5914456603640788 0.019822149459265 0.07507964852945001 0.1715397794045242
374 0.013295810610956076 -0.013058115610961818 8.76752815871853 3.7295823295786126 1.5870902281191368 1.3693275665395699 2.590511597871428 0.020667416311894997 0.07562681918290841 0.17207455841856267
375 0.015439275896193178 -0.014405250836446046 8.74031670672889 3.7417911618546618 1.5868043183733713 1.3743419432171633 2.5891756285148384 0.020878643612467607 0.07610664454010345 0.17237169392701104
376 0.01719981116513588 -0.015468604655143 8.71294557813776 3.7513882984365585 1.5879036649200355 1.3811253615736623 2.5870632688613195 0.02006057734914366 0.07639399823260003 0.17199093426213638
377 0.018322717576909474 -0.01610710167778861 8.691868502645631 3.759142787799314 1.5914913538738578 1.390413094652523 2.5849224987291906 0.018578090809928713 0.07650633187311856 0.17108460517942786
378 0.018532015824029704 -0.016167577243500698 8.682367139603565 3.766275073970561 1.5986333593952609 1.4031972078186055 2.583604873897694 0.017091012931643272 0.07654184502875769 0.17013234842886543
379 0.017674235434685846 -0.015561818858332056 8.686499051493332 3.7728840544169477 1.6090253426738332 1.4190142486221833 2.583141892078434 0.01592539745357323 0.07654770297125993 0.1694400099482355
380 0.01577412208402955 -0.014301167297278108 8.702758387968396 3.778939417732488 1.6208480659007738 1.4351414829448965 2.583465868600194 0.015119143852566611 0.07648804757161237 0.16908894715303524
381 0.013122167049387352 -0.012565977605058759 8.727008126605764 3.784799212185027 1.6317360850535436 1.4478443793893436 2.5848949132458783 0.01465491280116812 0.07629705190488031 0.16904162928624086
382 0.010500896398820056 -0.010860902373226095 8.75407135145387 3.7902568128304646 1.6402172675345665 1.4547377151417593 2.5875755268796508 0.01455775124298841 0.07593266652817886 0.16918543579159662
383 0.007985023260805982 -0.009235246116781157 8.781218756216234 3.7947041701313315 1.6465966319398788 1.456307607467266 2.5915246743063474 0.014900358513044398 0.07545223564488283 0.16946655509210537
384 0.005213803462925076 -0.00745339760462288 8.81004003996022 3.798364951923592 1.6524934146485353 1.4556455623949254 2.5971608023003525 0.01566385324188524 0.07504132439686016 0.1699630733148802
385 0.00198331951881002 -0.005378074187171844 8.841352798479438 3.8023751005599893 1.6599404798999513 1.457515070120935 2.604892290589314 0.016612072796436575 0.07494396471534347 0.17073321766402694
386 0.0009265232535474871 -0.0047005401481799505 8.86722156395229 3.807765890830412 1.6708755063327296 1.4671229550973317 2.6144716359632043 0.017488887898225784 0.07532820459532714 0.17173462428490005
387 -0.0011673880775074502 -0.0033475624631313164 8.8918835750588 3.8147290182394498 1.6865849485112079 1.4880458066718842 2.6252341511809325 0.018268919493694975 0.07622518335674164 0.17293188921317962
388 -0.0033984692456748428 -0.0019019416941067416 8.910080765681764 3.8227296446004573 1.7071747456685258 1.5208566986610863 2.636735487381529 0.018945277328016357 0.07751995650792319 0.17428630005407106
389 -0.005362619519047249 -0.0006294755103150237 8.918757005791726 3.8308773489837566 1.7319228124462336 1.5641581338490893 2.6488345313421 0.01926074539445481 0.07902375139392932 0.1756551494439914
390 -0.006827587247774589 0.00032119283219057826 8.915773552816692 3.8381237102555272 1.7601134429459224 1.6163707836942975 2.661232341772092 0.01895670401469733 0.08064323323593534 0.17690433536270136
391 -0.007685716894321473 0.0008896628219957001 8.900205158102537 3.843644871325765 1.7915162264158773 1.6765447388171866 2.673245903230548 0.0180520446967495 0.08247759036893293 0.17807179292942626
392 -0.008024270460776833 0.001141447054607829 8.87406273067326 3.8472072903975603 1.826538186605089 1.7446466590325904 2.684092548253747 0.016655858810383666 0.08471632611892096 0.17928243358635965
393 0.0031799296111214154 -0.0068969213035749224 8.692745677163469 4.134312734412237 1.7076326723790582 1.4380713286633122 2.8469168025300347 0.007987951030958722 0.06084052981540988 0.19142281639683578
394 -0.024725371771353685 0.012820934654411462 8.990042866426428 3.6576131420517175 2.00893448737644 2.1394952974549164 2.6086481772126944 0.01839147597038584 0.10519668950081204 0.17730224905400224
395 -0.009115640553309906 0.0020758259645965588 8.757570283491596 3.837755806737637 1.9581979417805906 1.998676789282283 2.7035032021709924 0.0093013309764777 0.09415622881493758 0.18349150697961222
396 -0.0016476907580340455 -0.002708763869055532 8.682800060545555 3.8267427162965646 2.105258149090414 2.2669345576845044 2.6600709252187658 0.006923758650565024 0.09750597210926538 0.18532577113969453
397 -0.01649597291834909 0.0072184677630527105 8.701839869145367 3.8177515398687842 1.9745632440869079 2.0235274625282784 2.763811018658528 -0.0022863385041200744 0.10213720977174365 0.1857173598879409
398 -0.012258624959532685 0.004610037140168929 8.63115601784493 3.7491205932819014 2.1104763641159408 2.293425170162042 2.709731046495093 -0.008946297379025412 0.11058274840280524 0.18299780497013207
399 -0.015928724835704115 0.007205354947083173 8.599463081890592 3.6878644623556136 2.153972688323952 2.391547630663397 2.7130012181550835 -0.018286316960833555 0.11900338845325964 0.18118790417469316
400 -0.018306731745549622 0.00897042993178778 8.567820449246312 3.607962681312669 2.193457776990356 2.491093316534992 2.7151640377140716 -0.028437284699346633 0.12972933014090293 0.17880489116067858
401 -0.019674970012006257 0.010063236724403419 8.541242200031663 3.5188217461758873 2.227622643139039 2.5861517445926014 2.7179259196390007 -0.039104460900445455 0.14221550394563337 0.1763555258693441
402 -0.02084782756586216 0.010973351016458549 8.525228091905948 3.428795546178799 2.257997050628742 2.6768182270882814 2.7189258690771205 -0.05012070407490928 0.15583322109069228 0.17386919857181027
403 -0.022858076623386642 0.012326814585888525 8.522828545490125 3.344843519189146 2.286369084144488 2.7619056861457505 2.7142802636964265 -0.0608189298032072 0.16946539143780628 0.17136921057725893
404 -0.025298054781284676 0.013826421599546723 8.536105473377045 3.2692572280373278 2.3134904894454014 2.8366802203971906 2.7000710897010833 -0.0703788568766017 0.18158695811095676 0.1687704371872105
405 -0.028524218233317425 0.01570292170268903 8.560978176814453 3.198926133700214 2.339226293237232 2.8953676173306917 2.6734783585777833 -0.07839504196802116 0.19073404843848318 0.16574901164114467
406 -0.03259586733883193 0.018048656172874197 8.588846003068383 3.1271207260497573 2.363668081114635 2.935571134068473 2.632691067077171 -0.08477962295349081 0.19611124715373926 0.16182440068492324
407 -0.0373893034720741 0.020867643098505143 8.608926012829055 3.0467455405965618 2.387235614029428 2.9587518912702153 2.5771873122091344 -0.08947870664932848 0.1977641568181801 0.15662866235878667
408 -0.04279701621459925 0.024158522841643593 8.612850687782768 2.953346812782199 2.410055299186352 2.9676021832254325 2.5087545398999933 -0.09252719458358559 0.1963217407919492 0.15015234112692852
409 -0.04879171371668417 0.027935633520371008 8.597789511190816 2.8467534921847704 2.4324078486244147 2.9651475341086986 2.431928736330177 -0.09435575129307443 0.19270557631332919 0.14272739373316012
410 -0.05497089616792167 0.031937593397955245 8.56397844465731 2.730849924738587 2.455196301761023 2.9548280486539458 2.353122395736724 -0.09579196953128871 0.18793471075849866 0.13486290294939055
411 -0.06114702386363639 0.036020278565050565 8.512778995464965 2.611466598696003 2.479031883089096 2.938759481748263 2.2789575659547037 -0.09738505098008206 0.1829638263028573 0.12721796328528345
412 -0.06695529281636578 0.039928176356192266 8.444584990196196 2.4944379208332617 2.5037081086699606 2.9168530597769537 2.2150174094865993 -0.09893132665045481 0.1785328663446214 0.12055203116997759
413 -0.0723404639017311 0.0436163064403285 8.363406050851816 2.3856605508637307 2.5285765799479605 2.8880082954687865 2.165701025081047 -0.09999767546956165 0.1750057385835761 0.115445021706048
414 -0.07757157855454636 0.04725003603631661 8.276059402914743 2.290990345761513 2.5523877155941577 2.850325102750252 2.134153213028603 -0.10041793802202073 0.1722953011428806 0.11212980890917973
415 -0.08107705381880577 0.049807804442687 8.188544758549977 2.2137568201938147 2.57344030650346 2.8013804847083295 2.120866750543292 -0.10011079542908528 0.17002939093229794 0.11056068882283107
416 -0.08337075462153562 0.05161592499970527 8.105291809727962 2.153060213542249 2.591409792605659 2.741450733062474 2.122441377106241 -0.09901329664584714 0.1678941757782348 0.11043694178780405
417 -0.08596996343264424 0.053639031254457646 8.034807965877315 2.105584217447989 2.6084698892948848 2.675290377590752 2.133118975417844 -0.09727421273254411 0.16583631508026087 0.11125215260919374
418 -0.09052730745526832 0.05690973909639967 7.981154162396752 2.0672661245985466 2.6274680957237297 2.6084674380807185 2.1475627204485304 -0.09513590075014147 0.1639360345925491 0.11245753324707743
419 -0.0984070802138481 0.06225733614554852 7.945146106020571 2.0322699669618904 2.6493331824593938 2.5432903295299196 2.1618224051078623 -0.09268412529496538 0.16222614257654405 0.11353385878461134
420 -0.10714890876305518 0.06807548390524713 7.915913880490699 1.9930951832566077 2.6723129681986997 2.4785849449172423 2.1732393921997932 -0.09001057058416236 0.16066756695426232 0.11398027436204439
421 -0.11607511134671691 0.07397528734035039 7.889738596593192 1.9437516505157326 2.693139641167799 2.411470971915347 2.180603018172304 -0.08751884773105566 0.15921644500837936 0.11349165459294915
422 -0.12483292204512672 0.07979707918231595 7.861458462143402 1.8818267130065671 2.7084458254068493 2.3389233139643837 2.1836300058252536 -0.08589536568184765 0.15793470549494482 0.11218318834899671
423 -0.1329455447164925 0.08526599114414717 7.82322344099259 1.8076103439624087 2.7155661572911862 2.2589557129164666 2.1818799297785363 -0.08576456603595291 0.15691480184687626 0.1103188666238041
424 -0.13945534463486628 0.08976714902162561 7.767528597929571 1.7233081295894406 2.7135642602212826 2.1716901146312377 2.1745524307159654 -0.08725962852154354 0.15599242604019598 0.10779979755657743
425 -0.14332802097957736 0.09262063187665037 7.697822246584041 1.632967037943899 2.704018322167091 2.079518836409973 2.1611943574893826 -0.08998537983342733 0.15473447967571646 0.10426066751499904
426 -0.14481712273536443 0.09396251692740884 7.620757126916964 1.5413320027173991 2.6902787468242746 1.985598430105916 2.1422689784611886 -0.09338446384145713 0.15277963610600104 0.09958988101396847
427 -0.14492049743423174 0.09440423042945047 7.545266574983071 1.4522039544649394 2.6757165127532954 1.8918729623808626 2.1191938070786103 -0.0969472148202929 0.1500285427200786 0.09407656262478753
428 -0.1448963139149571 0.0947368009118208 7.4747106390793645 1.3681615323221323 2.662507183790001 1.798389043653166 2.094291363896331 -0.10018850630599448 0.1465671605039434 0.0882518013176505
429 -0.1466126565687836 0.09615759721885948 7.402045215593571 1.2915573355278402 2.6517296002223407 1.704148689615339 2.070681191431588 -0.10270537699053456 0.14266501263677006 0.08278626661243256
430 -0.1487951242574107 0.09783830930279991 7.334319398085473 1.224757655542621 2.6442697038646794 1.6087552317925233 2.0515175365115836 -0.1042674676237433 0.13884768524442975 0.07828187794636289
431 -0.15477378535628217 0.10191453562461278 7.275520422875488 1.169317006066437 2.641298929469573 1.5132338754487809 2.039162795951664 -0.10484515678431526 0.13574359707603054 0.07504124348728955
432 -0.16249098711898494 0.10704270479584045 7.222280564061518 1.1258729292595884 2.6439292077485117 1.419045834086264 2.0353736066513015 -0.10451911438713853 0.13381397976778422 0.07316764373943904
433 -0.16875923893778894 0.11116489354976039 7.175430644101807 1.094874997430614 2.6525503638626016 1.3263087349328178 2.0421854412466325 -0.103369009793744 0.13321160039691676 0.07285049529495885
434 -0.17068566405791358 0.11243120377303352 7.1336656471393844 1.0768159683250202 2.6661032682102537 1.232778217624992 2.0621795774987346 -0.10154609865100135 0.1337112320364565 0.07444306847898251
435 -0.1709160787194953 0.11258758195811185 7.09496391829075 1.0711792710723331 2.682444311057902 1.1357439781194745 2.096318127582559 -0.09938050465996619 0.1348448433216647 0.07810541805571876
436 -0.1772518012249856 0.11672083550979387 7.078055500718595 1.074983403328942 2.700449652848739 1.036077082770372 2.140638338654711 -0.09718854637589738 0.13634539316916802 0.08329736815929428
437 -0.18586231266863384 0.12235316993280038 7.057412370515221 1.08352419933064 2.7210828639557123 0.9387230544308198 2.187254877544857 -0.09507621852307299 0.13832328149881046 0.08885885390528586
438 -0.19317300197936443 0.12713491953828643 7.037597691113261 1.0929654912801319 2.7460685609187383 0.8489339422634457 2.229420815273029 -0.09311125586580445 0.14094532149604963 0.09368466172245432
439 -0.19923355528353467 0.1310739145359027 7.014827116083298 1.1013076152582035 2.7768882830549693 0.7700260175315172 2.2639001096812246 -0.09145997596923877 0.1442197810870901 0.09713296159912478
440 -0.20325478206471947 0.13370233622147815 6.98584503164758 1.1076968550875521 2.8146519876803286 0.703485945511283 2.2895995640498628 -0.09046735425915758 0.1479717164508784 0.09887260167669139
441 -0.20728911334533226 0.13640376798219153 6.962517251879418 1.1123390884145408 2.8595282973021985 0.6487604030676679 2.30651649035366 -0.0906805023977144 0.15183476100559823 0.09875863906020796
442 -0.2130364752738227 0.1402797253552161 6.9507288943866845 1.1164117315567315 2.9108797787310294 0.6037543740538283 2.3155840059342063 -0.09230066054741692 0.15557350344851945 0.09698517130808157
443 -0.22038092653201694 0.14522419433216976 6.9588912693747815 1.1208614621301232 2.968993259260649 0.5670829820322055 2.3173462597760333 -0.09480593033459964 0.15936044704336003 0.09396062624678173
444 -0.22851107023753273 0.15068767403944738 6.988716976505285 1.1256153325963265 3.0363194370630096 0.5393376335947372 2.3106288203467793 -0.09748315722352957 0.16336912386363456 0.08990671512324401
445 -0.23818953914181273 0.15715847763080917 7.030344788855183 1.130023393096986 3.1154078012286313 0.5209461125329672 2.294382383560912 -0.09996959378176845 0.16730536412135788 0.08490796068498162
446 -0.2486239823594557 0.16413585963392271 7.077089232813052 1.1328319835911487 3.205382516327107 0.5099426953785579 2.269974614618981 -0.10222048234574993 0.17055534711763473 0.07916717899059153
447 -0.25889463289689957 0.17102023444081438 7.116825784024896 1.1314199981146356 3.301659795915361 0.5032931475611001 2.2398000931203788 -0.10432801665887739 0.17261286159424688 0.0728959318333304
448 -0.29414050513219436 0.1937620069341817 7.12680536381589 0.9899528077112432 3.2440338738580556 0.5836521161876351 2.0298125365356916 -0.1334770341263704 0.1659059274240453 0.021851230898373708
449 -0.27494826972047637 0.18221113099757208 7.269381550313177 1.2137009330824398 3.6669872243906907 0.43517798065505264 2.3344689544093384 -0.08100202540479698 0.1823295853892457 0.10158182044496679
450 -0.30979910284443124 0.20471935711540648 7.308291018262287 1.0953645521164062 3.5758941986734576 0.472872556288768 2.14982238432309 -0.10815623861742157 0.17143579625016503 0.05712621067318843
451 -0.3222414532150792 0.21300287439295904 7.344032043548361 1.0462603017772552 3.657840929170593 0.489903211480615 2.0994444958656184 -0.11306560714585312 0.17066662153275408 0.04639023030714848
452 -0.32854142082350046 0.21731371724505935 7.345657952409505 1.015563365859129 3.7373224767233837 0.4921125236333779 2.0704582836170125 -0.11677765411899732 0.17033909292461727 0.03988447015104962
453 -0.33810895548330266 0.22374597343272157 7.350431543820548 0.9948038909270229 3.8132293404293165 0.4908390356833041 2.0546736678935984 -0.12017253174064774 0.17132421009653423 0.035196203047493414
454 -0.34859231798637114 0.23076704154547173 7.358176742237167 0.9851333754372187 3.8828211252141855 0.4851095903221664 2.054788179572382 -0.12307424852435639 0.17380748956972122 0.0324303966537072
455 -0.3582430207504461 0.2372180721909414 7.360324272276067 0.9853119727558384 3.9409748386210506 0.4732831158873989 2.0727564686826283 -0.12550182769045165 0.1776002548696495 0.0315628266257446
456 -0.36645259864902957 0.24269580260655474 7.354131247679553 0.9912201040374119 3.98456962853344 0.4555324316609932 2.107332303782156 -0.1274123227361526 0.18238763175845074 0.03242828871537127
457 -0.3715128910678869 0.24610671160155942 7.333843460838841 0.9974104910760693 4.016044229280903 0.4345903468210368 2.1533141850208755 -0.12874926782285948 0.1876942402278856 0.0347054511367178
458 -0.3745828758352081 0.2482140788955575 7.302770832937811 0.9986048100638891 4.039881760852091 0.4131814496752366 2.2050714998415346 -0.1297417977947089 0.19277059731306678 0.037935576940142705
459 -0.377275009336839 0.2500580135386286 7.2674787128068115 0.9901912645595139 4.058426599240601 0.3924247424176206 2.259482588984123 -0.13070591115792288 0.1969982096223221 0.041686983221470825
460 -0.3805078167193808 0.25222679674169424 7.2347014586518 0.968224382273325 4.075285117830916 0.37454752939569147 2.3136976616551745 -0.13161278621577877 0.20045342828685994 0.04558124259142325
461 -0.3847228611736157 0.2550128912434191 7.208925710586975 0.9297138184754885 4.098792625095481 0.3644651260271081 2.3629422547164323 -0.13217983033694092 0.203751285918989 0.04921627892341235
462 -0.3894870634113684 0.2581537364592999 7.192474955289994 0.8739586047245456 4.137535541684373 0.366378468065099 2.4032520935259685 -0.1322709171370338 0.20750409807153555 0.0522417294983388
463 -0.3949544120806957 0.2617541186756862 7.179344499208869 0.8038240231067081 4.19623585578932 0.3810796083260568 2.433759167301732 -0.13224945811827588 0.2118883490043291 0.054321484057115337
464 -0.40180079354941933 0.2662380850010724 7.166122536533821 0.7251143577714809 4.279092479594414 0.40786511680066484 2.4547726488160784 -0.1330200789804099 0.21650751771110277 0.0549319516505832
465 -0.41178047520091987 0.27270388783575605 7.13998782398603 0.644963170556126 4.39310685885063 0.44638107418804407 2.467219633621875 -0.13545815715688422 0.22092291668461764 0.05354128063077799
466 -0.4240133093194128 0.2805562523778691 7.091444908300653 0.5709654692680232 4.54668185092773 0.49588689694455534 2.474829952662667 -0.1398873453586879 0.22530977430529012 0.05002205621934408
467 -0.4376683993697924 0.28923016647569066 7.15802189157157 0.29692790340848096 4.647438436204269 0.6376997793200451 2.371383488000074 -0.14327749439198406 0.22521758915350795 0.039644467989958736
468 -0.45228792980899934 0.2985316056068173 7.212466439188147 0.1265170848725432 4.758140857737024 0.7369988765658989 2.30642421776654 -0.1474823555563614 0.22620559914018196 0.031088741039306037
469 -0.45165330877758936 0.2977868355630155 7.310339621346795 -0.489141794723512 4.395842462726903 0.9463538138509558 1.9792759349649447 -0.13746599307216092 0.20957767004505143 0.018219799588545645
