 Trunk Shoulder Elbow Wrist
0 661.5822972651684 171.97718535580324 41.72927459613528 18.867764940113876
1 662.2249641261584 162.6597153994222 43.19354306556523 21.696300562769707
2 672.0996083503981 158.3807123434569 45.17423005302901 25.160813966538786
3 684.8829482377056 156.66169976039131 47.028421428743954 28.97260440408185
4 694.4255405222087 154.2853579583675 47.426687833462516 30.928541964553908
5 702.5381070069873 153.69918902137886 47.67299549407911 32.49463224636951
6 708.9200505100686 153.9710011011241 47.98027908244339 34.132116875904494
7 712.649262854838 153.08955202134933 48.176550087932405 35.397260389435694
8 714.5228036590959 151.5458068258911 48.11054977192886 36.08497723682954
9 714.7053781349001 150.71085295936228 47.88054409404173 36.40330863787238
10 712.9683254147658 153.4878905847937 47.58043944480335 36.52329108628985
11 709.7009197064704 156.98861678939355 47.29279752229385 36.57682554111459
12 705.3859272752652 161.06436735179523 47.032309736054586 36.57459130788315
13 700.9272005469106 165.10762842491513 46.701848266973144 36.399232348848585
14 697.0698489223544 168.6447236185606 46.31132584406546 36.04316664641946
15 694.1986795807178 171.58137253625975 45.91089497253366 35.581523299385836
16 691.8846321794413 173.76022459339515 45.45444868726162 34.9989311093589
17 689.6947539055918 177.2139068358354 44.74805921780467 33.97560444419214
18 687.6484916636621 180.55659238785455 43.99261806118128 32.78341855942792
19 685.7002974968872 183.4136142878656 43.148965742634225 31.440478965373927
20 683.4554942044172 185.77027194206678 42.103610850973574 30.345859201467796
21 680.4576078245829 187.91683071773983 41.19245694644514 29.128228472355378
22 676.682105399086 191.078637840817 40.557914482199465 28.214453489357187
23 672.426114609553 194.2207402133032 40.01018115396718 27.398792781482857
24 667.9043035651564 197.4223289810236 39.53487395353892 26.67657772666312
25 663.5620269935732 200.56829380796324 39.11451187059719 26.025271252340435
26 659.7394657455567 203.3583100374195 38.70717344265744 25.33539865168989
27 656.2047751776182 205.8161981819091 38.361519492910496 24.843308875659755
28 652.5707280538883 208.46691729985855 38.350382393465516 25.15889518234646
29 648.5392509959335 209.94702106694487 38.368578516934356 25.490050306329405
30 642.3996618743876 211.00900141086356 38.41378380137265 25.843554578081267
31 637.3292597706211 211.6948027822951 38.511361937675225 26.256897723042844
32 634.1750409817694 211.96205593027057 38.71423101606373 26.76749620319023
33 633.2322071666883 212.28269122993024 39.051801066235896 27.45694296221372
34 635.1945810803537 212.02272047695905 39.49452143124282 28.282971604656773
35 643.0858999486335 211.59235894446127 40.00086472089011 29.18544462172327
36 648.4726658972659 211.67792671046692 40.537615768727974 30.135121286582827
37 653.243009637747 211.81700085645724 41.073217807064665 31.11226483243834
38 658.6367339090141 212.40033244188962 41.58318299482197 32.095261150535784
39 663.7491473310915 213.66544627929568 42.056114153507224 33.07013177803189
40 666.644221182333 215.43607959640946 42.49997581853372 34.043747729217564
41 668.1888162950105 217.72006070841263 42.92782980904531 35.0222511991486
42 669.2277217965333 220.4596971166977 43.33708438604685 36.00794742424481
43 669.7736641673964 223.50394915493612 43.70779476557284 36.97242743642182
44 670.6710044869267 226.3321111624874 44.0028412300016 37.83279212034967
45 672.7815462751014 228.7252718006598 44.19679165137603 38.520879832485846
46 675.2629784477348 230.4431353272041 44.28565067846929 39.04328251949543
47 676.9527265610081 231.70710509122767 44.27788374344167 39.416622045850595
48 678.2937795134643 232.88262773439897 44.168857539042165 39.63662311657033
49 679.1923021428056 234.17459348084773 43.972462796195074 39.726080276253896
50 681.0588478491987 235.1245563706833 43.81166044276874 39.82583909530862
51 683.6043249339365 236.11925436682816 43.665761477965894 39.920761083400514
52 686.3214353870284 237.26383561342666 43.527866938946616 40.01029234789962
53 688.9746842344679 238.53758600433528 43.394908819797394 40.09251784591947
54 691.185608423855 239.97514589298783 43.26404018980471 40.155246567890934
55 692.717586765182 241.48327050813504 43.13081751593273 40.180515620067496
56 693.5721289351853 242.91908921531459 42.998545072760464 40.169543536142484
57 693.9033387921098 244.1740898877664 42.89017730649061 40.16085494725638
58 702.0539666547069 226.8749936318027 44.52156844126556 41.7886127388566
59 682.0738394646804 293.4991090011218 40.90603231041456 38.128269916207714
60 696.0082714453193 235.61779173601832 42.58196582877183 40.39542140801006
61 692.876777711232 253.1302857093838 43.259761855629144 41.16926228162604
62 693.3627683824021 253.62610217332409 43.82165895742819 41.99452030315608
63 693.2575163459549 257.6456961522528 44.40484516542907 42.83072347098312
64 693.9263787610089 261.32839140025493 45.01339338840033 43.74046774417168
65 694.4803378862787 265.14270654431687 45.57635139819068 44.662839704152255
66 694.8340096927575 268.4154538087122 46.008781789358956 45.49725012725183
67 695.1349311244579 270.64707232903623 46.250611279037706 46.14734371534757
68 695.6019250079523 271.62837553721914 46.29432224601735 46.581899001161354
69 696.313747093524 271.56121755312904 46.173643650908915 46.828353812943675
70 697.081112902241 270.8655453950537 45.93411955103457 46.91620627705999
71 697.604193695666 269.78276076377443 45.61225358970426 46.859491127632296
72 697.5562714061878 268.46661777763876 45.23343140062689 46.68439737541778
73 696.5313802425461 266.9453044648799 44.80958879230339 46.42393233898585
74 694.2474453935653 265.1106385840805 44.35994413924224 46.11391700188519
75 690.8320578501161 262.8529946040267 43.942251369402584 45.834678483736035
76 687.0083117333998 260.1565931252908 43.639327842235005 45.7017190957265
77 683.2218075434874 257.2697320400637 43.50348922165201 45.77745636597854
78 679.8219954803908 254.68388435553882 43.512109142584976 46.00847964181259
79 677.7478121657149 252.38689872994382 43.58372575166924 46.26815445246772
80 677.9906439094515 250.09674154090425 43.66499042193774 46.47668754564309
81 679.7531568789883 248.74260471094163 43.7906439696417 46.66830627316266
82 682.5487622978839 248.7154948761837 44.007676230189894 46.913059787706544
83 687.7692959781849 250.06873267392857 44.33253476499963 47.26967752215619
84 693.7044375688904 252.89554987913422 44.712149305166065 47.71615711433474
85 699.7068538765283 257.0808583929037 45.03282162971081 48.14346398431426
86 704.7347331130476 260.25192287194034 45.30376131714407 48.53950782668016
87 708.4285527340396 262.05339292502197 45.45142383337813 48.817034156592136
88 711.3016584928793 262.6698196395959 45.41093331091984 48.906421882804224
89 713.2006364097243 262.58935470591126 45.223213992776394 48.83275784111027
90 714.4042853512719 262.1097480189249 44.935721339221196 48.65506253729256
91 722.7922256171221 275.10411383155366 44.51393874387845 48.10696342459038
92 710.5585456232127 252.6285922720991 45.45191673228855 49.361650503993076
93 717.0157294354477 262.1475923480479 44.099286624919 48.28617498729115
94 717.139013779614 263.8014262067631 43.857456488327195 48.17218212010116
95 716.4777029331794 265.43284003073245 43.71813962389135 48.144834995429676
96 715.2234229982437 267.0497698523229 43.674992190175345 48.19390967564035
97 713.9324949289833 268.424479532505 43.72487546938992 48.30256914272658
98 712.9966873510358 269.6993442164886 43.81901240528033 48.38875632311342
99 712.3444632382119 270.45623414862007 43.94482692830411 48.42884712838931
100 711.6753062523437 270.52622258607136 44.07916823332872 48.42651035846429
101 695.1626983586749 261.5104442780371 45.618800212946766 49.82634631946487
102 724.4137394945841 299.63568758024695 43.23416947696109 47.51908059075563
103 711.5954129664266 264.3803134756179 44.48393864757538 48.35456128222063
104 708.3840886690413 269.9023413842952 44.083933972128506 47.903127898609874
105 707.8182194592339 268.1162470943893 44.37654167849534 48.238469817970106
106 707.4181102581564 268.5925789043184 44.51288851624693 48.4162125080129
107 707.3816521334073 268.5035855103438 44.71281182939452 48.672348742991126
108 707.4395486887234 267.62822097768884 44.89300840731314 48.896164411049035
109 707.5574027152742 265.7515243449692 45.01507335498616 49.0234110387146
110 707.2764560598908 263.06630417851414 45.047867816801116 48.999319530531736
111 706.3236112920933 260.7411576758745 44.93363171162243 48.77177535682091
112 704.7724883242628 259.03796711967095 44.76148465976608 48.45942813466249
113 702.9207817361726 257.883344326739 44.65878887496858 48.20182008265401
114 701.0221294168109 257.5936435249256 44.664233406977566 48.07440305902764
115 699.247101984206 258.21648756235453 44.785465077622156 48.11123153138375
116 697.7997111655177 259.64751549533526 45.02992638584841 48.34987784057104
117 696.8973766204813 261.72890916543867 45.420040734846744 48.823353367503046
118 696.6594651292348 264.2899314590345 45.966136593106654 49.521542161938875
119 697.0897786889135 267.18068103090224 46.64602644362027 50.402184420223755
120 698.342522793219 270.3011102084462 47.42280816910591 51.27649792095686
121 701.0669807531497 273.52844247915345 48.16978798313044 52.10275227157525
122 704.9913989851308 276.39516443430847 48.78075965869222 52.9155966832753
123 709.6928585343688 279.2260816245545 49.32306677563025 53.560592382187444
124 714.6238364115216 281.97443239086533 49.76564765409955 54.037111100910366
125 719.2972270290915 284.48128046219944 50.089275444036254 54.32559729003466
126 723.6304741124671 286.7070161480718 50.283532716094996 54.42091644674218
127 727.0796478238307 288.82494179606016 50.33868351743802 54.307957852956825
128 730.7030060497542 290.8466398606838 50.253428282440396 54.009007244427615
129 733.6800431514936 292.76600999674554 50.04694965062895 53.65065914373854
130 735.3819460234959 294.65682344391473 49.75951712902187 53.424505173159616
131 736.2385420374602 296.63777938399414 49.430790472291775 53.45376316764864
132 736.9034973129869 299.1376298004143 49.05243957049023 53.63097910936349
133 737.7959738848971 302.23976038372837 48.61426667462321 53.70976942908002
134 738.7994629933144 305.4817531297366 48.150412777473164 53.520160282345444
135 739.4565229656278 308.69406918012277 47.70411163423924 53.06298382042525
136 739.3455896197053 311.7830636183689 47.32004953821663 52.49450860075208
137 738.286470654788 314.5187659990029 46.887939699742326 51.71408858049995
138 736.4677475134034 316.99316531314963 46.40674746736615 50.85709284985888
139 750.3956202714261 301.2401543644391 44.554735660907326 48.17758847119188
140 712.936099474331 341.72620445708606 46.84560981204328 51.52811447510464
141 730.1057419908232 324.237492322245 44.85968778050562 49.12942529375507
142 728.2754880837105 327.27787914789775 44.34588041017989 48.72076323488314
143 725.3992443700554 330.3161163966144 43.83007354839558 48.211921109557814
144 721.5404053168796 333.4077646640105 43.33572942323934 47.60231795235564
145 717.9978079568448 336.4683294370726 42.86968809330585 46.99785875895671
146 714.2869750192868 339.23253787794107 42.428168204074474 46.43612904530584
147 710.311518057132 341.5709766704026 42.01164380413194 45.94567013203967
148 706.7025235097501 343.44236494855846 41.62035100377188 45.55153192426366
149 702.9228898560767 346.8402368179831 41.27635310761407 45.29234147605911
150 699.9947221002438 351.0379712381636 40.957818788125714 45.06033158185635
151 697.3706534565998 356.23071183867137 40.62580209846732 44.800737798350674
152 694.2216390410109 362.52232824668795 40.177030936674456 44.76888733599271
153 693.4458931701608 369.8934623940722 39.8154394335789 44.71834161008703
154 692.6059451989361 377.99155539728775 39.51760055917472 44.7376034462226
155 691.9823545919954 386.39796677300734 39.242390172153385 44.706310123926706
156 692.2471653066191 394.7895671423894 39.279545202117546 44.93146860948155
157 693.8874394392172 404.26904822493975 39.57876879719869 45.33903027574916
158 698.0038676942222 431.5119954999693 38.483034781211146 43.61120162949262
159 699.5513659499485 409.64522758546786 40.267371331631935 45.55642612399653
160 706.0933400605279 437.5309211625756 39.11453030269364 43.76862559880072
161 711.5237535927782 448.13503229026355 38.80977250832897 42.91986298896894
162 716.4816073181103 458.2942086679024 38.51777343889456 42.06520552222937
163 721.372118903641 467.7361568834621 38.19174677916156 40.885471347387146
164 726.6718777266711 477.5599941201746 37.677452974203355 38.455572651261036
165 732.0812192510907 488.21153379847726 37.48801176469194 36.26052352617963
166 734.9884743835313 497.8342681286286 37.731168101949194 37.004051007642055
167 736.4199571185219 505.5098699094471 38.015903640847164 37.77713113371906
168 737.1170158090383 511.10574916891306 38.3838239474038 38.53911708636652
169 736.092679149756 516.8222600552244 38.908565429976775 39.40948310448163
170 734.3487874057731 522.3580715738095 39.56413350570015 40.343358422186675
171 732.5399550474626 527.7554150976474 40.22391544219017 41.42127758458729
172 732.3672762959795 533.7198800447892 40.825595612502575 42.58511765450497
173 733.0237152652978 540.1909905082903 41.45841207784559 43.83829477669159
174 737.0392456023674 548.2148311464041 42.18450494297187 45.35255543787422
175 743.2312502679323 556.9040736516455 43.09249673309693 47.20109063204403
176 750.4785233500827 568.2539361341529 44.252090403603695 49.107185421973846
177 758.1870650955558 582.2399074977528 45.15416582872905 51.45793444059716
178 766.0992056384697 596.3906501148053 45.90904767941658 53.96441503835985
179 774.1594714300236 608.2930910160255 46.61004697976837 56.24171269867851
180 782.2888013135349 618.1339509540272 47.34602684194691 58.13440246069741
181 790.5335110927551 626.7767813277329 48.256545175692835 59.659489969257194
182 797.9827313730411 610.1433328028755 48.4017512131936 60.927111403513116
183 806.2943605835907 702.6748211359289 47.80587042985144 65.7077027841128
184 815.0759619544441 600.7668354270584 48.10748106946228 64.29643796071696
185 822.1164793012962 694.6267991147478 47.48274315371088 69.13193156667232
186 831.4916592491325 680.5279398690002 47.37335639704689 70.22883501146293
187 841.4303159215184 692.2860302789765 47.3106329390051 72.01673361275573
188 851.9831048123586 707.6755510855744 47.41388919765157 74.00221948212318
189 862.4546745748487 725.53273032698 47.662413249155655 76.20367788998021
190 872.4909480509118 745.0912703198758 48.05447042323381 78.4307576303487
191 882.5180555738726 764.5515136905082 48.440522456583054 80.6233805351735
192 892.5428754151949 781.7729556578315 48.68156026406741 82.87161894119492
193 901.8763042342823 794.9149611197191 48.90435666104537 84.71960671921299
194 910.2252333734656 799.6661263598139 49.111106923505986 86.19716130071748
195 917.3823714487834 806.1800494623101 49.32155654290489 87.86856017912935
196 922.3455920149806 803.827161928327 49.35517265714861 90.04916174637644
197 927.9490170291741 811.315475365963 49.320996012841434 92.31387567563986
198 933.8207434062343 818.7646193575225 49.239740567935044 94.63207321846153
199 937.665445758339 824.4939863342461 49.1000309368642 96.9094645483721
200 939.4863384741652 829.6172203541324 48.97205143183381 98.72633167573511
201 940.9328983050417 835.1459911700385 48.77727844872616 101.0720110115342
202 943.5104217507526 841.869199415495 48.69665332534859 103.54715171169606
203 945.7903276438468 850.7108273515336 48.93014439247403 106.28659334625371
204 947.234918179381 861.5117536065762 49.317639653194 109.33201884233449
205 947.6305027204371 872.2724509599118 49.604285308184075 112.39059425676105
206 948.4746206543673 880.6820203837433 49.96870689002894 115.07058873601183
207 950.5344066836905 886.1241089074863 50.31382300229693 117.22382842810894
208 954.0080993014795 889.1568434109876 50.593815813286994 118.8965863433967
209 959.073267002201 890.3268596000665 50.77013230237696 120.1255377752307
210 965.1979633643673 889.9845846733712 50.80831031769789 120.88235992130674
211 973.7676840695992 888.8139414219924 50.716487490023184 121.21916930483819
212 985.3794123184033 888.0357489817978 50.56382855201038 121.39493649832092
213 997.129115468563 889.1238025884633 50.45744244590696 121.79345836983588
214 1009.0373767718585 893.2451047602073 50.49614510004535 122.7287280635836
215 1065.058699793222 981.1685151854765 55.21619706831922 133.1009514229922
216 1013.3478802022311 811.0586437284645 46.60673450811309 116.16631182567566
217 1043.956114574358 945.1061660542885 53.280930248877624 132.25474020807448
218 1054.243623622612 936.9120508254035 52.61574521270386 132.5701735455272
219 1060.6824919415692 956.9620792605397 53.802502739603 135.54409528257588
220 1062.1235680042578 967.7937023237384 54.479041641984445 136.9923181609467
221 1059.7879478470852 976.8836074576357 54.92586742046776 137.6021378487955
222 1053.6929234085808 980.5457609186875 55.07772815294874 137.12168755545807
223 1044.1467969530154 978.6734629000314 54.91441905285368 135.72954614759863
224 1035.3329729317131 971.3435835107532 54.445828789506514 133.70809587187313
225 1027.7222055112356 959.6572500231117 53.77216275186699 131.47938070723833
226 1020.4331898821137 944.202751047039 52.99670864391353 129.31879315667834
227 1013.8180639308027 933.5333455398531 52.35010146573321 127.67081699984749
228 1008.0945066152673 923.9064972794175 51.76025163774254 126.39951728996384
229 1003.666343845388 915.5526266646326 51.24161369559269 125.34483253375153
230 1001.3454256074175 908.4247933328052 50.8005507035535 124.55400297092943
231 1003.0250922176026 902.650293862594 50.45359212351598 124.06693671518664
232 1006.7381046404023 898.3247952681716 50.198015208327405 123.73940307692176
233 1011.0732543401355 895.4031937939553 50.09431604914805 123.65972604297656
234 1015.1217378404009 893.783773569908 50.16354662034772 123.8178967561503
235 1018.5936090978024 893.0192960873145 50.388714645622144 124.2395395821954
236 1021.4309598006209 892.225602497278 50.70790111213402 124.89880809484232
237 1023.4896243242059 890.3758932315595 51.01090769114717 125.64476034601242
238 1024.6803860760695 886.7700955614074 51.20185613304877 126.31831778928724
239 1025.6926854233127 882.168862070544 51.315940227780175 127.03798266455371
240 1026.170487982904 879.2135280979186 51.56627132241226 128.13135755600672
241 1026.1622432278862 880.5983307471287 52.14827701809028 129.9204736235093
242 1025.639273509983 886.9524976580175 53.103113801359086 132.3811717398792
243 1024.6063085485796 897.1417117191754 54.305613176339776 135.14725384662145
244 1023.2656628079991 909.8108704536658 55.615784646830136 137.84585535881493
245 1021.9036806617654 923.8500317895426 56.93492388972032 140.21613563416
246 1020.7638597087938 937.7687900606822 58.14953956720303 142.00328209841985
247 1020.0542790982677 948.9450380850498 59.05091744598731 142.82899013924524
248 1020.0141669197834 953.870484597998 59.35145050018404 142.2554661330242
249 1019.848680372578 949.8604988723392 58.84180595861106 140.0802322385866
250 1018.8982768092471 936.6084622702881 57.51402876178199 136.51771528239004
251 1016.3945730635799 916.043541180237 55.54733066381883 132.09333811514074
252 1012.3932153862576 891.3821739458025 53.25369636986546 127.45626041727661
253 1007.037577914997 866.4892716295169 51.00379812633838 123.19835432187192
254 1000.7937163917333 845.0239360320567 49.11508026685872 119.75842280552055
255 996.5520032051425 829.5812641912298 47.755559626530896 117.38364673362977
256 992.6809530552538 821.2721973750769 46.943617367456206 116.11440492844636
257 988.7373606143324 819.7800392983204 46.60238198115947 115.82704361036733
258 985.0442020756172 824.154461909013 46.63787145833628 116.41075725532843
259 982.0255041232722 833.987914258104 47.02385382516101 117.95718823147111
260 980.3781680649246 849.7505389646966 47.80499212847366 120.74405249665135
261 980.8728109674704 871.8602454046246 49.030270142711394 124.78222104805344
262 983.6300293244323 899.7036126444951 50.6753659947926 129.9796984797982
263 988.6574663152558 931.1502192418372 52.63380860451337 136.11323608017585
264 995.8684230168002 961.8606136753269 54.64640857358958 142.4164297272187
265 1003.8835645118912 985.3130779946028 56.25740107270658 147.44588794410788
266 1014.8309329689397 996.0999785753336 57.03651393826826 149.58738064000244
267 1025.3098123829732 993.9613718770737 56.89496283103723 148.48727482812947
268 1032.3748843664653 982.8817287763941 56.189798453232775 145.37127570774084
269 1037.555275505202 967.1262452575246 55.104416809658964 141.17316018571333
270 1040.835605497433 949.968570725759 53.859696073098284 136.77969882237727
271 1042.3265798588866 934.1373609004825 52.38844492148464 132.04418744539086
272 1041.4185575939725 921.0417301984427 51.18838030435891 128.20767160991372
273 1038.0260185993525 910.3630999548192 50.365308537871904 125.69176728359824
274 1032.192158237258 900.7867510367946 49.75750976666833 124.08063076777476
275 1023.2587313044213 891.305050022286 49.29308161928636 123.0818417324342
276 1013.365493298287 881.7276827873594 48.91651116710614 122.36519806649797
277 1006.3567177602008 872.2945280901869 48.59023792276494 121.6886097648577
278 999.9483135592203 863.7599803721439 48.310896102982376 121.00060740767401
279 994.092566629918 857.4400453550278 48.122894332530024 120.44537662484659
280 989.1988251748182 854.3330115342786 48.066144445497514 120.17782155861804
281 987.7004146509936 854.492210529516 48.14145410709256 120.20553165866734
282 988.0532827373631 857.3700311824035 48.329562237441024 120.4801014712549
283 989.2943184857894 862.2073588903761 48.609314661302534 120.96688280898796
284 990.1700515100409 868.1142578836185 48.95220536510584 121.61374463659092
285 991.2947709582899 874.245796662903 49.32392472836911 122.34650199681963
286 992.6570780102359 879.9598992161086 49.69239517310156 123.09362243013425
287 994.2315471472926 884.6943152243241 50.023556770064566 123.78141109120031
288 995.5693668471 887.846977730309 50.27756339913599 124.33238756290072
289 994.9784827342376 889.047231065003 50.42916356573875 124.7139947528848
290 995.3141791975918 888.4636647354461 50.49229277784443 124.98551932989264
291 995.1072927497033 886.6361076833977 50.50884778717308 125.24591994789932
292 995.2206466841528 884.1354103017278 50.52075350553273 125.54334738518301
293 996.4950486377791 881.3344149928084 50.55423783833782 125.86236341094494
294 997.179826668537 878.263941846055 50.61356133330122 126.16449515971597
295 997.7127226607917 874.8190382145195 50.69425508535935 126.42780735894459
296 999.1780085700282 871.1919905885062 50.812633640583485 126.68446024128112
297 1002.5976442695703 867.911565248471 51.015721402575146 127.03697180681863
298 1005.9972627889865 865.5993146415691 51.374522263277555 127.61913669504276
299 1008.9141465127199 864.8813165676374 51.97790791085869 128.53388488842506
300 1011.528200908596 866.3004763094602 52.908514993721504 129.81112884086596
301 1014.1833730628416 870.1501943584936 54.207840729423275 131.39502243910542
302 1016.8925995925139 876.449937756374 55.8619364570387 133.26988309011324
303 1019.1756196234677 884.9534823347236 57.79422360655522 135.3526284713404
304 1020.0479136890033 894.9808228503073 59.83569971764457 137.49374955664308
305 1020.4853768184306 905.1954983085916 61.72973439090527 139.47718452920455
306 1020.608059695221 913.9391066976262 63.204508324417006 141.04542794474312
307 1020.4046176825241 919.7831341944391 64.0771813560461 142.00729361076657
308 1019.7654458200138 921.9154243967309 64.30417267115118 142.29643221645554
309 1018.5157988042133 920.1975863013449 63.96278294570108 141.96312692463945
310 1016.4713831692405 915.1333795586773 63.20839879033493 141.1404212707181
311 1013.5739213200895 907.8880732056934 62.24469541554991 140.04124513510234
312 1010.0049104973376 900.07846610814 61.289295556696075 138.9296689258036
313 1006.1625456713491 893.2686566215577 60.527770150219915 138.03437490491237
314 1002.501365398291 888.5775647569754 60.0859058377697 137.50452610669808
315 999.2438398435638 886.5624230899047 60.021641765035206 137.41135160803682
316 996.4438499260316 887.1868790589533 60.315070951571336 137.73342254902462
317 994.6914376982497 889.8614453803707 60.869818800620884 138.3503909537898
318 993.9303547619323 893.6851708326748 61.555784378928145 139.0899577834011
319 993.980334367642 897.7878345866917 62.2417235819748 139.80412090664336
320 994.5860810230319 901.5832760962194 62.825815796312995 140.407499528238
321 995.2074961915946 904.9467603864337 63.2747750478958 140.9241982514105
322 995.4579056965899 908.1721344553187 63.63383657270226 141.471726268402
323 995.455166312587 911.4923819794967 63.96667535493778 142.15467208559977
324 996.3939380573256 914.6149556915587 64.29595642771959 142.96826282713272
325 997.4505541257404 916.86748330074 64.58032984897686 143.83326091416174
326 997.8391759170631 917.7121620757711 64.8020055414709 144.68577355916787
327 997.2325296247757 917.0922266322851 64.97476697253002 145.53460593612078
328 995.5490057926975 915.5326658135571 65.14751188739369 146.4677791651848
329 993.4068061544043 914.1796896500607 65.42832720371788 147.63817097824685
330 992.0724328335596 914.6906171112008 65.97953720110382 149.2385919440563
331 992.3331764806263 918.6939562930003 66.94211117070977 151.4394984253252
332 995.1564100627418 926.8471406964404 68.30294976447875 154.2098720865018
333 1001.1941503097323 938.318416988643 69.84253245707303 157.2035539074486
334 1010.2755681453347 951.2370874185173 71.23901494760308 159.9252799192819
335 1021.4763505708165 963.552989817331 72.21209286881067 162.0034337883947
336 1034.1140956663994 973.7030574119423 72.59438626963873 163.25861133488806
337 1045.822168083061 980.9065377402444 72.32509344333457 163.62040952925378
338 1059.0160370265503 985.023260959381 71.40822963185492 163.0871293752794
339 1071.3915971717076 986.1310021454784 69.88070484558672 161.6805362671718
340 1077.178305910632 984.1998241284978 67.82213445979839 159.33195584810574
341 1083.5074628704272 979.1243926977361 65.37683097116644 155.95752459069337
342 1091.3798893242588 971.0588656133666 62.75206851225321 151.6358644260365
343 1095.9737352181814 960.6426866117546 60.1802101298255 146.61398098263408
344 1096.4706544673459 948.8494244337818 57.87694600528511 141.1774672438293
345 1091.495632235639 936.5773220690313 56.002812044265376 135.70877212426265
346 1082.7589006652727 924.291273139567 54.64983447402907 130.32417520784045
347 1071.4957828704341 920.4174622507826 53.96312665208152 125.54696988147758
348 1063.8081150731812 912.9430877531181 52.96066275687636 120.93432421648353
349 1055.9655441064313 902.1402118908401 52.28900196421671 116.39335236306913
350 1048.2115316743298 888.9942938051994 51.943077235565376 111.94078058512655
351 1040.7893860517308 874.1807992492006 51.92265867329264 107.47511402725816
352 1034.7260710118053 858.6910378460531 51.5185534935802 103.43282824784372
353 1031.2910004593364 843.2481554845212 51.41394916783132 99.51421423997431
354 1028.7724069650722 827.6282159354374 51.59857509196961 95.61843350306113
355 1032.8172059849962 893.5893239141092 53.011357869740706 96.99700435467592
356 1024.0824755193532 747.2816467544849 52.12289728968009 85.56932442641991
357 1026.609568771225 801.5922189382541 52.70679775412018 85.4219816420239
358 1025.8982813711225 796.9427615434586 52.88038126809795 83.2669304253355
359 1024.6631221541313 783.694132159112 53.01917284001041 81.01907091103676
360 1023.2233276102487 768.8558820727587 53.21277828363999 78.82639031172255
361 1021.934685135345 753.7756774235415 53.25705808730212 77.18228798061796
362 1020.5284579979989 738.9435957148431 53.35090753018537 75.56617879879089
363 1018.5962921275583 724.9003965103261 53.19798683010174 74.56132689344385
364 1017.364559891725 712.2657716883538 53.0633887990461 73.43050536020505
365 1015.7402647702578 701.413535715822 52.85351066389424 72.35044287375173
366 1012.7542909395271 692.2419472495468 52.565539267424846 71.30904688250774
367 1007.1488822326556 646.2145895847185 52.22578888144703 68.47869358611057
368 1004.1038076332954 746.3932669284438 52.26132841395105 72.23715417778385
369 997.0927485942032 596.0885936653016 51.19006033120355 65.17627172409823
370 995.6713927648246 692.8142123459288 51.17907306523722 68.6933725168811
371 991.630199041343 650.3543954050623 50.774332464907026 66.42842856909903
372 987.0238990443461 644.9073758412063 50.50853666054611 65.81442498843546
373 981.3209788791006 640.2706869064559 50.212417834732605 65.32198709642446
374 974.1080147842466 634.434753066797 49.873541736157385 64.64665389157301
375 965.3474648948774 628.921195450876 49.33635113299583 63.712137816865514
376 955.6450214138575 625.7376306622066 48.22413077770622 62.451844471488165
377 945.8529365676135 643.0945363968251 47.940819720248996 61.52767097199327
378 933.6435184299185 557.3677746600362 46.08656225907229 56.87720029555194
379 932.2622028955348 646.2418895653875 46.169294068744186 57.658310683892715
380 918.4747723796193 562.968770557894 44.653090663408165 53.0874497012028
381 915.4775503503994 571.1168760843232 43.627004334474705 51.35471580627938
382 910.2451799565832 557.8093140712662 42.447178721979576 49.46572653082708
383 904.4019375666685 542.8094219173072 41.510586289468165 47.566325158441636
384 898.036899994495 527.7369654088329 40.735513218996125 45.86836840700757
385 890.9392583479569 513.0957420352162 40.052536572591364 44.36557211133467
386 883.2043746942514 499.61194456004426 39.432909878577206 42.985661409140306
387 873.3491372411081 472.298802846452 39.14900446189772 41.319006232257294
388 871.304355512407 525.2850065985211 37.896991170020605 41.070122603488585
389 856.7187899973411 444.49463910961725 38.82821909378577 39.05126672790449
390 855.0316992629236 489.5583487297094 37.36086415949755 38.699700495453
391 845.5563556914904 470.2267766017133 37.390156515944504 37.320495136626725
392 838.3058639427398 466.6743394786032 36.9602358904278 36.00421163866561
393 832.1507074449014 462.6497416805154 36.548115128845936 34.61636449151021
394 826.8962361400233 458.58733078017667 36.21581155037978 33.40680931166205
395 822.321715350558 455.50680311099836 35.986681762291 32.496349093263184
396 817.5575179192939 452.30080123575186 35.85706835551405 32.01342323603403
397 811.6240828435766 448.65173752180743 35.75159471952876 31.76479821767498
398 803.9543077107243 444.182191810382 35.61124525920213 31.583653515100657
399 794.8733782180788 439.4072794255036 35.42938842002509 31.529048372699606
400 785.5115428935671 434.1780697944168 35.23154336789653 31.72014534763063
401 777.6278191806557 429.2601650350826 35.03348487443144 32.05738894839464
402 771.3043882045885 424.7849606223844 34.83709963499588 32.340383237099644
403 767.0711716780395 421.07045549490664 34.65654793817285 32.52791188713869
404 764.7616180791831 418.2203609902335 34.4925818322802 32.55885807238475
405 764.1576003835711 416.07744599125886 34.32066932945943 32.34472567199338
406 764.6345918660561 414.11448888753455 34.109855811411926 31.730928967527785
407 765.3373377681414 411.86229588581375 33.89955403086726 31.221629443310793
408 765.931264779135 409.30788563928536 33.80169006365747 31.858565400061988
409 766.8211261234219 407.3099388188069 33.70476661225442 32.666667023414284
410 768.3257820998081 404.77641378599606 33.492832919886126 32.80823259045105
411 770.7152476255922 402.4761761557027 33.47679979404749 33.922592628177
412 771.8368898552181 399.8740204598044 33.65922232376969 35.496533432762966
413 771.0537330508192 396.250882555256 33.94134457899717 36.78311249564609
414 770.3809391423346 406.10416731541153 33.764057511850545 36.900432470889214
415 758.9924144164041 355.86213731618 35.81618681771246 39.59897742596515
416 761.7646780662155 406.73935772729544 34.244071972684395 37.93320707780544
417 749.2192031467255 357.7972390609505 36.30019732557421 40.067249081616495
418 743.7833344078787 361.3607627218124 36.362131764800736 39.93798776069947
419 737.0151202865749 352.31503703354514 36.80904464172237 39.90612365563348
420 731.3970290475263 341.7494553550052 37.13783684319995 39.570284937553836
421 726.7843242117926 332.02519319306793 37.325935869236396 39.0017170197606
422 722.5672588767808 324.63775791742245 37.43765021723384 38.23189209822557
423 719.0175692773248 319.70803624357814 37.56033848609468 37.31572530913241
424 715.8688861172803 316.3733025082532 37.74461760671387 36.36876174016718
425 712.6140511592238 313.7437085530843 37.98594034478676 35.42387332583074
426 707.488731954394 297.49291383589497 38.407413183707135 34.24903568046474
427 709.6406822055311 336.16919709678257 38.175914485885485 33.79686383888039
428 700.8213811423806 281.7033440791575 39.035644670623185 32.030581274412114
429 707.4078348869091 333.4232748411391 38.73530805062823 32.47492817997478
430 699.8996510543169 280.38940641393566 39.46227716266627 31.051009389504166
431 706.2633120730972 331.3073552635204 39.442369919162964 32.841743190614615
432 701.6082951808014 293.28109991668333 40.10427108035805 32.81615355695431
433 701.9105512781366 303.8664739767701 40.49670718224311 34.36318341117785
434 701.8127259911757 303.4830220213864 41.05898315268124 35.88871982940207
435 702.0752667065539 302.0345281813789 41.62809027335955 37.438625862598215
436 702.9209780607512 300.2021207582836 42.18819584175487 38.99024443461383
437 703.7530620172198 298.19249680629537 42.73617366163905 40.52103753838867
438 704.5805473907607 296.0655768442336 43.302298778431094 41.90271691674122
439 705.2099481151768 293.72582346969455 43.729527059919974 43.461405524051045
440 705.4922523033665 291.06253955126056 44.0209480929415 44.96031846947277
441 705.5793681628465 288.12489950603776 44.23543970332928 46.09005030727656
442 705.6079590284799 285.13842885172204 44.36605931044985 46.84927750450888
443 705.8252731367139 282.2466409534586 44.41687891763416 47.2956665475912
444 706.0093938773634 279.67590119291174 44.40575275093025 47.52808670794991
445 707.3797140349395 277.4164267283347 44.33335035342228 47.59700701376535
446 708.9345381760642 275.63636229602395 44.18337761658141 47.47644516417383
447 720.6164781660774 254.40480709490865 44.02408921712178 46.80181522406192
448 714.0221496376057 294.9771614577364 43.24122761330516 46.354740402837805
449 710.288361082383 265.9302846223212 43.18010676773261 45.31697032546112
450 711.4563157383396 268.2179742738538 42.59686185761692 44.064347008381816
451 712.0453031095883 264.42848684875565 42.289243680578025 42.79650574153475
452 711.8985957125052 260.8888891793313 41.91406464825811 41.324833737914076
453 711.720103020281 256.30436453449306 41.48074232669173 40.25724632353827
454 710.9748574627995 251.19890686015725 41.13754751701821 39.17177294248481
455 709.7018934130638 246.1237448034418 40.88308165351525 38.222593598087265
456 707.1495288193433 240.9797831841901 40.70299577110375 37.533888929463394
457 703.7123176881091 235.71135533039867 40.61038982119368 37.18236769677279
458 699.8107404119031 230.86365971863066 40.629126352795815 37.17407089470286
459 696.3489756140242 227.04146064622404 40.7774542159194 37.45956388675058
460 693.8974727045381 224.70381921514013 41.0684209016345 37.982003655499184
461 692.4486157404831 224.0200629702841 41.49776646272833 38.662282861905766
462 691.7953822144713 224.86709789625883 42.03593728689211 39.39921685714746
463 691.8485291945949 227.0188956023745 42.62914417676851 40.10813875142354
464 692.2486701106396 230.12858659403813 43.19689400498251 40.735007387715015
465 692.6574938108175 233.50665783093572 43.68004470120718 41.282510663306745
466 692.7755107479823 236.04822562327038 43.98623472096538 41.72597541614823
467 692.8333045241089 237.4269925909389 44.06429114356767 42.06000107076511
468 692.6019185247611 237.31992238765815 43.899645700178276 42.24569146456755
469 692.4686601335678 235.99079396992218 43.52813984346826 42.2398823423008
470 692.7651189285953 233.62978343782927 43.0351841148017 42.05567613884376
471 693.4209603404647 230.5244837640978 42.46185548313118 41.72464457034607
472 694.0163391285117 226.86109114132068 41.8342396239657 41.295081226542756
473 694.4385597638452 222.7040460024984 41.183321127977955 40.80658506718164
474 693.8148273058775 218.52849530396554 40.56548875430279 40.30634160263993
475 691.9013463473743 214.54438170872692 40.05489064824927 39.839791398116375
476 688.8251525872287 210.85721394883177 39.708794204254524 39.42954197372215
477 685.6914747916817 207.57298808377263 39.66568183962611 39.238619793492866
478 682.9969916101139 204.83109468879218 39.918705549126386 39.2905069986196
479 681.3616773152886 203.01385969174612 40.41779694648899 39.55773707072827
480 681.4352020833362 202.85760169202305 41.15891345063428 40.08124915212939
481 683.3874156829988 204.5710188162652 42.14105635820568 40.92542270967298
482 687.9437547692312 209.06923157507748 43.31406522711812 42.119623751822644
483 694.2165663303887 216.7444935850768 44.57086118817957 43.634296840930865
484 701.7271366267815 227.1875075411275 45.72837108364917 45.31760294558948
485 709.7573843708991 238.6138574015058 46.65550892845043 46.97646495844512
486 718.079724928166 248.7577507097013 47.499098917638946 48.64660935031195
487 728.1504132587659 254.5808341443055 47.69685769995861 49.31006575965334
488 736.657539389283 254.96245366744705 47.238306732375385 48.85956489336296
489 743.3863361271051 250.78776694171958 46.326379133115644 47.58847786953947
490 748.1000002036842 244.12615700987357 45.239791339114966 45.97232477363078
491 750.5014842626849 237.57177566217308 44.30202229365474 44.56497686874207
492 749.031811768787 232.04381360963978 43.6196787600639 43.5417002337196
493 745.9352768289727 227.27044139798159 43.04766667505235 42.682249908062396
494 742.4540821357173 223.16359205825142 42.59809752205758 42.00783880795441
495 737.5704988103503 219.4282639139413 42.27997157844645 41.53585523628355
496 732.2738061594433 216.39438177987796 42.09531586676428 41.25996841301969
497 726.2919237204717 213.48613924817295 42.05438422596895 41.177120923968985
498 721.582301448587 210.88512167616037 42.11591592534564 41.228102437670366
499 718.5348527961465 208.79553449718912 42.21460679727268 41.33668475019438
500 717.2930874587305 207.4177629991418 42.295549528623454 41.44561351423289
501 717.9658416869544 206.91939783199138 42.342834970010486 41.53425912002136
502 721.146997139581 207.842457736248 42.36811204060187 41.601042559619174
503 725.3527101428976 209.649013636987 42.42317330130064 41.67819618076905
504 729.768752092262 211.81703417509584 42.54783445299045 41.813653720086556
505 735.1009513953671 214.0228983143258 42.75029014330413 42.039468890691026
506 739.66664789807 215.7241550233102 43.01583908688544 42.34117542031201
507 743.3825526588399 216.74442814136808 43.30043793720081 42.64282129234193
508 746.0170153291663 217.14965905678758 43.544254138648675 42.8581777111758
509 747.5480797787111 217.13461558650877 43.69067874340987 42.930737214895714
510 748.1462767626684 216.94110928708622 43.71225238721457 42.85012205760215
511 748.2104680584516 216.85233609016922 43.620510982763946 42.66065710937722
512 748.2992545879965 217.1270740471791 43.449360283763376 42.43477575064801
513 748.8745159437698 217.875059229195 43.239930555233585 42.23164591875667
514 750.2671768173589 219.01513013437634 43.033610355242416 42.07789294513474
515 752.6202551184741 220.3099567060553 42.86355722419375 41.97833161490042
516 755.840807789924 221.4379577493493 42.74993421878415 41.92760619191252
517 759.8488340679169 222.1378417192575 42.70203361971889 41.914090162365234
518 763.8990024874533 222.35896448860106 42.719456427710895 41.9241483300815
519 767.5665376205196 222.20398963466326 42.79001612047439 41.95057729988768
520 770.3425936918844 221.7939945579335 42.8883154289795 41.99207078670375
521 771.8218294422602 221.21073210978417 42.98441459344597 42.047993626604125
522 772.2262909335534 220.5327743211198 43.05593845663272 42.11029439878393
523 771.5120203029651 219.8098392383028 43.09177627116993 42.161971987504295
524 769.4800964351928 219.0808294399521 43.09110572246385 42.190255019500924
525 766.8157009803724 218.38269088901984 43.06420300167618 42.19566024929647
526 763.8313232872408 217.75764175476465 43.028097083497286 42.18568006631294
527 760.9847560458957 217.25944269269058 43.00284072996117 42.17248270064735
528 758.6794597737037 216.91386506343505 43.01109963700678 42.177152263763524
529 756.921495383322 216.6822489564942 43.06545931499242 42.21829628152096
530 755.4935887586128 216.49638233146425 43.15461656205207 42.29505201239319
531 754.2105170565787 216.3074938357888 43.25654434828703 42.39234601744084
532 752.974310374437 216.1108665914681 43.353637280543055 42.494722648371514
533 751.6014012023071 215.9732896055142 43.42383458680273 42.58460114311926
534 749.7170990067021 216.02018465933168 43.440065208770214 42.63723171552114
535 746.9788705461822 216.35141223598737 43.39202824534861 42.628178817130355
536 744.5075729913185 217.13000631691355 43.29424222102189 42.55223507464491
537 741.5089442092026 218.1402342315086 43.17598088242299 42.43799023123597
538 738.5501843395388 219.15745537713508 43.04767863354452 42.30807831015606
539 736.0795561172489 219.90285878950525 42.90605241380146 42.16944549032946
540 734.4281307495771 220.10378369538455 42.76155618349669 42.04073979247417
541 733.5659461838363 219.57059299265333 42.64057316416086 41.94818056101368
542 734.6704086794139 218.45330175073977 42.55849742559259 41.89054917307057
543 736.6666833855943 216.83491822801844 42.518500667703144 41.855611925533914
544 739.0131994710962 214.96694737484816 42.51194041347804 41.83361876729854
545 740.8422859723328 213.51007671122684 42.52718194085043 41.8290022757733
546 742.0967949166169 212.5489693065357 42.575977795149356 41.86947501788766
547 742.9159223208278 212.41161364203197 42.662535326238746 41.959990494244146
548 744.0395213339173 213.18701306971028 42.78433290797702 42.086253199432434
549 744.7163553796813 214.94083464673105 42.93231276119931 42.22806298783824
550 745.1724461508551 217.45064491070912 43.096518200822615 42.37290374314524
551 746.0367412036576 220.34809192607474 43.25673795627795 42.509118584746034
552 746.6999306877017 223.26432669909795 43.38322349094659 42.61662155181632
553 746.9131913372476 225.92003280873072 43.461743974036374 42.67813416336161
554 746.7245955609743 228.23964227565432 43.50948981935644 42.6959611667751
555 746.3211503961659 230.31007579091997 43.559368283155614 42.69560250076172
556 745.9266265472003 232.30837489792856 43.63122036877887 42.69743080304308
557 746.098345897807 234.3225992656754 43.733538583832264 42.71161030639071
558 746.5245529948022 236.50653187965963 43.853628434411014 42.71883088695751
559 747.7542920606659 238.86291576695726 43.96518400348038 42.68823574843406
560 748.1240552398677 241.30728526243828 44.03627648176064 42.59051154052238
561 748.5597276084156 243.84596413959557 44.07192706217542 42.44931504482553
562 749.503515381157 246.75960994287763 44.19214414820256 42.474646920119056
563 749.8108082771672 249.45719795557923 44.27610304099982 42.4681884405321
564 749.6545969801203 251.48264335299478 44.31841524954114 42.40352437297453
565 748.9417480466149 252.5140112508673 44.3224682849722 42.26514962398186
566 747.3008548108642 252.4428614527944 44.29239282422702 42.04479817789952
567 745.363001334163 250.9750551758055 44.226335938255374 41.736266654273116
568 742.8499224693575 248.22917815399768 44.125884446439805 41.315072273134454
569 739.4448414575467 244.72449724261895 44.011320526800056 40.830670873038734
570 735.5297501560989 240.7657879905716 43.888307602580035 40.268515950393486
571 764.5888523401087 224.68464779108234 50.36732768566027 47.074746154863625
572 727.7722834253722 245.69788030628607 38.45848034491226 32.81099230274206
573 729.6660495530407 226.57996568735473 42.888522545665246 37.78359558700735
574 728.3885648362831 222.06447111544395 42.3404626442738 36.8200981698009
575 725.9416051452552 216.74252223857607 41.53376945455954 35.59383847060066
576 723.0747371028762 211.71747610386063 40.62907389848332 34.323682204720754
577 724.7558240832477 207.7236856578034 39.79634077890435 33.1549952922913
578 728.2812308910896 205.1913100864189 39.20408499400307 32.23436971579082
579 731.3498372345091 204.41104297216785 38.93531743058011 31.62093558377253
580 729.1662699088295 205.01130978201817 38.96249105678806 31.316446868998174
581 725.8181881453561 206.48683416006216 39.191982726010956 31.259405043272537
582 721.6049835904474 208.36435899646014 39.505090162039636 31.337009298606677
583 717.7732491964895 209.9179509083215 39.78124722462063 31.420999343014877
584 714.5676307711185 211.58249693647045 39.920455241577926 31.407492534542154
585 711.9543411057573 213.10290590323572 39.86606899063547 31.233944159381313
586 709.5544145141337 214.2219904960459 39.620720442803055 30.8868505497198
587 707.0678139210422 214.876562662809 39.237691678383754 30.392186120874303
588 703.9837475003012 215.09642479999286 38.8014854849579 29.81231361423353
589 696.3748737111856 214.8729827737621 38.39921313307593 29.217707611441014
590 689.3131694862234 214.46393658853788 38.089286561349915 28.647513264659352
591 685.3404604583969 213.72140184844827 37.89194708244893 28.098984735839082
592 682.6412741174969 212.51160271726187 37.811586252126304 27.56679448131299
593 679.328222331443 210.93157634051008 37.843220486340186 27.04640045757714
594 675.4848343272876 209.3325781424902 37.96201292738868 26.546866514106885
595 672.1673461130539 207.68850863622836 38.141334951401326 26.153401082250266
596 670.1071662923172 206.13831142066263 38.33993085170584 25.880604824498743
597 668.3008298135037 204.58161653582684 38.51055050120326 25.718420901281508
598 667.2067531981538 202.8700461807235 38.61184206192652 25.587956928165944
599 666.7115647739284 201.04313090065986 38.612368440699115 25.373810589533942
600 666.3101437201716 198.8118831039031 38.516376679889824 25.124000904735514
601 665.6483145314759 196.12739383336867 38.341898150754716 24.80171688053688
602 664.508166522318 193.13499420234587 38.11408232568483 24.42069027870472
603 663.1905744160989 189.990443784681 37.837632037144395 23.99016103893333
604 661.4720010861333 186.919652016524 37.49992684397993 23.48841128893713
605 659.50440860557 183.72800420168008 37.111520291404126 22.952488164024818
606 657.3174239098569 180.3016415915286 36.66382202910026 22.34524951321034
607 654.7091809735415 176.4929609310111 36.1163541751029 21.731989695113104
608 651.4248281344117 172.25393027098087 35.440202077336146 20.92470788550592
609 647.7749522639078 167.25734473147492 34.54372939366459 19.629637642243022
610 643.5258960966395 162.65910438293525 33.63293201587804 18.31674808751791
611 638.2612843807015 158.4009079629484 33.00686411525671 17.508545455463796
612 632.2201597978819 153.60302680240483 32.35267935523299 16.637625934143475
613 625.7876929295567 148.56693390378058 31.719079275825855 15.954360177941545
614 619.715760822018 143.40917906111497 31.30247431139484 15.49825440783832
615 614.3499937763526 138.6415077772475 31.05042351086121 15.162241864557219
616 610.4019245359917 134.59096354920158 30.926908370781536 14.861567087537095
617 609.1496931338372 131.32028452402002 30.950253180425353 14.602366412766147
618 609.2338888737071 129.41360333015876 31.152659955522488 14.400950465086718
619 614.1345966304483 128.7183442498815 31.619162557361804 14.345482641810596
620 616.759524025698 128.80640219916714 32.396434977297844 14.484613463226683
621 615.4857248094645 122.44137226006762 33.038940440104106 14.547599063426778
622 622.5707179486027 138.78946965427608 35.22502417174042 15.331371526775639
623 622.8143471480739 133.09917807046602 36.406724504969326 15.779302794439818
624 625.0168968544609 134.77252924468047 38.125290519145885 16.648237662690367
625 627.044681936296 136.55344116268012 40.03475452322223 17.64958433530091
626 628.6189113939256 138.17758212901035 41.98118487323845 18.626213185676782
627 628.6897147770052 139.1679372768544 44.076032099925534 19.829068630068324
628 629.815743687501 143.6345632023302 45.87735581770605 20.782619348839642
629 631.1834175764311 147.79009914032815 47.44769520694284 21.41986651714837
630 631.0605768068739 150.9481149915366 48.81577150322473 21.899162452752012
631 631.432495523619 152.81630891244112 49.97762652914448 22.304808349584782
632 631.6722170208777 153.89213906911658 50.92997954193134 22.635670341978024
633 631.0620844212433 155.11783599720155 51.54726468334836 22.822151787206312
634 630.0096375291687 156.98383517644533 51.67245092266007 22.765047733806313
635 629.1261536288849 158.71826350527863 51.35773848623951 22.517707704396148
636 628.9921098080009 160.39331513899697 50.567604269930435 22.037099077182567
637 629.4700317151281 162.0083906109798 49.35231402632001 21.3205249395232
638 630.1027679258945 163.39227267762504 47.858088709931955 20.421826903860623
639 630.4738657278228 164.4615752649914 46.23506311930216 19.39519301666356
640 630.0999218788628 165.31947497627175 44.68791330191701 18.355740737470956
641 628.9201991201638 166.62304557950668 43.17606483368256 17.26021386177901
642 626.976885099209 168.40467770054946 42.124645951828 16.351607791790865
643 623.9851150984252 171.2091463148315 41.77169823721378 15.802825625849126
644 621.231044494119 175.68266703567377 42.25186153467895 15.733444115656816
645 624.9319783222469 180.60713887718742 42.27462099644324 15.081996837242604
646 628.2959885285462 185.39990364659212 42.91345545401776 14.982127675121754
647 630.8699189739953 185.6077343469097 36.914569499672915 12.905007318452032
