 Trunk Shoulder Elbow Wrist
0 644.1487726868761 278.0461712302545 21.693816639214216 10.904718743212813
1 641.7298377390041 237.36314155867504 23.98679130929065 9.850121243126923
2 641.3993260215549 221.36369780900196 25.40737724627162 9.1938792527366
3 640.9399957335357 197.52416235346905 28.09400959431437 11.361671238232987
4 641.5479216833231 191.00801574871525 29.538868791816203 13.52646205715932
5 642.2987108702682 186.7307937121195 31.12635046266505 16.025839509917763
6 642.5462275702527 172.82383816475559 32.88505974749502 17.495553607120684
7 644.2557362722115 184.10276915271038 32.95862765788232 17.978003490015517
8 644.2952076941888 172.08309309718305 34.44321048497598 21.275819134858022
9 644.1460080928414 167.0983973478045 34.7447296191529 21.587530552014044
10 643.3828456116147 161.5503559552589 34.56911294042736 20.80322806867366
11 642.082688195577 155.55531876839865 34.0957149100826 19.337618028190228
12 639.8928003220407 149.2350664912188 33.51407315360469 17.61833343165277
13 640.2085760784706 142.82798540545235 32.89725005354501 16.189345156592207
14 640.9456484706811 136.2956445562666 32.414008690213784 15.057502998428374
15 642.3969787134391 130.48528499572208 32.063524834854015 13.88270374594245
16 643.2213682562336 126.59774280244379 31.89544260266007 13.663870371552783
17 643.4228460727172 122.15247342332253 31.892068930117837 13.576392992445925
18 642.8899880468597 117.80903013388179 32.05498810024014 13.740234477500078
19 641.970436914795 113.24546580848858 32.42736107890392 14.727748830661831
20 641.016659380724 108.59857987138389 32.92802138695125 15.727194632500899
21 640.1562158874524 104.98786884071453 33.398212232375755 16.27330620939162
22 639.43670211811 101.23528813406658 33.88516596904332 16.84121597101992
23 638.9088334762143 97.65279356337052 34.375450621656185 17.42144183435628
24 638.490055607386 93.98466329329713 34.815423935437046 18.067867803976906
25 637.7411098766746 90.01860617656261 35.28298040503794 18.79928690124334
26 636.2530106062951 86.92705619016131 35.72879842122742 19.44163717637871
27 633.7586865797794 88.02294744511666 36.06592078216144 19.680543041119194
28 630.4169587498039 89.53540992437271 36.383906781149555 20.109439311646373
29 627.1708666479316 91.32939165542884 36.62199731800525 20.447027020569514
30 625.062971394915 92.96718049887185 36.79616541685084 20.739145653890024
31 623.9887684773474 94.36673801209446 36.91455125496368 20.966171209674762
32 623.9242536056989 95.2739498863568 37.098076667624014 21.731804028975468
33 624.7920198738256 95.99906781656463 37.354764275783516 22.704673789419065
34 626.4743614786255 96.88291444959638 37.62789615178237 23.717907137037407
35 628.5992464413572 98.25388301866602 38.001254582381435 24.70760560458426
36 630.7969322418517 100.14804203152923 38.469570155632915 25.75851126325925
37 633.4810260383517 102.27932189079651 39.00502078836879 26.865105816399186
38 636.4257482543297 104.56736234406681 39.53143526958059 27.869280290389444
39 639.4723388166516 107.00148967346922 39.94786133462321 28.566343359705023
40 642.4182850422607 108.83167995169471 40.282924951206304 29.133892079138388
41 644.935435566474 110.13091892009614 40.5218491088303 29.56405874311001
42 647.1215903664487 111.10586408485733 40.671401822995165 29.871246590091868
43 649.1541101325136 111.7448182943223 40.742023352738954 30.08947255076262
44 650.7948961887136 112.15637914621769 40.731869766594215 30.226590195899345
45 651.7331275534531 112.266465646301 40.596839019416784 30.176265810855522
46 652.1672336947713 112.33006272415558 40.36606612530169 29.969843832726088
47 652.5299830982093 112.22665470691136 40.07731840955738 29.675380499531176
48 653.3976313502751 112.11119345144009 39.76465517834669 29.37530671089884
49 654.9530877629173 111.89138909759407 39.44787094623345 29.126234021175748
50 656.8882214759826 111.46057627268554 39.119017468131844 28.8897353701279
51 658.7892880761839 110.68961597564892 38.7701819363627 28.60934264818751
52 660.2905438109534 109.58953246632768 38.44131589733885 28.32846684408449
53 661.1052091282438 108.47406478199191 38.198523821883605 28.135398754793975
54 661.2088678844334 107.44400283205746 38.098369654894384 28.14147977433892
55 660.843345415185 106.56389466458025 38.159469796880806 28.379912008284165
56 657.2126642559693 111.33302005875017 38.243240565569394 28.775551006648776
57 662.6382254326976 100.00350032729759 38.813037693689246 29.394536681410834
58 659.5223134147832 105.05315087499555 39.105782309770724 30.029050525741887
59 658.9965905605637 104.91023026888483 39.561982893041765 30.704161367787886
60 658.246339430865 104.48550970711888 40.04827509555185 31.385758423796158
61 659.7563106033972 103.96790480454096 40.58870607257517 32.157781249637054
62 661.3821156238992 103.54376685227889 41.18399387920715 33.040383977939754
63 662.6792390072626 103.17837582324991 41.80755971400987 34.0075480755535
64 665.1632079458218 103.84713718602073 42.37498349630516 34.92309921582918
65 667.7235767941268 105.18174147804805 42.886272459618894 35.82279726664925
66 670.0942970527309 106.90949989202768 43.3227524531789 36.685437189980654
67 672.1552522856477 108.51624544374535 43.66012015370125 37.43382699881788
68 675.07622632685 109.58473681893359 43.90026674785398 38.04305571810795
69 678.1220406010109 110.16798242439 44.04529086834983 38.49404318467374
70 681.0595480707954 110.07432725164486 44.13269873393117 38.858071316837375
71 683.8234010974229 109.851203654239 44.158978170090656 39.135107793853216
72 685.705882273818 109.59293445355681 44.14635828851397 39.37282341902886
73 687.1312810998536 109.27036675989605 44.105198343456074 39.586124450002785
74 688.7037619052313 108.76027769038372 44.031950415150455 39.76511203622035
75 688.6720084309724 108.07783967228471 43.90999504575993 39.88360163252098
76 687.5463991561068 107.24869692373488 43.71925877116636 39.89819580277607
77 686.3660354364513 106.24799113194398 43.44119271610777 39.79299346179366
78 685.9385111000879 105.11508795226457 43.09397388667949 39.56906529887599
79 686.5873710856348 103.84784909087237 42.70715922210888 39.2649183127866
80 687.9526865134758 102.45220288331754 42.31048310351328 38.9399018554818
81 689.5697502360787 101.07212870964847 41.92430260222258 38.642911649474314
82 691.219137622801 99.94551913986216 41.57027306125624 38.40927920606235
83 692.7038114603153 98.96965208314509 41.29371812870556 38.28990201632113
84 693.8372336530371 98.33454646443488 41.12815634970781 38.30063896115094
85 694.6180538312015 98.15035111869065 41.08836463488951 38.42824761128669
86 695.1603334646798 98.30918098034157 41.16511594327416 38.64121797663492
87 702.5490243219496 101.44367993800597 44.30969621130735 42.20084467979214
88 686.2092703425764 101.54838301238293 37.90799688788141 35.09590732660552
89 697.8925306483442 96.38821895745609 41.80276063015937 39.2806000880798
90 697.6073230006715 99.44852900140111 41.83170647529847 39.44229473039219
91 698.6435454905046 99.23529889878482 42.084695477327514 39.76666342667273
92 699.0229674013556 99.55577052883326 42.16676958470921 39.938208212468325
93 699.7020074358416 99.95370269665142 42.189187321041345 40.02954970186623
94 700.7169032610418 100.39239211531729 42.16865123150652 40.066460228829904
95 701.596698843781 100.8056175129417 42.13338050923748 40.07070127945697
96 701.6741524297623 101.24322087311113 42.10401273917553 40.06286471512142
97 700.4709009066213 101.71269662990937 42.08978507968366 40.055793545399034
98 698.5435835259673 102.13325842428313 42.09353392387707 40.0684073605819
99 695.8552500783898 102.35079918486348 42.104246659256724 40.09608557781
100 692.5897225671781 102.21573923823304 42.10094689661271 40.10512675933515
101 689.3890865556209 101.66662163003777 42.066992330747404 40.064584832241174
102 686.7875029497671 100.77650836430391 41.99784076751528 39.97306908815693
103 684.8642584473838 99.7061831716201 41.900029991840384 39.85444516539463
104 683.589261582674 98.62739567112554 41.78478947947859 39.730408526343865
105 683.0979410323034 97.67348329167947 41.66362795503156 39.61201935249912
106 683.4403216620291 96.94519995795187 41.54989047642045 39.51026401068326
107 684.5295386704477 96.52170446235631 41.45844068407281 39.43534739772015
108 686.1514279919561 96.43234394157659 41.3989392587574 39.386115797353334
109 688.0592880590577 96.62038508768961 41.3711685171447 39.35377416768867
110 690.2129517787579 96.96190474581036 41.36646570724807 39.33308293427858
111 692.0655808215263 97.33696007675279 41.3729739765966 39.32004129124056
112 693.2604433922158 97.67756399444846 41.382502615434916 39.30994891878938
113 693.8469706258098 97.97846530854686 41.39579224295803 39.30923497009957
114 694.0830886954827 98.28279478050605 41.421348611363214 39.33118828309893
115 694.216785136067 98.61516691350091 41.46301117393798 39.3687294626933
116 694.3207988758196 98.89720191089937 41.50627500554789 39.38149458705219
117 694.3028277511361 98.96351824668034 41.530038771921916 39.3455563843093
118 693.9836020487672 98.70727476870387 41.528651448152665 39.29190317099018
119 694.065762833844 98.20290754379093 41.51418476426476 39.272707552289255
120 693.584387475949 97.66736824644758 41.505937431680415 39.30666677618225
121 692.6694824464827 97.32537352050933 41.52753227363831 39.39963930449684
122 691.9635015828584 97.30461256015978 41.60013249829559 39.56130921479637
123 691.3280953205107 97.61226655838561 41.73384990643033 39.7889505463981
124 690.8059326739685 98.154965109535 41.91938063406426 40.06097993907113
125 690.3123926799459 98.77076794869996 42.12047601605015 40.33614100225358
126 689.8114324916755 99.30358318356534 42.29125876496939 40.572770478903315
127 689.3424296969081 99.67840264063814 42.40179556145725 40.74407096322828
128 688.9468925744767 99.91142636631271 42.43876915916634 40.8205827116483
129 688.5916181278845 100.1001601370521 42.40606813778944 40.782800637516054
130 688.1886401238902 100.39053078080704 42.32797366841191 40.639377314631254
131 687.6197256565251 100.87001220737376 42.22974122622966 40.3950618509158
132 686.7445043360958 101.49183671111156 42.12456039867837 40.05048209789345
133 685.4247006664648 102.1160924437126 42.02676642510421 39.65641287541811
134 683.686556438849 102.57484257611083 41.95181224657098 39.3017959032424
135 681.4687446333539 102.72107930510519 41.9014666591922 39.05118526278365
136 678.9853703677677 102.50244086811742 41.86467954497206 38.93199063799733
137 677.629293948685 102.02534677813786 41.83598355394995 38.947484495072885
138 677.9899996192579 101.53745678423556 41.829537292161575 39.09086866475078
139 679.506943799646 101.30560254766843 41.87168658250814 39.348131857619094
140 681.1234463536663 101.47193878433441 41.97640852191503 39.68144729032208
141 681.8772300124615 101.97486118756919 42.12802684994257 40.0248638089982
142 682.0010435437814 102.56699272434777 42.28584073803759 40.30617899508339
143 681.6755955673353 103.02109441657298 42.41790472830257 40.477793935645636
144 681.6038744802296 103.34958281595084 42.53230467683487 40.61162480669827
145 682.4629554564028 103.86324703466195 42.65414681275506 40.74075870899286
146 684.8595865621774 104.3381969876357 42.79243257364042 40.82090426231521
147 688.2092775824032 105.05734166309854 42.951497278088716 40.91575299837453
148 691.8524148067045 106.08733905151203 43.15875364992888 41.052669294625275
149 695.0563404979727 107.33250920030345 43.45421077930685 41.55917310824566
150 697.0792760988968 108.56943923335017 43.81985481711987 42.159915941797735
151 697.7195696692527 109.47263903797246 44.189960783631605 42.542264187785726
152 697.652054664637 109.68280736646753 44.4710329671829 42.38201001322291
153 696.8507484203672 109.12838459856754 44.63450196783888 41.56037229640397
154 695.6418198063952 107.97820000556213 44.722030940816715 40.62727234700795
155 694.5823174364059 106.5229388179141 44.75734512357096 39.52110098298352
156 694.2154113991448 105.07831330444589 44.7498857307405 38.45248043347427
157 694.5050759578155 103.96670110416422 44.71661812151808 37.70132315760415
158 695.6061631981149 103.49325867709423 44.69444353740714 37.50412532384245
159 697.5480872192899 103.81532931055733 44.7111543344113 37.924651573394705
160 699.8199075405561 104.84887000070701 44.765487679631704 38.782962783387596
161 702.1431587695413 106.3988961755884 44.852321277845114 39.842604248774215
162 704.0914770363983 108.3339580282296 44.977811712599156 40.97003056367074
163 705.4151452897311 110.60024994618342 45.14491840368324 42.11220211263896
164 706.0283036366976 113.07881798885875 45.328602480412236 43.16032242468463
165 706.2687694003705 115.42185557139551 45.49203891426964 44.3115019834611
166 706.11438581354 117.29979076306049 45.55966858965227 45.211522578773305
167 705.0615156098988 118.69230106735438 45.50144544135929 45.664132665699476
168 703.4611438574018 119.78256069933879 45.33461806417833 45.65932963332471
169 702.2510314041739 120.77745211972695 45.103410981067434 45.582197931460534
170 701.8491081366325 121.7265791497963 44.80163267125176 45.15845733292351
171 702.2651949190601 122.57925527941507 44.45705935062764 44.46442510810834
172 703.2510867241843 123.29247650151112 44.09274475771705 43.56434863174082
173 704.4219699316825 123.86540980445496 43.728657044514826 42.553793796311076
174 705.594649300064 124.32447386329599 43.38030959117698 41.51464865613106
175 707.0190037944561 124.71323787652916 43.05659692574635 40.45482816689646
176 708.1337088820558 125.09452519084735 42.759013016627264 39.38587175567175
177 708.4199968423968 125.50916060000652 42.46965586823629 38.37675448587637
178 707.661023149645 125.94984438574535 42.156973199974345 37.50244823093836
179 705.977586345801 126.40260832645794 41.81042510797317 36.8110855689115
180 703.6998316602716 126.87144197684698 41.44625384016278 36.28950370897793
181 701.4032479510462 127.3757676376838 41.086882816317846 35.869038255016754
182 699.6497450797734 127.95818454946091 40.755432986023095 35.51662016709637
183 704.1737515901364 85.16795576761028 36.69230286729588 27.79552633555134
184 693.7918151060437 167.9774651049275 43.5429473212078 40.33307789931597
185 699.9578915323526 131.24047657862118 40.084010975580206 35.56524511462186
186 702.3020218047154 131.90190996162536 39.994574982097745 35.999940192492744
187 704.4946683103216 133.5018551026287 39.93486511022631 36.631960923230224
188 706.1150854802867 135.5070429802405 39.92381824148594 37.444135048925304
189 706.83936857555 137.80573066323424 39.9780674402131 38.45388620054466
190 706.4381279692369 140.19922624379853 40.09002041194199 39.60639496153823
191 704.3677818171549 142.44086667212923 40.229082369232735 40.733499374653505
192 700.4134328473222 144.32004990918705 40.34638327127661 41.59848709699239
193 695.4750140087413 145.70452737857204 40.37825849319933 42.03262555883935
194 690.4787168307286 146.5777866692586 40.25761526225113 42.0312874052219
195 686.1169902650428 147.03901473263954 39.987766183242634 41.60233408124138
196 682.8156953368665 147.54494592125897 39.61717637545762 40.65160836188255
197 680.2786314933926 148.0796178263156 39.240554888148694 39.21595804707716
198 678.9655644202762 148.70794569623428 38.92263251276389 37.50963411312802
199 679.3715531280857 149.65756668826566 38.67886581894353 35.86925440515647
200 682.0193917974827 150.90216076717118 38.52176709722845 34.470376969914184
201 686.4707295476717 152.38680526090926 38.42325158087023 33.42137919506543
202 692.4810610011415 154.11259320018115 38.375946353089674 32.801097740322305
203 700.3791186964056 156.10885263922603 38.38533255853549 32.6705920348035
204 709.6387338571227 158.28074604150265 38.42610535746181 32.86444015321436
205 719.1394872797664 160.3305762218582 38.42201672631789 33.0922364949939
206 728.187350201215 162.12528759310382 38.35572334838104 33.09088147995876
207 735.9947303348985 163.83181655475227 38.277084226750254 32.97372622673996
208 742.3888397370213 165.69618898761527 38.247660167944204 33.011118502863425
209 747.048121816637 167.8363080224668 38.292897482573856 33.36182073019136
210 750.363229706529 170.22188678934472 38.38693435242136 33.956048370301
211 752.5834524595496 172.62009982242702 38.47964625773258 34.64039181240757
212 754.0166109039292 174.89489212880508 38.53997761679752 35.34402193198897
213 755.582335716155 177.11235283804334 38.576277574222324 36.070732441138475
214 758.40594272179 179.40714398492224 38.606157985841996 36.79554916289417
215 762.221610309381 181.81248253932966 38.6384421708147 37.46289818844742
216 766.3814602421738 184.37604314603104 38.67136960573841 38.032712842306516
217 770.1569948698642 187.1265719325548 38.69120895577346 38.49977583361118
218 773.3492238757409 189.95776309076334 38.676278139129316 38.85868423808701
219 776.1242370817416 192.69007343463622 38.613603493706705 39.060020119681525
220 778.7622654495353 195.24438040277417 38.51414231462267 39.022008283818494
221 781.4392973698643 197.6843443777799 38.40988765371786 38.72132357327574
222 784.5217308531453 200.05203756360996 38.33590086201806 38.2429057264018
223 787.2208890830908 202.25172723948495 38.30521927774324 37.655648800988736
224 789.0001348758317 204.08463321756057 38.29544569298625 36.934454324246225
225 789.8591523071611 205.4693547311746 38.282265985192296 36.09763693981023
226 790.3080764780424 206.5087713394644 38.250806791976146 35.25362474062988
227 792.5122036410123 207.38142236800206 38.19752611632664 34.443235191603456
228 793.8945286758701 208.21297879570696 38.11328065351992 33.614319974842154
229 794.6887956275124 209.25039932487056 38.014198845951825 32.825730214143235
230 796.5428270083537 211.01130430572698 37.98390042821362 32.40701108805606
231 798.4054139850784 213.94236176651384 38.126322807390935 32.63695422864352
232 801.0631558026636 217.97072511518203 38.449672610481784 33.466959543098845
233 804.803069185354 222.5735759617698 38.8489606009413 34.55417758118884
234 808.9964942746966 227.17875854735186 39.202070137443236 35.65494712797174
235 812.8287500858232 231.50583538163986 39.44371903352568 36.61168280529551
236 816.2180665104336 235.66169851555202 39.5746944666543 37.411802275655866
237 819.5231451530273 239.94463128850865 39.6387558667574 38.08167350102887
238 822.729104428358 244.64632418338152 39.723059764903034 38.708328381428345
239 829.0381429280424 249.86350244408513 39.91422696156201 39.38319978149352
240 836.412894429956 255.2273829584265 40.21327462126512 40.0809135864461
241 844.1739403329431 260.0677140468127 40.545682395494 40.652627692974185
242 852.4209337558644 263.9492743306771 40.845237298549684 40.92046943385993
243 860.5321874928484 266.8144274455297 41.08742030481092 40.79230891499637
244 876.2978464647266 386.0450390156338 46.16027978331431 44.98231136245381
245 914.064549872716 128.30518892519456 36.81496657981003 30.898098856469076
246 881.0154059495585 298.44266679570615 41.048928730072944 38.47158388247387
247 886.9437795508926 269.3336217573454 41.553493624199454 38.00588366785272
248 888.8043730074011 276.5183793426644 41.2130858581669 36.6692598641561
249 896.1327157625518 273.12589574683466 41.05138482751273 35.59406700870331
250 904.0311906258586 269.67214940383735 40.79343024961969 34.54087600287626
251 913.2303450141306 266.02173824732887 40.59375298690021 33.712372579117336
252 923.2465540828692 264.1710690104698 40.48832434067432 33.06245379232873
253 932.344466522085 263.7909462086378 40.40551173444771 32.493025472589984
254 938.8324267816236 264.57739277804467 40.30291551497492 31.91097661189135
255 942.1090407945373 266.4073141749119 40.224419141770774 31.43156677195822
256 942.6228036059591 268.96602201955847 40.19831056071912 31.183453751594545
257 941.3235547110584 272.01221966424595 40.22528214060912 31.19279882104694
258 939.3408855763719 275.56999876589686 40.29202009619018 31.370010914908995
259 937.8859552372027 279.61609978870024 40.38188958132051 31.648480795044016
260 937.7914092540045 283.9809470497809 40.52547827108168 32.096282435852736
261 938.9662815925309 288.4509202939432 40.68556636628362 32.6905427070067
262 940.5908636542189 292.8053239969254 40.825201347225814 33.33014413752102
263 942.4477138023533 296.8078114858793 40.94347941020598 33.897561591498985
264 944.8446570207607 300.21165182197774 41.04483812018033 34.357319754672254
265 947.4047812675894 303.1365339072655 41.170094654260815 34.913334266085165
266 950.3187909511707 305.8537394168086 41.3901100834202 35.92032018843905
267 953.7375297097572 308.33449187643424 41.59557831409305 36.81035895957469
268 957.9238223963415 310.536124187538 41.770724451027 37.49634455188329
269 962.7787153735277 312.1655451963979 41.903548317146985 37.947438885922836
270 967.9387550578381 313.0933673197462 42.00995939383739 38.205763578841896
271 973.9587426770554 313.56482904677705 42.13390993398992 38.32832815158651
272 979.6371337262485 313.96027187495844 42.30772108339987 38.33047383704064
273 985.2708632889724 314.46386055286956 42.51436887261059 38.162905811243704
274 991.0286517117623 315.4046864405123 42.736537869516006 37.7579409386857
275 996.6473243544747 316.58616566748816 42.955084737207535 37.266521007963306
276 1001.7478634358295 317.7873673222252 43.16062197183005 36.82529422526055
277 1005.92466122712 318.66471259854643 43.33292061088183 36.46135341615814
278 1008.8523058290994 318.89850308909007 43.46276767375555 36.15288858488782
279 1010.6975508102214 318.5673446967179 43.572549629159305 35.92189920863823
280 1012.0277405311323 318.23927877268767 43.700868985255546 35.8094416240515
281 1013.5607913005001 318.50149798549154 43.873039057302215 35.81361596167084
282 1016.4075319641388 319.4256989494289 44.08174994764367 35.918166879395436
283 1020.8658585579452 320.64519039617096 44.29773737840614 36.14025435076626
284 1025.907235735496 321.7548238949106 44.50620097765358 36.50243623559596
285 1029.679691680998 322.78372621422443 44.71173811136997 36.964791296242005
286 1030.8618746894476 323.81535894494874 44.93693697907548 37.459360525094006
287 1029.9358017571997 324.88458205480555 45.225918496240105 37.90485606596847
288 1028.6304515653294 326.2592928033015 45.376882514877906 38.59782969467599
289 1028.6152967703379 327.9418400545289 45.56058327024967 39.19891574034842
290 1031.1173684053213 329.57223477614076 45.75155104034511 39.6255389520758
291 1035.0093480485843 330.7469767650161 45.91241660245701 39.880131464778444
292 1039.0641139159247 331.31456519585095 46.01806624173502 39.979256885265386
293 1042.4882807337528 331.4156617804727 46.06937251315254 39.876845595616814
294 1045.9801324501047 331.6040657323167 46.093477303155495 39.5455193152762
295 1048.5570742527811 332.5201732981629 46.13596870223897 39.0858691291601
296 1049.9952449752002 334.24657440843407 46.239763846308165 38.69007833500871
297 1051.8063430914178 336.5298236366305 46.39549856514835 38.42702954298472
298 1054.7264270361363 338.6362403037442 46.521459945649006 38.121689246256096
299 1059.1532045754925 339.807206897089 46.5181122245036 37.64046203395155
300 1063.7969336561118 339.72569429610485 46.35031342597705 37.18467146208715
301 1069.300336389512 338.56179614888714 46.16739880983825 36.79386584696332
302 1074.478631257331 336.98998956769054 46.026514083915025 36.543467670121345
303 1078.2284409083118 335.66288412101113 45.92992628718686 36.376891386009305
304 1081.7678753592954 335.13920836285905 45.88728287061389 36.2662772119833
305 1083.62042988068 335.6515636319148 45.893989098478066 36.26993950174675
306 1083.9829222900516 336.9921974514166 45.97138264988274 36.46772504396404
307 1083.0681001688183 338.58263464933833 46.082955986681725 36.8723674571252
308 1081.9728099917518 339.7171305794542 46.178074706272355 37.43377138108518
309 1080.3146201934478 339.94954498813553 46.218180087924964 38.09516208542159
310 1076.5587428624297 339.3736935574494 46.174564577977996 39.010155002574244
311 1071.1673610674889 338.5646446423867 46.1683426566062 39.882577524874044
312 1065.2920985105422 338.09381666384735 46.24404180149392 40.59846156927942
313 1060.773966202361 338.137328118836 46.39924201023739 41.06530814830135
314 1058.6825418875542 338.4627892969185 46.59673472860651 41.285877809118034
315 1058.782810717018 338.702265721309 46.79365166542949 41.34422344935602
316 1060.2766716873168 338.68056397928973 46.96288969333265 41.33017260114683
317 1062.4762567693965 338.62990153230845 47.10533877034953 41.297906110326096
318 1067.0053192106448 339.106955976641 47.2401328095907 41.26526369593586
319 1070.7427139175484 340.5815749432373 47.383368543730015 41.21882705263083
320 1073.2078747973155 343.01361724665503 47.54171017117267 41.135007360825774
321 1074.3703883912005 345.75764891388746 47.65844505618774 40.954673228100006
322 1074.5040405456696 347.8469230394821 47.716107630742265 40.59251324300719
323 1074.2720258810655 348.4575285879647 47.66834563069576 39.9993652133706
324 1074.9217520999828 347.3462181804197 47.561636323265994 39.17531832138152
325 1077.4126628015888 344.9517202122028 47.379648881146906 38.30575253520964
326 1081.0052099233271 342.1421206099884 47.1265826762032 37.69668746400058
327 1083.6838605450362 339.8722587940174 46.95287832741844 37.29664445386656
328 1084.0472846474609 338.82522724499256 46.91446258656957 37.219222209362854
329 1082.0498507438906 339.1593846554914 46.972242027048004 37.47039216760764
330 1078.4071190796813 340.468551172558 47.10443690392825 37.945639687230674
331 1074.2484438082474 341.9794280200892 47.20280429767953 38.64385356574942
332 1072.6993909257899 342.9367593573332 47.2360309963303 39.41986467038821
333 1072.1929906935513 343.0179808452807 47.22649795975747 40.14300393828303
334 1071.6838044001263 342.48626212580484 47.20025747957614 40.803516737613506
335 1070.8008978453654 341.9049672938377 47.1927912286912 41.4206027733378
336 1069.4510355351704 341.71663499886165 47.22513087530858 42.01978138383075
337 1067.8980983117594 341.97928967136977 47.29187705270788 42.60382431818651
338 1067.7032369733383 342.3225286388613 47.36172161019852 43.120402222878816
339 1068.3983172628132 342.1677503793828 47.39258586188016 43.49075324722723
340 1069.8885193982042 341.0820743928799 47.35954467488461 43.684154966955504
341 1071.8478220054053 339.0310499161538 47.273483310937394 43.711548629757836
342 1074.2144282983584 336.3891491379438 47.16691276956333 43.55574413292668
343 1076.74715841221 333.7446730063963 47.06689939267862 43.170054622794495
344 1078.2787668217607 331.6798688163126 46.9876523646006 42.53738676724571
345 1078.8414149499515 330.6018601454508 46.93505001842173 41.70028029478608
346 1079.1295948536692 330.57383592391926 46.90860624136416 40.75736722507992
347 1079.8976780978674 331.2770335951973 46.907106781798795 39.84155246338859
348 1081.5542938509986 332.2681742004628 46.93974761161731 39.05428022532468
349 1083.8012944571992 333.334567039604 47.029247210437774 38.39909317075258
350 1085.617540784645 334.67230422364065 47.15601585874472 37.936008470050545
351 1086.0316206353975 336.85895492872584 47.375675121747754 37.62628528694245
352 1085.0490939153606 340.52551590315716 47.75691872845217 37.50915897797323
353 1083.8829662408789 345.81422715219503 48.30817701230095 37.70569498021628
354 1084.158464727377 352.024105653669 48.96810753575972 38.23204240345878
355 1086.4461467445146 357.7089412093636 49.599360321399494 38.972404423087845
356 1089.8257313743038 361.24457964837836 49.98254837845915 39.84805340627562
357 1093.0727704038175 361.7575949492669 50.00829941701354 40.69161589239413
358 1096.5082130441635 359.68639967474536 49.77763626081838 41.34592871015022
359 1099.1238587257103 356.27134701448716 49.40718725432029 41.932429409618855
360 1100.725320233997 352.6212867677122 48.99344830614234 42.49264172659274
361 1101.6947164776277 349.32188139059645 48.58725463682936 42.94575377725961
362 1102.4650581308274 346.5457408562921 48.21209445887194 43.20227864067595
363 1103.413104108523 344.2158291780817 47.87723786141495 43.20195116080352
364 1104.547634406924 342.1433085066007 47.58590613227344 42.893466324988545
365 1105.5456538362935 340.2042029769028 47.34763373876667 42.250405723090566
366 1105.458827398731 338.43209577030115 47.183521208582384 41.31408680054238
367 1106.0566777909173 336.9482055815501 47.116168252036545 40.23526845153138
368 1105.3142804250444 335.7899117345719 47.147110861052454 39.25266423916337
369 1101.8918217769058 334.8166865355435 47.24651870941978 38.59935195385849
370 1096.4075292861778 333.8336291220873 47.3759502376146 38.42136927643042
371 1090.3719980500814 332.75911014415425 47.508593421714586 38.7064684140372
372 1085.2864343098674 331.63695634692004 47.62134288870438 39.25256449220977
373 1081.791028880058 330.5753268050935 47.68979741291197 39.77279516137123
374 1079.8364203075992 329.7841698870956 47.70117637615447 40.07410459174505
375 1079.2645478559014 329.6145588863795 47.67683958949149 40.140361886011206
376 1079.8803639342277 330.3363928815313 47.659717263075834 40.0856864622644
377 1081.465953085741 331.81804551435897 47.673743920995875 40.02866424085285
378 1084.1072378046385 333.55912163475546 47.70829616839816 40.006495658634584
379 1087.9375209976336 335.03788872110306 47.740240414503845 39.99642759112988
380 1091.9944043571827 335.9653152640304 47.75777746096971 39.99184446705493
381 1095.7065313631974 336.3346084341341 47.76574924273654 40.02275692712463
382 1098.8659552594413 336.36202650113205 47.77522826686966 40.094406766939755
383 1100.836008349652 336.33529609398295 47.79152513822155 40.1536098519204
384 1101.2031067895823 336.4442521884189 47.81333364346981 40.14253915443971
385 1099.8557262082736 336.6874416903781 47.83771984112831 40.05746378892588
386 1097.3388814070076 336.8721791698955 47.85839687324365 39.927315919224874
387 1093.856811628686 336.744221909508 47.86557611270677 39.77042595027482
388 1089.8410255549961 336.1756640772774 47.85502660932835 39.60755868708314
389 1086.1750551033285 335.3294003807989 47.828362915914155 39.468140859583215
390 1082.4444909066144 334.3237328783437 47.78814395362866 39.372908231358394
391 1079.218775891427 333.4794607497948 47.74527821599452 39.34506387621362
392 1077.025976315443 333.11895480557365 47.71937996709289 39.409641858057476
393 1076.140283071473 333.4072227397438 47.72459069915099 39.56055581616626
394 1076.5481575200834 334.32655257862797 47.76594777046246 39.75631977958833
395 1077.8798111595522 335.74197548290516 47.84218606441797 39.95878704315202
396 1079.4153900517335 337.43613115672474 47.9403320532612 40.15329031241772
397 1080.4686672170537 339.12531078129734 48.03508790846031 40.31689488982918
398 1080.8284774398153 340.5663419280056 48.10178386902621 40.404386994377425
399 1080.730091272045 341.67167499485043 48.13046769444626 40.39208886865245
400 1080.4744120882112 342.45144743280025 48.12881878360018 40.31829326092852
401 1080.2217324892258 342.90033441050025 48.114650420247614 40.25106441379777
402 1079.973964186522 342.97147657771444 48.100278734538705 40.199293883609364
403 1079.4617827334175 342.58458017901364 48.07930033206512 40.10563549240553
404 1078.2682636130974 341.6960272481329 48.03806391240626 39.94463829927405
405 1076.4097149207716 340.4234385298311 47.98008194636446 39.7621543357928
406 1074.5079957647283 339.05602229455326 47.92725334152836 39.62938805882677
407 1073.053997554862 337.91295590681625 47.89903740945957 39.600461191253835
408 1071.904240547188 337.18134178703195 47.895699758356045 39.67573250470651
409 1070.8070503279757 336.8380548066115 47.899738997552156 39.78650165105356
410 1069.9010572922307 336.7340771789711 47.89499688919625 39.855617229188375
411 1069.452399543268 336.7784477642606 47.88239215336105 39.87597602668887
412 1069.568675239034 337.01027612559335 47.87420477878374 39.890557045573516
413 1070.2736865202594 337.5308787221077 47.88209097471626 39.91494643160631
414 1071.5366085321045 338.41738284484285 47.913591654970986 39.92476272161389
415 1073.196017327666 339.6583278480924 47.96848513468284 39.89681734723008
416 1075.0317000339492 341.11410453980227 48.034642290797315 39.836395606902265
417 1076.8624012334565 342.53890895998165 48.094254590752826 39.779044726008166
418 1078.4794737648047 343.6680347364028 48.135636904858494 39.75992827060107
419 1079.7768361663195 344.29425713530827 48.15697700450009 39.78125193622198
420 1080.9846015277067 344.32453415410436 48.16365967125277 39.83322533049978
421 1082.1904932409955 343.8232955800644 48.16264003230139 39.90889245576647
422 1082.712280070471 342.9667607161008 48.154955764496506 39.98205414029371
423 1081.791237242472 341.93212482100313 48.138083537200366 40.03992253384587
424 1079.7259907258426 340.81728308761024 48.11293990555693 40.10798110611916
425 1077.6040368107317 339.6556960376929 48.08186371917304 40.18251855469173
426 1076.1650596306079 338.4988822643459 48.045204039402186 40.20812938692744
427 1075.319431962661 337.4503934472737 48.005616985678536 40.15579975422163
428 1074.5779687728377 336.64360992105884 47.973433265624344 40.06219570931035
429 1073.620966293545 336.2011218324831 47.95951098355044 39.97218323815877
430 1072.8445908045844 336.1984074460373 47.96292606018669 39.88749349330885
431 1072.4758032713182 336.6664158474227 47.97226700883477 39.795336356424016
432 1072.030621133085 337.58106419457545 47.98167993583654 39.70516887342527
433 1071.5738387240324 338.8169453233663 47.992934297425656 39.64395025042287
434 1071.27167954505 340.1562580740954 48.00911292260828 39.62365825963225
435 1071.2490423714808 341.38977401320324 48.0311620737531 39.63585394910645
436 1071.590597496496 342.39533214671 48.059636907086386 39.66838754561786
437 1072.350676770628 343.12053870877435 48.09382369818726 39.703642725270996
438 1073.454092564712 343.55299073487134 48.12939717421616 39.715209051619865
439 1074.6960600233485 343.7130449936354 48.15834032375272 39.69299717541125
440 1075.8213564163586 343.6359405693179 48.173618320824524 39.65781251266594
441 1076.5425306683562 343.3622737791798 48.17727207067841 39.647541046169664
442 1076.6143232975762 342.93623368042125 48.17961414357634 39.69693194379266
443 1075.9302869245125 342.3816836185637 48.18756442820605 39.813144793140935
444 1074.640108591116 341.68411603290855 48.199204810247124 39.97224776799795
445 1073.037260629192 340.80498969104156 48.20757809394941 40.13766349063819
446 1071.3354974357198 339.7359823825212 48.20613122508872 40.26800232312932
447 1069.6664123053204 338.5885340165794 48.193244690230706 40.33337440350217
448 1068.1765117348168 337.57643852370023 48.17225493419584 40.325563564376466
449 1066.9431920183008 336.8585171896326 48.14732503414799 40.244432695110596
450 1066.5355283823988 336.46315286411703 48.12167880007262 40.10703388106423
451 1066.3158230037134 336.32467995286913 48.09262579852992 39.95926385466332
452 1066.4483843783644 336.297784996163 48.057587254567565 39.83260818422638
453 1067.48401083278 336.18621726936505 48.02076746925198 39.7255596445419
454 1069.4154099309008 335.8474808021356 47.991149820032625 39.637732139020116
455 1072.009170274165 335.31722055927656 47.97380784772927 39.60487438873991
456 1074.8774440218324 334.86246889207735 47.96383962965849 39.66520331103132
457 1077.629962631162 334.90199383698103 47.952252797133674 39.80131960967935
458 1079.8984916851527 335.80058012989196 47.939317118399906 39.96019271169452
459 1081.3401663815291 337.682631142518 47.93320214396037 40.10206861508648
460 1082.589045310681 340.34581196643535 47.937134351171025 40.204405827772796
461 1081.4078664080128 343.2727607420805 47.94638341599932 40.25415821442272
462 1078.8035870324948 345.85443523674877 47.95407492857042 40.23781749504304
463 1074.0255848975087 347.72880551215536 47.955769805822996 40.135955374738934
464 1068.80565363253 348.91034045532456 47.95085563533019 39.96213245220332
465 1065.449516485624 349.63222544346746 47.939764138649714 39.77756874630545
466 1064.1935860247238 350.1101920946061 47.922296408676374 39.63178536306256
467 1064.8937895495467 350.4258845733123 47.904790041887 39.54284880941387
468 1068.7254244626624 350.5160769321032 47.9010537345252 39.53232181329025
469 1073.5996691902594 350.20352331675775 47.92433685852217 39.60470772295917
470 1078.7789325205297 349.32116878965144 47.975455854134836 39.71623371578283
471 1085.7077851869244 347.88877686677023 48.04458808779421 39.789830053809546
472 1091.5573992481272 346.21931096391853 48.12540131336033 39.78186302335226
473 1098.1650054190309 344.8480445384954 48.23210207534471 39.74567435881001
474 1100.6277606764893 344.2543274797673 48.39713490924335 39.81392033083922
475 1099.408988340831 344.59735651831 48.65162013576676 40.10736349659186
476 1095.9720912410203 345.70175027525914 49.00918347908901 40.650097043141976
477 1093.0276265040684 347.2482414596903 49.46100447097056 41.347355057262405
478 1089.6302596727526 349.0072031948038 49.97974301400311 42.04175085013392
479 1087.4728956278832 350.99313335975205 50.52798730786788 42.60525426965554
480 1086.31716330384 353.415527999512 51.06308603184325 42.988343783852365
481 1086.879134889142 356.43425454807857 51.53763795120361 43.217453175553835
482 1089.2235777386027 359.9560789866345 51.9107333437252 43.37860016149167
483 1093.8604846748026 363.5720927072579 52.15832037075169 43.55791915013241
484 1100.4712763442408 366.6186099856088 52.26686166847143 43.770254706163946
485 1108.0752003700918 368.4637434124216 52.237526309499046 43.98752503712802
486 1115.673974557958 368.79883800402354 52.09272260261852 44.217935386616624
487 1122.745105302843 367.67801635555736 51.86063153725551 44.48454804735947
488 1128.9688442037846 365.46461674513097 51.56097878757264 44.76783721089331
489 1134.1875799713664 362.69982329076487 51.20771292106426 45.033725737369856
490 1138.4032593899626 359.78252697109076 50.812860288436845 45.267090863907356
491 1141.2694206262436 356.72428729177983 50.38801820858614 45.44314538203672
492 1142.433438309917 353.22123727856666 49.94643200695386 45.52147942538334
493 1141.667833791546 348.91706179776344 49.48466045337494 45.45438680966056
494 1139.0278244457456 343.6764423231408 49.05559446496554 45.202373985220284
495 1134.8032689418526 338.5990651626748 48.62976143115708 44.71390033738174
496 1129.1930519185714 333.4325095360321 48.20259329773822 43.96009042215671
497 1122.3915674813234 328.6056179182455 47.80644491149282 42.87039685742525
498 1114.7905118515305 324.4597462722112 47.41230699680102 41.4224741192411
499 1107.0846906647662 321.14202227228554 46.95907561887872 39.69325753774879
500 1099.8056827389114 318.59719712572206 46.30359601920722 37.95950177695122
501 1093.0720066346694 316.69963462040715 45.71516753524815 35.88048814948282
502 1087.1344716295478 315.2917081444497 45.20716087962521 33.89315376840987
503 1082.8395205432134 314.26895136393637 44.817158275807905 32.32056154536196
504 1081.0518204200405 313.6193516899618 44.691798420290525 31.499022026420185
505 1081.854619282862 313.3950442063196 44.62953883472885 31.41508148583929
506 1084.574148120115 313.60807006123014 44.501018262906435 32.24344274225232
507 1088.1330814180383 314.1264491554108 44.30976021759583 33.63424234735896
508 1091.4766849086188 314.7277015291572 44.320338239451615 35.41669361364492
509 1093.9114125481076 315.19118369469555 44.230791434000565 36.95084717187858
510 1095.044565302191 315.3384576020713 44.062556640584866 38.1476105844986
511 1094.6789330032552 315.00709316312634 43.83307240560979 39.00818383796787
512 1092.7615719013204 314.22705714792596 43.56013710699681 39.61053468093273
513 1089.261933906064 313.48598146690705 43.271901222127205 40.0225016914644
514 1084.382996812524 313.0103803607642 42.98989919080714 40.273777512008635
515 1079.0034152654985 312.78107356615624 42.71920666763463 40.315778030979054
516 1073.7842229503576 312.7537223909147 42.4749319288852 40.16499525045793
517 1068.8329099469058 313.0193755230137 42.28524128959824 39.95234823621743
518 1064.2724790609732 313.14387622947885 42.17110385011524 39.798663710272095
519 1060.5512697509234 312.65999422325984 42.12626719605943 39.7362559113757
520 1057.4550130983487 311.6350997069062 42.1124037866334 39.691584605129385
521 1055.5666194435437 311.0437746382951 42.07953779811417 39.514159325685554
522 1054.8212131519092 309.9866014308148 42.00562675211425 39.11634164624013
523 1054.6704517990734 308.8859221714267 41.899298195774364 38.49369077352939
524 1054.217884314728 307.8420110736021 41.76607101696236 37.66731075780626
525 1052.9238921275612 307.0515823825338 41.59150105720652 36.65936747351587
526 1050.2953632173048 305.52604493228847 41.36942421205463 35.53189249910088
527 1046.4236987766828 303.6342336737566 41.12806940603499 34.37043425778902
528 1041.4669822966262 302.44953991050517 40.92545932006457 33.36387077363006
529 1035.723087334945 301.8100125133123 40.862247143074406 32.66116688722828
530 1028.7185101769667 301.7818672242524 40.85662305256662 32.16498313745629
531 1020.0221616334414 302.4155611078571 40.892774304063636 31.806240930042307
532 1012.2112853416379 303.45719154717995 40.924840921063854 31.490851433578545
533 1004.2200740900613 304.41775977791775 40.90034596445724 31.158766614909865
534 996.6459889732309 304.73594058943314 40.79530586140648 30.81337022513448
535 989.5787942171236 304.1475212663412 40.611275377398506 30.516610696807575
536 982.849990807444 302.62638878332945 40.3636346601845 30.331018072189696
537 976.322006365048 300.0399295799293 40.08046981656928 30.271199329423716
538 970.2309036191831 296.76430860928355 39.79694763063765 30.327879342730693
539 964.8710005646747 293.2716243534229 39.56158499941423 30.44647058700587
540 960.3774796864891 289.943650478032 39.41320527999069 30.708474448848996
541 956.6160497879671 287.36076374239224 39.46480407927196 31.692102358986414
542 952.9919311871819 285.9806326444997 39.6232929485501 33.023682676779785
543 948.6180957415879 286.31575791410575 39.78187403076905 34.09154298321331
544 943.048109448054 288.92014299763815 39.92226356543684 34.985938436354594
545 937.0016697142763 293.49460504855114 39.99701522664525 35.60823326642189
546 931.2520601069373 298.7899188458568 39.97079621390052 35.880674969678005
547 926.2380824918454 302.41945019065173 39.861018851605934 35.8821550113319
548 922.3273934525765 302.39297527485775 39.714204616054346 35.86304998270859
549 918.805344137852 299.1946236619013 39.5789506028407 35.95543769555714
550 914.6546147710163 294.80211668260125 39.47089059293656 36.214626738206356
551 909.1714898671007 290.6147441467125 39.35821084908898 36.5812168766586
552 902.2221412500782 286.8608884596046 39.24371962731297 37.11398078624212
553 894.2659180444622 283.7396651788475 39.11814050784023 37.730005939968436
554 885.5553704322908 281.36008623734483 38.99033163755763 38.35606467756324
555 876.3896209951125 279.4899234209111 38.87720572658809 38.92206629209733
556 867.8175011444943 277.595385662011 38.79222716960564 39.38091598215567
557 860.1666440562857 275.2501066092818 38.7520955885813 39.761754784385445
558 853.3819602044597 272.5832292545599 38.782892099543275 40.12647201447576
559 847.3018242229598 270.1350742492043 38.8825682105174 40.45615292787281
560 841.7545218483743 268.29583091430726 38.99721498369167 40.6359554482598
561 836.8547100077418 267.07775946341144 39.06377834553968 40.5494014341444
562 832.3941883090546 266.2343439931661 39.03984204331088 40.10860131742888
563 828.1581427072637 265.362210263405 38.91117882132283 39.25658024809353
564 824.1459826152048 264.08851953259295 38.71306910560066 38.031292949464856
565 819.8913617462335 262.2683144750735 38.5218542905409 36.61863678435686
566 815.7280931048903 259.961815672183 38.39044204444732 35.2504238774553
567 811.6207055405831 257.3281612514383 38.30434542397334 34.06286589690882
568 807.6109476971245 254.57159807488966 38.21352407364134 33.10835730846921
569 804.2185108369473 251.8652425100005 38.08951462335555 32.3866693213909
570 800.1786500844087 249.30976853914154 37.93944086836974 31.76299307555662
571 795.5332752239749 246.93988174015965 37.78638686710935 31.172604681780637
572 790.5820331982262 244.65978183958356 37.64395351777465 30.67404167350118
573 785.853966248281 242.27038308315278 37.51831731089863 30.405291750880988
574 781.4582848918602 239.6688409783175 37.4238041664873 30.502931171875947
575 777.0387159565297 236.9967106518971 37.37908719176513 31.00400762971788
576 772.2463844962034 234.6088732996716 37.3917555202545 31.78779595072596
577 767.8813635308275 232.87563392338615 37.45628091736147 32.699560398196724
578 764.162611795849 231.92734671221737 37.555816572364115 33.607098511423274
579 761.1028220935884 231.51318645914233 37.65694511928176 34.46757462321752
580 758.6036938523087 231.0903708845479 37.70842883127793 35.21455802485894
581 756.3200070601977 230.2547425605166 37.68330962198233 35.845193141167364
582 754.1660731400548 229.07678593841572 37.62476164425543 36.40815816335399
583 751.6970346900341 227.83563406406344 37.61068176480554 37.08924648960895
584 749.0130645143598 226.6593097128998 37.67914069910162 37.921636844096184
585 746.1846027309153 225.51093900799123 37.796792733409276 38.731327473117595
586 743.756619878669 224.30081303576358 37.903101496347595 39.35556314368999
587 741.9859058514847 222.93379620934462 37.96668438287033 39.75806700818473
588 740.653232904847 221.36988571562696 37.999645987324776 39.95714844358421
589 739.3930181234916 219.614378811914 38.03425496613147 39.982276818666854
590 738.0013637278253 217.62219470687972 38.08992863884827 39.91402614579147
591 736.6112769326681 215.33501996319802 38.16466507960445 39.833944909901795
592 735.2084134867 212.78994672343185 38.24569104181323 39.76173275389585
593 734.1574308290146 210.09346814904708 38.31652883836063 39.64901977819015
594 732.7417893306651 207.36010955134537 38.360693602722534 39.41667463308597
595 731.0999379432516 204.71838043059824 38.36267076312526 39.00891514494042
596 729.5592183868278 202.2816625534759 38.310225189759 38.34681336626046
597 728.2356137075828 200.04521925171525 38.19709275486013 37.359118799766975
598 727.4085227173681 197.90269880526228 38.04928162227607 36.082014659772284
599 727.3984120446313 195.80760044511413 37.929075411097834 34.74019368591959
600 728.0043025280528 193.8282723820973 37.90317876042314 33.67695272543975
601 728.7728963459157 192.01578674365987 37.98863332989254 33.100264651617266
602 729.1831356567203 190.3956687942773 38.14955718602115 32.97357894116549
603 728.8247923215869 189.07031396456543 38.33777813746836 33.14655422860697
604 727.9486490788574 188.124668030937 38.514996336321985 33.462057287602065
605 726.7820783948665 187.4793160782272 38.65907759707979 33.77176972041975
606 725.455680695388 186.8776343266311 38.75922295136141 34.00131041134482
607 724.3489507125863 186.06545366350338 38.8196905260386 34.1704118275412
608 723.9168897902547 184.9346724891744 38.857837156258434 34.3499534438888
609 724.2120097274606 183.5610137033272 38.90057322383782 34.62268437875878
610 724.6981003417046 182.10694973985034 38.96602705238267 35.0610802587142
611 724.7745253567326 180.72401661172188 39.04867911807147 35.66567924678734
612 724.293936197943 179.5552462381023 39.13516881317112 36.34272958820392
613 723.5011806320329 178.70191667299636 39.22135625310407 36.98580255558306
614 722.5427768311947 178.1169201333675 39.30429919359547 37.54464499510536
615 721.6306172839375 177.6201543883737 39.37493905158785 37.99875702018235
616 721.1462533668798 176.9988369057779 39.428700157087064 38.336239495373064
617 721.7633904909266 176.12441944255232 39.4737928386066 38.58106347132788
618 723.7298544050476 174.95799870936577 39.524437042068136 38.76452789758176
619 725.4811410583808 173.5241285406965 39.57955790347828 38.894671709498574
620 725.861191171551 171.92628979930078 39.62816599872494 38.88815299606298
621 724.0868515850306 170.34268068736787 39.66186875828171 38.751081154740625
622 720.5130319671744 168.9064323362598 39.682251020384115 38.54370495384252
623 716.2313381802659 167.61658617370972 39.684451314486644 38.29026913266277
624 712.7343939688565 166.36150096715585 39.65805989760824 37.961014566097134
625 710.940331968064 165.06093559629494 39.610409756656125 37.54335218776641
626 710.9228649408212 163.7253458400119 39.576842852119626 37.09832522383962
627 711.7824710929526 162.43624906590918 39.59414481826807 36.732120623205596
628 712.4731465608113 161.25793118383393 39.66348914728149 36.50610309915372
629 712.7060141824571 160.21723982931294 39.75347128308869 36.39494032482105
630 712.8095005182963 159.3472207311943 39.845261062682276 36.34605623348043
631 712.6135422019597 158.65311577214737 39.95036769386085 36.3517784613312
632 712.9511615770446 158.11478602614397 40.078693480589855 36.459233519595024
633 714.9433347197527 157.67231051500104 40.230782179139176 36.70622896114688
634 717.3135024762294 157.23725812736214 40.40347875496507 37.08374102533979
635 719.071331885985 156.73084249667934 40.58738464289104 37.54891117396556
636 720.4496196606494 156.06193795271184 40.76670328613414 38.00151660735325
637 723.608925810206 155.094075176598 40.919487119931695 38.34239440757023
638 727.2149531133706 153.806256529474 41.039769047092356 38.55623108119602
639 731.441283319952 152.4320219584203 41.153261315548285 38.73923583150632
640 734.738504333411 151.35697086859716 41.26896390233897 39.02517044363845
641 736.5795361796563 150.53997011971228 41.39636447432965 39.415827169816524
642 736.5878689455714 150.00450629075044 41.51822883338662 39.840634479579
643 734.9362696433831 149.72473537548757 41.620077814804226 40.23121820244338
644 732.1997886858255 149.51171114628224 41.679588128602724 40.48767761284763
645 729.0132880699427 149.1337682524 41.67632482717722 40.52773991284033
646 725.8798349412456 148.64331558678225 41.62853448346242 40.4098728489608
647 723.5320553920865 148.3215176760151 41.591702835291684 40.27890698245853
648 723.3190326675946 148.2993997938961 41.60667555955657 40.21943924046834
649 723.35832905966 148.47553077054388 41.67428884619686 40.24317943582779
650 723.8181328192176 148.6777704796767 41.77747721838339 40.340103581881706
651 724.4612631215444 148.75502712148554 41.90087360519116 40.473475203353686
652 725.0699077673517 148.64579423453648 42.02970245331441 40.579370565180604
653 725.8226189593527 148.3314221257396 42.13757169743275 40.60822295831089
654 726.583621585775 147.7598685654137 42.19314675735173 40.55736547801486
655 727.7431556620513 146.9761177659377 42.19398372983326 40.47335558930876
656 729.1354225263599 146.1814929859342 42.16371315561185 40.41157368560342
657 730.5579093235515 145.43240217295198 42.12110481226059 40.404873019310635
658 731.5692565046484 144.62702001738742 42.06922221189205 40.437841202229436
659 732.8910198909039 143.6134388164244 41.99933030675991 40.44503837215909
660 733.7909844191362 142.2987953198979 41.90399135962303 40.359745220619565
661 733.6728629327349 140.7296106534027 41.78430631150957 40.16319249303418
662 732.795971732513 139.03497396346287 41.65291618098297 39.875241416149656
663 731.4557164371503 137.3710250503583 41.5308468947148 39.542758856216736
664 729.8364737716963 135.79472681407822 41.42263063613377 39.22224171009577
665 727.905956755344 134.18352533709864 41.3020781455134 38.93025842943677
666 725.6354290945762 132.4743548305781 41.154183136300155 38.658979671979736
667 723.1209321837479 130.8596068728117 41.007312258230826 38.44469044829788
668 720.6356980576917 129.579950312309 40.8968062880116 38.32348434503051
669 718.703331662789 128.70806033775233 40.827107079710665 38.25493030771782
670 717.6454094135036 128.22445488532108 40.79114790786164 38.190088827739935
671 717.3395634728199 128.10993046122817 40.792938729616026 38.13802515714412
672 718.0714283209543 128.28567881545803 40.82934534418195 38.12063297990249
673 719.436295254747 128.52882809123867 40.869749710333565 38.13132132715847
674 721.0342241135982 128.53249781143575 40.87060795990063 38.15687688118146
675 722.5185864384777 128.1757435363663 40.817758272289204 38.20713361509225
676 723.5564334796269 127.66981146863466 40.74822579747468 38.29693144585999
677 723.9614137469505 127.29342206923444 40.7127854710145 38.41276113041391
678 723.7485279363664 127.15786675374841 40.72401322816318 38.50931602496776
679 724.1358831763858 127.20864058934491 40.75845055882408 38.551390366525155
680 726.3675316113067 127.33738995737748 40.79401658694467 38.55468064622913
681 728.9968912333146 127.43409156960847 40.831010917582915 38.647321741025074
682 730.324777742988 127.421396995258 40.88558395392612 38.72609169751377
683 730.378145528014 127.264667373889 40.95846839887826 38.78865059055014
684 729.4229139910581 126.98182005101421 41.05015043631967 38.732439104330226
685 728.6059844865074 126.64852704974611 41.17074357938481 38.607821695974856
686 728.4567055254768 126.33190331930338 41.329822203205936 38.47270231576364
687 730.564167434364 126.12649989694384 41.53394346278924 38.35561253937182
688 733.6167228378268 126.0891050083131 41.77485894032014 38.31743943982233
689 735.8911312089455 126.26362082095926 42.029739194347506 38.387024007884854
690 737.8372765338005 126.68876310753897 42.27929150330666 38.5444219256824
691 739.6016012936063 127.32022459889671 42.50813774029967 38.748072759651976
692 741.0871139494357 128.0312241824679 42.69105024728358 38.954817111640864
693 742.0563254406438 128.635436319975 42.808085867158795 39.14880647365386
694 742.2841607703757 129.02322655114023 42.85889037002389 39.2996203791624
695 742.6443333998745 129.13435309499963 42.83931119017088 39.31218279811753
696 742.4289198621559 128.85481277804791 42.71002048201436 39.44610722704478
697 741.8826920015471 128.10938727703495 42.46688792053603 39.36156115252037
698 741.3016990204063 126.97427150159963 42.14418395082602 39.1150735848247
699 740.8221341372831 125.63905360557207 41.798868336390925 38.78144194091443
700 740.4077626105134 124.2161685490237 41.465951084491344 38.38852256839104
701 739.902874383068 122.80830119788239 41.167522069427875 37.94413590811583
702 739.0813111015018 121.57511981266236 40.94287031750777 37.645721887924864
703 737.7497574469304 120.62743600006718 40.83578381877536 37.53549479459453
704 735.8042096077645 119.89792166574198 40.835212643803175 37.601954391380985
705 733.985906057981 119.23098124582334 40.888788180426616 37.88519534320156
706 732.2139660773969 118.55337821258296 40.962541611261905 38.31820999167578
707 730.4785733750435 117.92672430388862 41.06015549930372 38.73913777115211
708 729.0975462341069 117.43754952718103 41.191511859649545 39.1293740640944
709 728.6309017093687 117.07176642575936 41.34663156344541 39.48422743810063
710 729.3320376620223 116.76937093355725 41.49762755943812 39.778396636278416
711 730.5395864541953 116.54159684270357 41.61911241818474 39.987025584648975
712 732.4513510034021 116.43916190557151 41.69109519628304 40.09795579639032
713 734.6628536651923 116.48619937033732 41.70243434635832 40.12639962591409
714 736.8824891044432 116.69660964561812 41.660558014256225 40.10412123092107
715 738.9286564483389 117.0891277261102 41.58755309120875 40.043880663599786
716 740.7649196948445 117.6334242366371 41.50683628599147 39.936542880823254
717 742.1615895582254 118.22804146289336 41.427689323391256 39.76240367042517
718 743.1933824765566 118.75591892375752 41.34081702126493 39.488907489808454
719 744.0050035643319 119.13357542970216 41.23827138954876 39.09646487106091
720 744.6867582303499 119.33727964943779 41.13764091716648 38.64966934921433
721 745.2234006531919 119.3959585388733 41.07350510551873 38.380035161167235
722 745.6487050272694 119.34441134078696 41.07159723416457 38.31376877596789
723 746.1095751190284 119.21710158545547 41.12622294902541 38.31031316497144
724 746.6699141195912 119.0564882229528 41.20751365222904 38.33568899609879
725 747.2728219818113 118.89697709502288 41.29920476427897 38.36533039864823
726 747.8632507110221 118.7663558914545 41.41089871710514 38.42880116142254
727 748.5230195440532 118.66721086563842 41.54225307980591 38.569087022452585
728 749.1079439814185 118.53285444471818 41.659510963529264 38.799281416517054
729 749.3830220908864 118.25865157109465 41.725623495477535 39.06448718623461
730 749.3096920032337 117.79404535898271 41.726269712350074 39.46654838397754
731 749.0405172054603 117.19098388301448 41.669640000880634 39.863807404459585
732 748.655668769253 116.56177479560112 41.57301264409492 39.99185860406211
733 748.2038527062653 116.04074427088433 41.45961362875197 39.799748383822546
734 747.7209418730845 115.78425455246115 41.3607472213444 39.40444597930512
735 747.2864833341725 115.84590701826106 41.30984717988985 39.01752533075718
736 747.0034674755807 116.14082374032105 41.3156141953983 38.76006067713789
737 747.0350812840276 116.50421055735953 41.36094930804746 38.75901647195197
738 747.4858890682505 116.78966533658608 41.43248122022702 38.80051377269045
739 748.3516113938737 116.91430216621082 41.508644368479764 38.90833677563471
740 749.4124683430745 116.8718367081972 41.56415635149319 39.05986955227533
741 750.4221126706884 116.73320860518406 41.58437444466556 39.21085747806988
742 751.1902225907445 116.60721235446711 41.5661636987883 39.312053210585226
743 751.5795016236939 116.58784865512142 41.51711281549097 39.35159472811752
744 751.4880276414298 116.71785636084573 41.461308145019665 39.35397138058685
745 750.8595382828631 116.95438916627921 41.42172631795875 39.33344087396859
746 749.7573832175128 117.18448231426721 41.401366343239495 39.289101349822985
747 748.4563587341559 117.30196155892082 41.39479875237218 39.2095101293646
748 747.2783956889472 117.26653013174413 41.399042459301874 39.111721764110634
749 746.3955001690259 117.11196898620835 41.410867449688226 39.05207363643617
750 745.6826383353961 116.90931914404935 41.42387626053853 39.0520896499967
751 745.0627250754707 116.70960445286336 41.42551870189945 39.061534977592025
752 744.6529010513798 116.55507198994057 41.413184973880234 39.06194791769102
753 744.5213182586857 116.5335947123275 41.41806777423521 39.12496680005069
754 744.6157451632517 116.70341949800994 41.47276417682162 39.55953889087291
755 744.9034203766722 116.99122214213085 41.57849648880733 40.08169142067253
756 745.3152038586836 117.25232264221025 41.70630481561403 40.4784911670653
757 745.6845470935826 117.40889562373458 41.83351773342759 40.66853503211552
758 745.892451592672 117.44006497653707 41.940012531909574 40.64404561546577
759 745.9467686403732 117.33925216465606 42.00905824951974 40.412780746312535
760 745.8968473148681 117.07507895201626 42.03188626659337 40.02643474731031
761 745.7351655393554 116.54003292109876 41.986989343884055 39.705848207039416
762 745.411429660289 115.7331577102993 41.870225645167196 39.39699925173844
763 744.9336785925052 114.8767439671029 41.713154033769044 39.06154522379286
764 744.4343360481068 114.20680832377147 41.55668824408325 38.79805919161456
765 744.108045790842 113.80349052314338 41.42910081969427 38.64805465259248
766 744.1302430436391 113.65333338366378 41.34276872004733 38.62636852888619
767 744.6311541459269 113.72441818002676 41.295458599706116 38.71762512262082
768 745.599421629651 113.96197767048355 41.27622468015065 38.8560258474784
769 746.9118847777746 114.27243254788768 41.27189632773281 38.92989298100261
770 748.3363407087385 114.55696441953552 41.27307466660013 38.88206483572774
771 749.6307496102295 114.87963308292399 41.283228356250326 38.80806292073765
772 750.6808945781884 115.30715487174882 41.34504075570747 38.741416326243396
773 751.5505515430615 115.87682573055933 41.48572549089274 38.7860628646995
774 752.3921043677923 116.60331158032969 41.67553759502943 38.97371126502307
775 753.1382520922136 117.33696856541765 41.849410616606875 39.18232757567159
776 753.7293209098129 117.91264157635747 41.94201623837595 39.2537826918304
777 753.9166506565912 118.21631626735653 41.91185780068482 39.23870264761075
778 753.6121055192981 118.1988146430713 41.75179648053548 39.00372703751461
779 752.5018316516994 117.89333220596956 41.4959604641545 38.5166365815962
780 750.706685000933 118.33904505286 41.16537997355623 37.96645521034124
781 748.551465601552 118.91931948009639 40.868130785595376 37.354839436851634
782 746.2786479680551 119.47137367760841 40.66968999570392 36.77554594225805
783 744.0235572877675 120.18815801779193 40.60517199009737 36.32010205683091
784 789.0941890684602 121.27268020835692 45.37218965844847 41.11481090086253
785 706.5935195396826 123.63675897000005 36.763743492873736 30.985310456251604
786 737.2442036324007 129.5917453841319 40.88371545182416 35.89511197888808
787 733.9305456074837 118.74721811725031 41.52659922163988 35.87503312167002
788 732.5242382672129 123.28615614955149 41.56714484162598 35.71230036068498
789 730.3650539521616 122.2108237663725 41.66878359776718 35.355789444812736
790 727.482542816224 121.0126009476775 41.695138746346444 34.95472690682766
791 723.9602720277584 119.75870828579824 41.64564296918012 34.53994606307274
792 720.0536660330464 118.47010939600894 41.52313690077844 34.080331417215184
793 715.9869290509392 117.18652570928435 41.35658950415237 33.60025609867338
794 712.4900018239166 115.87737851146186 41.18191875110622 33.15052001856605
795 709.6749660345228 114.45391480189966 41.02852191411236 32.73047694574147
796 708.0632291582441 112.8434711533593 40.91455506361802 32.31054928157442
797 706.658559538262 110.99972992480227 40.851810251236394 31.908283131711364
798 705.2034518855813 108.91255858343779 40.86051907381228 31.61503200363131
799 703.5238498019663 106.52235528189263 40.94879881566137 31.465161247769412
800 701.5279446603244 103.79391489194444 41.09569663507111 31.338827667219146
801 699.5208748576467 100.7886556764353 41.28856912526465 31.164572310663587
802 697.3532008546005 97.8402988880352 41.54894896494416 30.97448955980085
803 694.9774884042972 95.31168357382931 41.90374638278732 30.896445481198636
804 692.6319848875277 93.38355783456942 42.34696565932594 31.045723638961455
805 690.6702389671933 92.13883272095586 42.85983130746554 31.392382529544903
806 689.2633953405021 91.30991475621606 43.36857744670663 31.78955384152081
807 688.2585635748642 90.70882362399232 43.795210096221 31.981037997793138
808 688.1786182303191 90.2737636648607 44.090925060474675 31.898187435235087
809 688.307649081659 90.11779220901042 44.24091390604176 31.600574321220286
810 688.2692583235314 90.6045319379209 44.24146044835095 31.152285248692042
811 688.0059441576274 91.11804120293299 44.085560983318615 30.573410302142552
812 687.2635639053145 91.50628127779702 43.75380333286406 29.817917254248474
813 685.7141864777376 91.78722888961885 43.243309229420674 28.82661288246008
814 683.4987207306059 91.45209206765259 42.580246743068166 27.72660576729035
815 680.7203728189975 90.82199177687775 41.80672510749674 26.61282746689914
816 678.4640352600139 90.27187089302949 40.87464114481092 25.225138387772226
817 675.1637778206272 89.72119468971302 39.847771675710725 23.666544424839266
818 670.8717960793039 89.02034720267748 38.80117705255716 22.0070275603443
819 668.9402343872665 88.0535928765255 37.775519862697934 20.252288571231478
820 667.6407420992076 86.82370372322409 36.788604264556035 18.230050038822196
821 667.0740563488349 85.19346054541239 36.01203376786305 17.435522151903598
822 666.4304842854152 83.39260910772697 35.38665076254659 16.789784426356725
823 665.3892007894307 81.61239598865114 34.89955719293345 16.30874746838943
824 663.6684706315123 80.16995346785485 34.524581910182576 16.145521867879605
825 661.0992678835894 81.49077228157448 34.1828884227256 15.442407365777251
826 657.939099563414 85.23873193834761 33.87267853772029 14.830477039968295
827 654.1115048170414 89.3155201127192 33.687182922769374 14.498959787055645
828 650.595192822518 93.41013338042842 33.58933905450554 14.272306277942027
829 646.5747323470453 97.1916548649656 33.50832608040313 14.048947881621963
830 642.7777636468202 100.62066219045279 33.403036964153685 13.80366084975378
831 639.9576478122793 104.83105963604473 33.25977210156907 13.477286284530066
832 638.3168185554672 108.96786780244705 33.14277443034919 13.32731576925048
833 637.7450631794736 112.9003563851274 33.07944924937344 13.394566145011755
834 637.8930864457383 116.56364901710168 33.109190609431934 13.651124244819913
835 637.7729014489304 120.33044765057635 33.24569228348806 13.918043949440154
836 636.8336147208063 123.92461703617575 33.50965787239729 14.245879313982968
837 636.9506072660558 126.72230878464114 33.878905660870714 14.63893116967267
838 636.9549741426843 130.14299148281978 34.29837887239216 15.035302032053501
839 637.5005138936762 133.59994799014635 34.72019384584535 15.353868794555023
840 638.3691792120743 136.87915795913742 35.119688196352584 15.545039460981137
841 640.0568596607109 140.11325507362076 35.4847828276229 15.599663827841606
842 642.6676061908379 143.42110924750816 35.81759632907891 15.550093216811916
843 646.6820982985214 146.84821985290606 36.1343635907843 15.458934896391371
844 651.5527727622027 150.29667956997955 36.451723569330035 15.362251080921594
845 656.2068781655688 153.80033258471272 36.74588517845747 15.25318861317988
846 659.8412318174996 157.25025423009137 36.96013505484202 15.093888911099269
847 662.1903061584568 160.52462151141737 37.070722787215416 14.757748976548962
848 663.6093433428767 163.98298844371408 37.0416339257544 14.111252146571994
849 666.7537014963929 167.49768683880055 36.67652495949187 12.97336145687182
850 662.7431955429993 171.3725719093609 36.84801458635185 11.967503187527138
851 665.5526349666801 174.59639292157811 36.23431412024705 10.941114905750473
852 665.8139619277563 177.87019082303206 35.774780397850655 10.411644506050639
853 665.8249454192206 180.8621937493135 35.21269027272767 10.101254101565058
854 665.6253959929471 183.59456112793356 34.631990411787186 9.821428762235213
855 665.2105391581237 186.15418986698197 34.062143753685504 9.649219732601836
856 664.5949594080287 188.9129320900113 33.57322429919912 9.617783637243068
857 663.9964760535489 191.65872609562572 33.11838188190937 9.634081400399749
858 633.0775152667004 198.07590017118602 28.73882194360901 9.122503344306233
859 719.8428597672834 194.81126438100307 39.671189480675025 20.44902937820502
860 662.4106077503216 199.7865185617327 31.50228934130453 9.93498737004078
861 664.0487952718141 202.32124519182295 31.89439914158533 10.107579570733055
862 664.6023842399053 204.79444689151782 31.73678443449588 10.413458361297417
863 665.9332116653768 209.05622563086118 31.689045699455814 10.87893373303726
864 667.5518766767535 213.5858807552266 31.693387674107882 11.388483561017543
865 668.0085668242311 220.89163658389123 30.77475125941104 11.528678431003035
866 669.0495109284342 227.1462223544423 30.201965641394775 11.487785534783798
867 659.3508549655185 233.646397269704 27.33001087884768 10.95013613300005
