 Trunk Shoulder Elbow Wrist
0 497.43750161605914 138.922939725075 44.064322109625856 20.4952508809369
1 498.6114109049883 133.56594716033476 45.18089586358574 22.63854867485173
2 504.11190074770667 132.80234631074197 46.5255413723505 25.397076420858248
3 513.3819694574923 130.08893767436808 48.00766334136346 28.509848707539877
4 518.7226558739912 127.81634845568588 48.149357853244375 29.71734454356528
5 522.8919534345716 121.51888442199095 49.47484283184056 32.62571671757723
6 527.0235976740506 131.7966455339534 48.86308124114975 32.50119686737861
7 529.5248083393915 125.93246075395186 49.58223720213263 34.70401797638763
8 530.7302630924389 125.29704371884947 49.61122480766866 35.5027942121774
9 530.2509827063548 126.22935536876872 49.48021941492283 36.026664907977974
10 529.0313664243931 127.25313926592649 49.27559825369306 36.43063329818239
11 526.9624434711088 128.4546574989544 48.996911349406794 36.70806183214057
12 524.0657565150101 129.83954098695295 48.67472151749286 36.88415043557704
13 520.6148371306648 131.41786467064424 48.31430031016985 36.954358383205964
14 517.239929782752 134.03730993133087 47.9252943565219 36.904638236612826
15 513.1987591806906 136.27512835644845 47.45008061737773 36.66400875527507
16 508.5005514765323 138.01532276734338 46.9229689771111 36.28197797529111
17 503.98986458812493 139.36497554819377 46.37628427985832 35.825600774573566
18 499.46971098012693 140.4311824082801 45.83146913568303 35.34364946884924
19 495.97221966429186 141.3296530426355 45.31221728500113 34.88495449127585
20 493.3328613266357 142.1651377640887 44.84080185808566 34.45185970352804
21 491.0803219082338 143.00679251342348 44.33342780386436 34.137443800795296
22 489.474641710863 143.96586385246403 43.801556266279164 33.88775807313401
23 487.5305088642854 144.67409931342166 43.27901468542958 33.56336246851741
24 485.5231049004954 145.0433533635703 42.72832251266378 33.17534584238775
25 484.0304935986913 145.01949768465298 42.110855189037615 32.69767161277193
26 483.1440570958732 144.60556371587148 41.41582555442174 32.12373947002108
27 482.4531672349891 144.00057584683626 40.63201285126076 31.452010283084146
28 481.8610842765417 143.77968344633985 39.72463198378525 30.62828480539785
29 481.7666588174895 143.60568402472606 38.780987108739005 29.75590413457927
30 481.5643045999272 143.57734152744666 37.837835601245914 28.853945657975665
31 481.016462948665 143.71158790134646 36.92963968617057 27.92309612585462
32 481.09225642031294 144.8251453561948 36.19643040850766 27.182773424730737
33 480.5483314187356 145.77692989396238 35.54615201224914 26.432456579129965
34 479.6043244748468 147.25423694073802 35.23754666108932 26.22042898705265
35 478.0692767813283 148.59222187792298 35.084252434769574 26.125443382645887
36 475.3903821607653 149.78505513346587 35.07107133865178 26.124482234467017
37 471.58097129524106 150.92294619595813 35.211534839884564 26.246508151773853
38 466.95474305581826 152.05077334494678 35.523413864672335 26.538608502054707
39 462.3972700540433 153.26841626127606 36.01453716993915 27.025778532059462
40 458.0825767186973 154.6285126070972 36.67857317208107 27.712271243353722
41 455.1240991573842 156.1644376769344 37.4814147084001 28.56843111507136
42 452.7356608241589 157.97708603641223 38.36007872245636 29.56153331284461
43 450.9218682008244 160.34570022608824 39.210027224483845 30.542149773271632
44 450.9405701076232 163.23950469702754 39.9700959670002 31.42528185064136
45 452.35329530579264 166.3681291835641 40.63082906391658 32.204156238601506
46 454.1337346306634 169.67471294802698 41.16185628172618 32.848319166561645
47 457.4739018320697 173.06003524394197 41.554093541294975 33.38718077135608
48 460.659279275225 176.41017679102015 41.81747450656028 33.87616191195714
49 463.9157674996682 179.8724995105428 41.94696375599241 34.29679306864346
50 466.41758038117484 183.20828899481643 41.97927047339343 34.6557174726581
51 468.57512815917266 186.13582017172322 41.96406891210285 34.969009491211274
52 470.61640653696605 188.89653153755714 41.93742826013064 35.24666980928631
53 471.9662704822027 191.19315951872116 41.943701109663984 35.54370003966598
54 473.16457194844463 192.97523504267136 41.976594951942396 35.847918248837246
55 473.8372179862752 194.60912434677846 42.064286898598645 36.21229836953808
56 474.15942319169386 196.26083120374122 42.21955142072234 36.63418828780999
57 474.53029482503746 198.1284412050943 42.45493158583168 37.132717295782996
58 475.80443981497643 200.30774717391145 42.766385451113656 37.71385120026023
59 477.2065211922074 202.73668932879198 43.12419227917608 38.36974100249065
60 478.74505415691556 205.22066032146375 43.48009957938627 39.07474204354792
61 480.5140570402338 207.53531714721697 43.78605384463805 39.77880123382061
62 482.5553621214531 209.49214577099488 44.00278104311635 40.40547644261579
63 484.97145894489046 210.92496009723124 44.10259255377939 40.880001132232
64 487.5501681570177 211.72813436283502 44.0813212721033 41.18440892664359
65 506.9825154600419 189.60183385299635 46.46048714479694 43.844803281265854
66 479.7160989959297 252.84001191383456 43.39791019991043 40.92292068630348
67 497.93810974017134 199.2379121563779 43.21743810442649 40.79314593953738
68 498.14108736247493 212.40532686648615 43.2449961510547 41.31048571176872
69 501.8641595124425 209.64171485683528 43.08277586092312 41.25155855037374
70 504.1656094976411 210.10407011497733 42.945504177854076 41.253081274924334
71 505.80566254720736 209.75903118429792 42.81966393484138 41.260812611229845
72 506.3801872892923 209.30840292960687 42.69768676586365 41.244843045382616
73 505.97386490885947 208.43812493749104 42.56019901364166 41.20772096593903
74 504.8186306901263 207.18100940013676 42.41471944799388 41.14983339309379
75 503.20996291279477 205.7076217043987 42.291099258599694 41.10370614046797
76 501.3838141520948 204.31647807958012 42.23000178737829 41.07937513786718
77 499.47557002972394 203.3448233463564 42.262374505514906 41.104289659474055
78 497.538686685656 202.98246828334783 42.39811067908719 41.19826883186663
79 495.641235547445 203.33987366682686 42.618115910749836 41.38734428707855
80 493.9404598535999 204.21176191264087 42.87325284165388 41.6559981671732
81 492.6586701756521 205.2403616840331 43.08799224308946 41.90409750833784
82 491.9256572377552 206.45419786204988 43.18617297711945 42.01349425197221
83 492.31905722509515 207.81128567067884 43.14300477567038 41.96610173901665
84 493.91823538557736 208.67333364940518 43.01446757166891 41.87254033280795
85 495.90977390119554 209.34927275006655 42.910862996417464 41.889719929334554
86 498.18307269366386 210.33219821590941 42.94922876655052 42.148548388681824
87 500.3723273513614 211.91605028900094 43.18581581711313 42.69036928815785
88 503.8000298048861 214.0900646384078 43.59913457810389 43.48186082550458
89 508.77205662549164 216.81028502413352 44.124160201533385 44.46003245858767
90 512.4111553099318 220.06792061177308 44.69029006333989 45.52957662482698
91 514.573270848201 224.19050934546027 45.225180852990775 46.54279614131015
92 514.4448544069024 228.4447705966975 45.67099330157992 47.40379438382787
93 514.3552601549226 232.05879840016595 45.987393164696826 48.09484405592797
94 517.4116173573792 234.7972602236977 46.14917867773733 48.605812978299326
95 519.3154545164078 236.50155557809722 46.15713007726694 48.92031876187891
96 520.4683654867108 237.0562534595072 46.04144505068387 49.05858601999529
97 524.4696007271384 236.59922284872553 45.836568056033485 49.08950221501648
98 528.0284087369259 235.38415161874096 45.68271085349753 49.29334933204812
99 530.801730804656 233.30603461682287 45.50444598555916 49.46226873569766
100 532.6543730577545 230.66774749199723 45.31158156986932 49.59913403258209
101 533.3992346617097 227.7533243333711 45.08221880526252 49.627301197431
102 532.8987493686499 224.81064351312676 44.790697935469986 49.44979724813621
103 531.0718886574334 222.0891027266912 44.448227796064174 49.06735952424653
104 527.8581154921426 220.08030476200958 44.148710001780124 48.695800590447384
105 523.2802637573707 218.5825672796914 43.90355110860176 48.38180489103615
106 517.7550226772782 217.567574328407 43.74240056610374 48.19263544382303
107 514.2759775418424 216.92655208798027 43.64169391983403 48.11563076360105
108 511.00171952423904 216.57566477353924 43.559418799721456 48.09783957200299
109 508.0160417883881 216.56781799337344 43.49048050042759 48.10744421298828
110 505.6767448612858 217.07352132593164 43.467372625351096 48.155725458581465
111 504.4925502579848 218.1845635296066 43.518401773748074 48.278884532517424
112 504.0348219047021 219.74184941186476 43.63667373168597 48.487848039700694
113 504.1323815562954 221.38009360298977 43.77809271277245 48.74398200422442
114 504.3622000853095 222.73404021570332 43.883944833649174 48.97650869584669
115 505.57686043459967 223.64559583271824 43.91713544399292 49.124060107683384
116 506.40370580134373 224.22247919763663 43.88398849054155 49.17922903648305
117 506.71127841893764 224.6866566976459 43.81997445394493 49.18288976824096
118 506.5263573489752 225.16489056296484 43.76338885007577 49.1792642486342
119 505.67868811268966 225.61207142957892 43.738552576357456 49.19297736196506
120 504.34946292501274 225.8626645069237 43.74794208055695 49.21732309534435
121 502.6206276500647 225.7168520277904 43.774524122048696 49.21302541797299
122 500.60953852984164 225.07267661745587 43.80359372193779 49.143651269907984
123 498.6397951418022 224.02492702015584 43.828597710558796 49.02826989356499
124 497.1573056838914 222.78704012902696 43.84417529035418 48.92127137723623
125 496.375497187179 221.50134056964706 43.84179644403663 48.85613038560977
126 496.431099184095 220.1863195877426 43.81918532781472 48.83843113574663
127 497.40740015273883 218.86395785989345 43.78824420151606 48.85750616212378
128 499.33217406808075 217.66836421605257 43.76417517910937 48.9181353035579
129 502.05094595128577 216.82520738012957 43.760339260499734 49.069548231683484
130 504.9819686742886 216.55590244088538 43.79548637638008 49.35714136900131
131 507.73548118080583 216.99048273175106 43.89563843170842 49.79480884335994
132 509.9448857251325 218.20873372797655 44.09088178781147 50.37793301011637
133 511.38109531810784 220.21264533152882 44.40921567390419 51.0571921868692
134 511.9191725528093 222.8565384771662 44.858736444533704 51.72563866166684
135 511.3389986511096 225.91962805025045 45.416467849281624 52.28086672905936
136 511.4185849025112 229.2630036220319 46.02686131335461 52.6827725095643
137 512.159329839643 232.8747461473276 46.64133419606997 52.88602414731355
138 513.3779481910555 236.75560272876098 47.20055047418944 52.94396468557362
139 514.8154506344489 240.83929921858615 47.67793470812275 52.920509156229805
140 517.2759780508253 244.82263981347924 48.03642380030612 52.79385991490788
141 522.656742417078 248.35985619826585 48.27325603039579 52.53598445515421
142 529.4429603063581 251.16964043496694 48.37074352838986 52.13253540496923
143 535.7818298512835 253.1136028243049 48.31073113208221 51.60373158229463
144 542.1155241658633 254.151360710252 48.10034773347737 50.9992225409087
145 546.7050319385625 254.35693963692816 47.782033977814635 50.416263302452464
146 549.2941592444741 253.9165024336139 47.409074470510625 49.97444511199791
147 550.4080211746045 253.17028508174906 47.03782548952077 49.788945717176325
148 550.6826898332027 252.22198971526757 46.66155737064654 49.808411526206186
149 550.0047657160757 251.23481735596846 46.264971917915034 49.92830825055918
150 549.1336582542092 250.5842563403845 45.846449497963846 50.035822785506404
151 546.9884618999976 250.72731453243364 45.420326435088946 50.043251252140045
152 545.4044756972824 252.12819748750428 45.19970175758112 50.271263028651255
153 542.9356718837961 254.39779859349522 45.15381501711535 50.58818761867625
154 539.9241752081247 256.43143811563414 45.09582835682698 50.63529596558971
155 537.3340177694649 257.65105368292416 44.96098433377971 50.34608379343644
156 535.6626742359533 258.23661413757173 44.73001751496187 49.798467929078676
157 534.7680795473893 258.71229045845354 44.42802982296627 49.19194474288168
158 534.6227451278679 259.5261739905593 44.0853535048085 48.69018491779773
159 535.8301853368029 260.81528845405484 43.719004922552664 48.3454072421769
160 538.8860959520134 262.38637983194536 43.326315860433944 48.11851438993629
161 542.8715199137758 263.8263763396278 42.88341604520102 47.89528277765598
162 548.1124564430406 264.69902728636845 42.37097563424706 47.582035311749244
163 602.37248280666 244.92714970674604 41.511260574670686 46.4783089721313
164 516.344316514972 280.82593500725204 41.912086269344464 47.05183430841379
165 564.9717342497571 261.7151252826517 40.38438460860516 46.119419434862145
166 572.6143543785795 260.5019329200402 39.85709864170463 45.965664578150715
167 578.5561214878645 259.73041481202756 39.35252927109979 45.82248688185134
168 583.586386430765 259.89503088399607 38.96584844937996 45.766097584382855
169 586.4130766688235 261.1105253705072 38.72834418940343 45.776874977234236
170 587.0041607727121 263.25569724646857 38.56116856678676 45.95994205231863
171 585.8366195029383 265.844466469679 38.4121257206044 46.23102116337414
172 582.9640536342214 268.4477835589538 38.335730838356355 46.34235456377508
173 578.8518352622551 271.1643127906082 38.328910851544364 46.355609305791695
174 575.3915642736209 286.41918167165784 38.44650075598146 47.05938235505342
175 569.0223228497133 263.7440940824737 38.03278758078907 45.72826897029639
176 567.1986975567135 276.97079171319496 38.10858913427547 45.95997824579565
177 565.5966970460888 277.68370217828596 38.031922119186085 45.791665941204194
178 564.4459619769649 279.1150774085329 38.065685661221885 45.580453361165574
179 565.015417088755 281.7377974474844 38.259240139823795 45.465996345023704
180 566.6898487024794 285.62215123069376 38.60027997769262 45.48895337927219
181 571.90528394179 290.41839490963577 39.003772033415146 45.47260803611991
182 578.5717332131068 295.6221315690926 39.364971360202105 45.23151165935207
183 586.5006902563841 301.9511943703096 39.864949554605246 45.21028834203212
184 594.859384499049 308.28001152490265 40.20998673752127 44.88312560129989
185 602.3180623358159 314.5231793798247 40.49700247528015 44.524158191304934
186 607.6253523538204 321.0426201746282 40.87729365831726 44.42647364589491
187 610.4675990354741 328.2228368465105 41.293240501109736 44.609891177788434
188 611.0149220074188 336.2231998134467 41.744164752507814 45.166178112798846
189 610.4801707878208 344.9125578373161 42.2292132720566 46.09218980272278
190 608.9537747848286 353.99272290456906 42.75528555850034 47.31705223968032
191 606.8279379414521 363.1778159848353 43.32265170200153 48.763098143029644
192 604.5284340579218 372.6194651715649 43.942657629896964 50.22510779793654
193 603.5835711231206 382.87800211515605 44.478402847320794 51.7581561933482
194 604.9508430408355 394.69724909508375 45.19366792735953 53.41759663181688
195 609.8501192492023 408.3620812634479 46.11829727068001 55.461900959771725
196 618.460236597932 423.9304505395513 47.21295903520635 57.7164451161486
197 629.7834847742666 440.92522794370876 48.2896928962785 59.70562493519167
198 642.7473451266062 457.65871444556893 49.19172519146599 61.455657327764385
199 656.4109462097928 473.15690623688846 49.85737520396887 62.727437211921846
200 669.8680689522831 487.09427007762207 50.23776130544462 63.56715734021295
201 682.5643801671208 499.65663751445845 50.46240666829006 64.04317801656285
202 697.2243714144307 511.3006006853996 50.49102765968105 64.20186181467926
203 710.9973193401281 498.9454004919677 50.25629421453441 64.1633245377857
204 755.468044820746 579.6680245440127 50.55281802662243 63.12627238583378
205 740.5346716631163 497.94198441058455 49.56197770393704 63.331974694115985
206 774.5391434999847 574.1427261541621 50.37294310117878 61.389577215248
207 776.5023794659269 561.7393946533184 50.316809578246854 60.272388171769435
208 781.0307087304709 567.0281794373582 50.13181270138563 60.87038878251768
209 785.4000228589802 573.0530203157911 49.99602807531614 61.32406026447253
210 789.4652507768739 578.8838124476462 49.93081457189951 61.70267865191228
211 789.7997739684514 584.879394303544 49.92928054636682 62.231458249804916
212 786.1001830896989 591.0484606308415 49.99213489430416 63.03613470239471
213 781.3560447628209 597.1647284940758 50.14774579388971 64.08436149839159
214 776.7391094577907 602.527773413604 50.42794644562422 65.34928426562715
215 771.1918055470898 608.6540814465949 51.02491981596614 66.54022790366956
216 773.1210240717865 614.2217009300675 51.52700459941921 68.0222898654673
217 776.7527391493775 618.7545436569292 51.543420473321625 69.9462956757553
218 778.7980068673202 623.4855281450906 51.66501496979928 71.78262668500135
219 779.4046358746449 628.337820376954 51.836697810872295 73.39579872420305
220 779.706516886207 633.1627393658962 52.04417866426853 74.6593507133432
221 781.1028106826662 637.6602426084438 52.31323115634781 75.57505248718883
222 784.8308995998302 645.0078208743054 52.748200566705215 76.32412695371843
223 791.4329258666666 653.1648529252863 53.499101407792075 77.01488549873791
224 800.2070551171188 661.4805117192442 53.247035569404815 78.30221803210404
225 790.60359112466 740.1715593751226 54.34351452721753 83.22615257935675
226 884.9043630137932 604.7283809322219 51.387442054314555 76.77464223595352
227 831.165385489825 712.597597785873 52.27850259608758 84.08886017954968
228 846.9116474368375 699.5292749131607 52.153130127968915 83.96567271803546
229 856.7779603319036 711.0371611809009 51.97665401216965 85.03484340523818
230 867.6706437113784 713.5229455106958 51.85206737861215 85.66778685974212
231 877.5157748801381 716.03608200768 51.78344674499748 86.17931664129227
232 885.9155993844442 716.9903313457216 51.7570088942766 86.41394999817024
233 892.2107694909349 717.4491954934454 51.74267360862411 86.37688553568593
234 899.3475166535751 717.8538624090734 51.71785463947749 86.1404820063964
235 905.3738604765252 719.0949560877413 51.71612954611124 85.90915457104293
236 909.7173127200275 722.0102026923689 51.74006294931549 85.9126845891856
237 913.5027426777834 726.7901622686989 51.78686260809136 86.19910044463975
238 916.8226477665835 732.873133904524 51.83868103786624 86.6380418580181
239 919.8883905811693 739.3086015593078 51.9064205216847 87.05775600371346
240 921.7058531673098 745.1012710542979 51.79501592718038 87.61859550034532
241 923.4161592337621 749.5544248686308 51.65779036614235 88.03133666376704
242 924.8950684614239 752.5964059704108 51.54822380181942 88.18487074215548
243 926.5723402587341 754.8391793114225 51.49877415667662 88.18671666336785
244 930.0677881231356 757.2779150552494 51.5089527720067 88.36193889293253
245 933.2611846376291 760.5277097940912 51.550085723346406 88.94534610172491
246 935.6985563122622 764.34259884365 51.5899916336566 89.86358756215715
247 937.0411254572688 768.1811985360581 51.61995543082862 90.83107526378065
248 937.6830205433718 771.745739955991 51.625402488247566 91.59143162968137
249 938.2618169186757 774.9763176442043 51.592911972156706 92.0676484101048
250 939.2200698494247 777.7734588526802 51.5959139578951 92.29947083175189
251 940.5149119928849 779.8111137668191 51.50564988992058 92.42825850767332
252 942.0118335035494 780.7159012928124 51.331447601938876 92.47105843253908
253 943.6653290116706 780.5580695002874 51.06757710218041 92.51940324538555
254 945.3661466417824 780.0260433586718 50.76964823465693 92.5766069740357
255 947.1025810602838 779.9559892309868 50.4026249431844 92.73685538144456
256 949.2082437397122 780.8253113925606 49.96981632767682 92.99937100082875
257 952.1749234063454 782.7505375205084 49.58632063242562 93.22342709158396
258 956.1365253323526 785.7905514894222 49.270305945239144 93.45186030849719
259 960.6057553432609 789.9555444247138 49.01953425955455 93.77018274701113
260 964.7905072602936 794.7743005121498 48.805147513649295 94.19730854348802
261 967.9688214933549 799.0513507129056 48.6052247320316 94.65169764670104
262 969.770868481595 801.3126018873785 48.378793296255076 95.05562541059281
263 970.121531265264 800.5891209222935 48.10327680994467 95.34275036309542
264 969.2023191779974 796.7791111969473 47.7847456640549 95.47206070367177
265 967.6975988506564 790.4653753870608 47.44390425272731 95.43901041527062
266 966.4476075974545 782.4690590131257 47.102016456579385 95.25214512114141
267 966.2343784312133 773.3654389693885 46.768706237394774 94.86921875292674
268 967.2512434879337 764.3086451977223 46.40971917311541 94.2510855129229
269 968.6051164639993 757.6035100619922 46.00735150342874 93.43498811074518
270 969.2379802252395 752.0049823453357 45.58015931447188 92.47154552359503
271 969.0004859903325 747.6446025678135 45.10924427031999 91.7145523177411
272 968.6366836806448 745.8789108520896 44.62133835078312 91.50445108171651
273 968.5605544116297 745.803780410997 44.19538393733172 91.81545569451946
274 969.4549964449773 745.7555004619484 43.82585062670851 92.39818992543078
275 971.6644251322011 744.5385394639794 43.62360627126229 92.8069264730164
276 974.9711582191634 741.7516994992819 43.448324556718205 92.98211706350232
277 978.8249568572654 737.9035557849337 43.23988552667671 93.040710637563
278 981.3482003257516 734.2441126541371 43.01412481862436 93.09218513920965
279 982.1699714958778 732.3607203816094 42.816216264277465 93.17752574562593
280 981.298218442081 733.5491881270859 42.69443331806306 93.27948489407567
281 979.7303441389972 738.4693545741209 42.69285065047603 93.35254081721612
282 978.4166298709207 747.1048446228333 42.83011796519106 93.38815990670375
283 978.0372913464242 758.846023074912 43.112026081847375 93.44244020815296
284 978.8143683652847 772.9478972337046 43.55578584616308 93.61269839058453
285 980.8595215488812 788.8436475469441 44.18136355677284 94.01528872114204
286 983.4066512876752 805.9467870320808 44.981647187935785 94.80395138102158
287 985.6829935853154 823.5587477229735 45.937362978830656 96.12320190082082
288 987.4874547103346 840.8039887145096 46.942759176352965 98.2030795918965
289 989.1683020479251 856.0772849987703 47.805945867579275 101.17901866783271
290 991.637010420224 866.7309380813359 48.43402859910305 104.79953752080365
291 995.4980093512567 869.3716789605279 48.12229514147091 109.39015194081755
292 1002.3000949419414 867.6196029906017 47.30636437167382 114.03159210284298
293 1013.1289474756077 861.5409230014506 46.26478488271372 117.90415292473703
294 1025.269928057954 850.0670943928607 45.11154458209765 120.15257997007765
295 1035.7390169479656 833.611144008512 43.884359652147644 120.12185202813512
296 1043.3895963638631 813.7850564730019 42.6757704078084 117.80985762132994
297 1048.1590846761455 793.6768540966515 41.641588902539105 113.9185046807868
298 1048.0116312997545 775.8690319576 40.89014906217167 109.43608906525242
299 1044.2271125311443 760.9865524437174 40.41858298826113 105.22571229512587
300 1037.209601503138 748.5681036036584 40.15992725649598 101.808138279688
301 1028.681946771478 738.3520738839069 39.9797133677338 99.36588757801218
302 1023.1685129086225 730.2542470497747 39.78766096749336 97.74918553470812
303 1018.0490304176489 723.8942906424821 39.683156812543736 96.56635155547814
304 1014.2804581714399 718.7078158621314 39.60053843618311 95.73052994033343
305 1012.235034936293 714.2996985846208 39.52402396108346 95.1366804260657
306 1013.0256400245772 710.7309561948769 39.450180143125316 94.70283335500173
307 1014.8466629705341 708.694131837637 39.39759728178591 94.42862920754578
308 1016.5594154927339 709.1767520457486 39.40708213534039 94.36948597078654
309 1017.1520647215585 712.8356942345936 39.47739082658188 94.61254372530196
310 1016.4922539191474 719.7467872486249 39.483293087908756 95.33988309296375
311 1015.0522478192833 729.3402223724258 39.550187855308955 96.36611843807354
312 1013.8651011776615 740.3597326283144 39.67196036975033 97.5401785743536
313 1013.3104629066064 751.2010759781472 39.82680001118005 98.65746621547605
314 1013.4453807438289 760.5476185459133 39.990916791097014 99.55585312136911
315 1014.3530936281011 767.8293118181834 40.14844482174036 100.18448935751482
316 1015.4104397233344 773.1892249299382 40.2868645682908 100.59923678969685
317 1016.6360114239956 777.0016903455753 40.40197208111699 100.81039129737856
318 1017.8814225023536 779.3892983101313 40.484182059697886 100.83616067844191
319 1018.9400663424914 780.238097165671 40.53579768972066 100.69678128968575
320 1020.5042820701069 779.6027030768656 40.57815865687928 100.40918186954394
321 1021.9847106004247 777.8991445099814 40.63076593687771 100.02071860270996
322 1022.8389507342735 775.6543650571932 40.52342110829483 99.82823823915714
323 1023.1697991427097 773.1595666757194 40.405860973624165 99.64910555648547
324 1023.1126226587963 770.4471503752329 40.3220960783873 99.39616996563109
325 1022.8623362040333 767.4761006590953 40.22505708024449 99.09334761099662
326 1022.4019565857513 764.1844227647933 40.097422787963495 98.74486909539324
327 1021.7949602132859 760.5435222967005 39.946777326096985 98.35467758915193
328 1020.7829345198357 756.7274849855421 39.81787708991636 97.93028476844998
329 1019.1994331617583 753.0219556625245 39.779741591352824 97.45806965674156
330 1017.0033094516652 749.5590978732287 39.49757621112012 97.3903871156477
331 1014.8260923790161 746.3344105136327 39.2350317234158 97.36912069569384
332 1012.5191062937596 743.4730428671354 39.00069757840863 97.39184424800361
333 1010.4518767955875 741.3808525606036 38.805778338029945 97.42925388837155
334 1008.7830368773351 740.8042938524244 38.675484299934354 97.49871203005807
335 1007.3800108305466 742.3531373136378 38.627657853050444 97.63898487419931
336 1006.3201237861098 745.8403881148323 38.654129369175024 97.90988853630684
337 1006.1491624392221 751.0511892682719 38.75941307120047 98.30479446391253
338 1007.0232367426119 757.4897679188846 38.941244530375876 98.77085427871457
339 1009.2604243001248 764.3788160272522 39.183532766882266 99.22662571802486
340 1013.0936244681684 770.370695799009 39.446084100499654 99.58444464987562
341 1018.3594231596747 774.4166303175368 39.69979244964109 99.73399564052329
342 1024.3286721673117 775.8190911102869 39.926028045947035 99.5922361360283
343 1029.2003242313633 774.3200626081933 40.10170854280342 99.19848060214613
344 1032.9045356186289 770.046777694278 40.26286169609329 98.44617806666162
345 1030.7173731654893 763.4896084350551 40.43053837777854 97.39835725533754
346 1024.5673307448876 755.5308612389204 40.637203973344164 96.16426029917024
347 1018.6682961632052 747.2907426130384 40.91232817369963 94.86914519398219
348 1013.4829668454806 739.8534839787463 41.29102418745167 93.60917854645155
349 1009.7081992190599 734.1850597748314 41.79212501382517 92.51798152409258
350 1009.4093055173323 735.0525553581953 42.40987400984385 91.7083240669026
351 1011.2156914320899 738.2091687971414 43.153122663360215 91.31916933075037
352 1013.0102917128266 744.1712364640316 43.99862015250291 91.46326627175986
353 1013.9359848651691 753.1749422589412 45.08304801180896 91.96561338333659
354 1016.475779406162 764.4034600252995 46.341447711327994 92.78140866602348
355 1022.6422050007232 776.9343983250849 47.709798506722464 93.85806827199217
356 1031.8570896986218 790.2883773123141 49.1290302670822 95.15805726444555
357 1042.2104328945543 804.0073204694534 50.555499745906474 96.60995451123935
358 1051.7906863906906 817.2474818184611 51.958520792887334 98.08220132686485
359 1059.3205928436973 830.1589438612875 53.27995316916931 99.44079276086616
360 1063.904391322653 840.1618223905563 54.26479270357058 100.77076422796381
361 1065.2586014308586 846.6642321743942 54.95073167066979 102.00635835251724
362 1063.9923326192322 849.5531568800483 55.576163260397195 102.90796982054795
363 1061.6912126135578 850.3745312564299 56.069469183566014 103.69094802746402
364 1059.0458902032892 849.9371388307019 56.43530565318916 104.43530172948023
365 1057.426098586866 847.4866327025404 56.775233775961965 105.09757745746603
366 1057.459967979032 843.5749186089603 57.073540505474035 105.61205389475963
367 1058.6461322636842 837.7821858095921 57.29389153920915 105.80275001104918
368 1059.8077616750472 829.7827819205297 57.39989389725971 105.44142729962648
369 1059.612125355294 819.567349819394 57.37627876095406 104.40245221737558
370 1057.5600811657225 807.2514849643547 57.32514305684728 102.81747104409615
371 1054.2275900472293 792.9305173544573 57.44090469176445 100.3016731330944
372 1050.3865403033965 776.5386182860957 57.45237960698594 97.32331329646996
373 1046.2670024386944 757.9165716839071 57.5948783135948 93.7037461500718
374 1041.5799797923798 737.2498996566262 57.79629812902846 89.78713332656685
375 1035.4044991066726 715.1417431957606 57.47649161919544 86.74393169390183
376 1027.3347208384398 692.2748245990603 57.337303222764604 83.83457946016762
377 1018.7027477445303 672.4832395232703 57.237169175963594 81.40255206751851
378 1011.5307568089664 653.6153099444889 57.311555845773015 78.62069826976631
379 1006.8448122614067 633.1491559357038 57.394805911448074 75.58154807014559
380 1003.9600410407141 615.6438507211295 56.010893721411385 72.95783387918257
381 999.8550174296921 598.2054772245499 55.16546396861018 69.92657884657147
382 941.9053922195753 679.1404078610369 57.56100886784469 70.03563885406143
383 1024.5771678246708 484.14722945605837 51.87307564244669 60.80865684724717
384 960.4549410365902 555.8925767833532 53.28342292657009 60.432386765159244
385 945.4704052537555 549.6108607383259 52.318043788256006 57.52100701675788
386 935.750848870031 542.9404027548479 51.588357219668964 54.65677588535775
387 941.4414103339241 509.55145131573397 51.06277506735797 51.46077141363536
388 904.9265198953489 583.7958514407351 50.33777383947643 50.86083611978615
389 944.5774054349545 477.6119694013052 50.02063098488557 47.38135403692153
390 909.5306287856733 545.9914176656324 49.27114734082345 47.90698249832689
391 916.38768442855 512.1638078183112 48.94385069431526 47.08220391032535
392 910.3102068908607 505.22499545731966 48.65909765407517 47.02536177313643
393 902.4070137329747 500.74101576638583 48.40646043595919 47.145304881175335
394 893.2860354836116 495.3203904133213 47.93834317874411 47.465108155870396
395 883.7222122246993 491.28014540052544 47.445105116740635 47.925357059379216
396 873.8342768892351 487.5356554860818 46.64831831444727 48.53737405090886
397 863.3540635038125 483.5540203457154 45.89385329703357 48.99224050700555
398 852.0064340136587 479.92522147739726 45.24250308522129 49.09448488182493
399 840.4101597509306 475.279342526013 44.68109115255225 48.86540291554834
400 829.0824738308655 470.5009012395869 44.19192610288621 48.3290547910273
401 818.5081751998193 465.5129141043887 43.74764285143117 47.50914128999049
402 809.497999632156 459.81192905259263 43.31488657398924 46.454776066483966
403 801.6261516478968 453.5841802956146 42.86558386555715 45.2925175045129
404 794.9281617374003 447.3739162460346 42.36583122872362 44.1078700694239
405 789.4864592908862 441.63166691414585 41.79942423312284 43.04175169580616
406 784.6580573181951 436.0681592722794 41.14637601026561 42.33984001284388
407 778.7703249580122 430.17013373899647 40.41769968047777 43.19144558358163
408 770.2295634384277 423.25073921949735 39.92435508144185 44.892329114202596
409 758.8270681134578 415.4216992639829 39.667408698004294 45.636434486483985
410 745.7458270018842 407.8333166184403 39.37753240800917 45.20722407114295
411 732.3299131974647 399.47930857203744 39.12493517971382 44.28750463915051
412 720.1141703698337 390.8025511196971 38.887523788260246 43.00446594426103
413 708.9173444906045 382.2060617184293 38.65757066282422 41.47109035349671
414 703.7762308501176 374.082615148504 38.440668653110876 39.833616933536916
415 696.0609799162202 366.9049488374865 38.240207072311804 38.21978989982949
416 684.4583867829294 360.8146525014637 38.02202814854304 36.748808970146726
417 680.0662995451895 355.4765739938013 37.76963063023009 35.452791719888566
418 676.0374614990544 350.59161549139526 37.493860054933684 34.32348022582913
419 670.6213163883752 346.01134805346436 37.24562117491309 33.42966562079314
420 666.2826676935417 341.21387423030376 37.07243952851973 32.93383455951061
421 662.5008667986006 335.4714187546403 36.97796253213675 32.918348938213256
422 659.0984271041684 328.5046054970717 36.9265118188051 33.288646589792414
423 655.3128454635154 320.6672530528723 36.900109941760995 33.9520668168347
424 651.0617729328097 312.70067777751945 36.90317168233578 34.84731670809211
425 646.822751443753 305.374454269197 36.98095892867109 36.01033235336414
426 642.7737750061617 299.0470611699296 37.17135112692628 37.43354822828771
427 638.9837793940463 293.7135656336662 37.49387781803884 39.06341394636921
428 640.4210225449743 289.39479764161484 37.95549529195235 40.79733693450998
429 641.6641249603559 285.9863695693301 38.441743573826905 42.285834172460916
430 644.0540256087103 283.3334571589691 38.88497267394405 43.38469004341098
431 646.9124632307997 281.0953603644778 39.26005229477372 44.10471018246997
432 649.3716498031584 278.8784916241146 39.596834647035706 44.56295518751841
433 652.1842646886851 276.35045854933634 39.933464325673896 44.860058922105445
434 655.2344258195716 273.318639232878 40.26085782045772 45.01843247636901
435 658.362943748147 269.7445480737071 40.52752404190063 45.01705051026265
436 661.3991032724452 265.74264011426095 40.6853505336636 44.834646035227884
437 662.8127014712185 261.51952769657703 40.7038549641744 44.48209393202271
438 662.3487140873989 257.22630056125564 40.5565824333739 44.004243568743064
439 659.9240189235999 252.91994091325773 40.268671667690555 43.403930510600475
440 657.5465667322524 248.562524522254 39.91606365854653 42.65692103415926
441 652.8927720904162 244.06982711044535 39.55389705131862 41.78255917520117
442 647.9778017823838 251.11607715525773 38.6752269111296 40.54490246098259
443 647.8341132911272 224.18205402274262 39.83636130516228 40.4630646772718
444 644.4323778539164 229.14088496570463 38.74300564988248 39.039596865543906
445 639.6842534147066 225.5549754318348 38.49753553683881 38.18229828512929
446 637.0685001967636 222.0825467697894 38.27937636023959 37.34826962547293
447 633.7084721003193 219.48924054559595 38.096425548629114 36.575712628217524
448 629.9226369411358 217.1552218545561 37.963116546949365 35.91259742657821
449 626.2833426235853 214.66411834705363 37.8957317287021 35.408696059684985
450 623.1691354997272 211.94548133446858 37.9017369464113 35.07239654964831
451 620.3826506766708 209.1449371633654 38.04035683876381 35.028289310428
452 617.6591990788434 206.5777140518261 38.232609228230544 35.17449331156815
453 614.5555129503869 204.3781954539669 38.493121010659024 35.586121419884094
454 611.4341676787341 202.61265417155323 38.83347745455509 36.26091349520002
455 608.0259042950323 201.3133548020461 39.26496289821391 37.13698419472545
456 604.4640956610425 200.4877172275895 39.79891194898377 38.14081078229541
457 600.7494011542057 199.96125448959364 40.37997370430188 39.14795915611858
458 596.4646199389134 199.55387227669482 40.96105995892197 40.11346514440687
459 625.6151766579261 185.8589218354059 41.576486470382015 41.040738718448836
460 554.4775350350137 217.2963937300921 42.34278492064237 42.28556638014516
461 580.3971179139256 194.523750706191 42.372090649608715 42.52248634405763
462 579.3900337824558 195.83390272397793 42.79317774767349 43.3792290799964
463 578.0729765273843 193.85687979797453 43.0911731090824 44.29448758318666
464 576.2181896084891 191.40934306842053 43.213529270022136 44.870756977931606
465 575.15142417396 188.9334448749351 43.24215795977992 45.075447172044534
466 577.0389059150298 186.38184157284658 43.213087146762476 44.96276080494465
467 589.1066115168446 183.90437008098766 43.134934474130965 44.57309741036599
468 595.4748269532622 181.53130669282837 43.01530140693978 44.00333454854865
469 597.7363020242742 179.18545355249745 42.865244315977 43.34808326933214
470 594.8966137872926 176.76117481230187 42.69399158865468 42.649082539742814
471 588.254423079086 174.14243504599122 42.426101124898516 41.961881833729564
472 579.1000812424272 171.33087906952412 42.072310659767965 41.218090058160136
473 576.4918424332035 168.5105673329768 41.75981179859931 40.27523392042128
474 572.312251825701 165.9542914275543 41.48548652808477 39.24837703631704
475 569.0740305136176 164.03132872366143 41.28875560248172 38.28559218776023
476 566.4117020874784 163.03098493253307 41.221020638696515 37.542369982345484
477 563.4087605052971 163.1586188842751 41.327571849201796 37.15394071457377
478 560.1707581209548 164.52192529185635 41.65026086371083 37.18189953242908
479 557.2820729265733 167.00848085082802 42.23233075733288 37.612667126104256
480 555.337304654226 170.4844701840987 43.080509979221766 38.39691947107222
481 555.7461769838171 174.8978405366668 44.14395658868995 39.51057250648505
482 557.7779318647412 180.0233068830244 45.345036902310774 41.02641632249699
483 561.8159097006651 185.34352461266423 46.59041009745676 43.09542336916604
484 569.5957049859202 189.9497785917514 47.74373844468134 45.74018981508325
485 579.3523417016878 192.5872004689757 48.61493249763017 48.54077892476558
486 589.7941311792088 192.48804268459486 49.190572252067106 50.63766367158822
487 599.4686343932564 189.7702207951053 48.7162926087855 51.92064640151093
488 610.2819207319337 184.9388034135984 47.82705729732252 51.92862329270579
489 616.6337444330262 179.04090686815601 46.79446515031919 50.97857636933271
490 619.7026007988983 173.06853146289902 45.84358447244593 49.46064502676408
491 621.6399843762537 167.45498459324102 45.081027435329794 47.720935476016066
492 623.4458389134505 162.22550804618615 44.36033436865762 46.21517254078286
493 622.3560097931595 157.5422683107107 43.78488649829451 45.011374814144766
494 619.3866890605234 153.56556904692957 43.35999912713533 44.0802592019724
495 615.2590731915302 150.59120453155492 43.0124526763637 43.38309505827708
496 610.2983579392369 149.03271975085036 42.731231360382836 42.87600484995991
497 605.8865635943991 149.0484918067041 42.515653394482996 42.54222397432534
498 602.1076278350071 150.24665733800288 42.34889571583793 42.34584443792584
499 599.2464652591592 151.9114574154077 42.21923497091085 42.2457365834781
500 597.2065292120958 153.4509142577065 42.130518388061965 42.224986421012716
501 596.7501294349839 154.59188825861563 42.089346209219805 42.27256752955828
502 597.3688236723361 155.30627199585885 42.09994397869266 42.3733937321796
503 598.5837855708917 155.6484839848979 42.15907494967901 42.5091926566053
504 600.180952623205 155.6855245912807 42.24697540980265 42.65375140840753
505 601.3146333717876 155.5337552583932 42.332398990729054 42.7739986805586
506 601.8411127138378 155.36092872405948 42.39717094401027 42.8563790604008
507 601.8883408892802 155.31465943841687 42.44826280659629 42.91581427440573
508 601.6867844334407 155.44210922694012 42.495204286580886 42.97010937412477
509 601.4525787448351 155.69032710117037 42.530614763968394 43.01274320653995
510 601.3318619434413 155.9806152801073 42.54234609012834 43.02508011185671
511 601.7572735308668 156.24558614017803 42.530345071269714 43.001591294080576
512 602.2465585628684 156.44392158139357 42.5074128478207 42.952634962663204
513 609.3207534889509 156.61049389333425 42.491926958189836 42.89733592627828
514 614.3474217201942 156.83799226284387 42.49674255041005 42.854463624625915
515 619.3397824279967 157.21515355546006 42.52466704832844 42.8349895367847
516 623.9977153821822 157.8516091365401 42.58310631226126 42.8535503393779
517 627.9948693437024 158.8812346311123 42.68560190993877 42.930289439377106
518 631.6960078553549 160.28405728916377 42.82779085534878 43.064084400491275
519 635.205267646452 161.7303490116219 42.975485762175616 43.21737802053263
520 637.9485692644824 162.836987234995 43.06480367201967 43.31749422046727
521 638.974207538423 163.27545410918734 43.040261302745265 43.30607605002625
522 637.7080672190948 162.97699496187548 42.881850550868606 43.16863290657343
523 634.7100722011146 162.18659217510944 42.61679618480018 42.930992504349696
524 630.6181023638609 161.36512022597773 42.31110819463577 42.658854895370695
525 626.1701102609074 161.01307788486397 42.051533333068676 42.43967967693401
526 621.7609871712987 161.41086347136945 41.91326423089824 42.34355635418489
527 617.576672319024 162.42137831525184 41.92867884202167 42.38500234656353
528 613.7838527039722 163.5341435521161 42.0851754770813 42.52980237558675
529 610.4063901458029 164.01540126314947 42.29302676775049 42.68197541962148
530 607.7612752753781 163.59220778278444 42.49768259070052 42.78291542942721
531 605.8753021175106 162.58430051211252 42.66107480118163 42.80231434954181
532 604.7977503782594 161.50246563389612 42.76614166061078 42.73052113597125
533 604.4773230727955 160.48119920008853 42.799249990648136 42.57028915287144
534 617.1591667539956 154.9322749766492 45.91252238985896 45.539089849390976
535 598.2268599538793 167.0882697102713 39.09764940221741 37.66640154596812
536 607.1579588502417 156.80774971226094 42.30181288406487 41.415603435537264
537 605.8799510411324 154.7885524236431 42.237795014114674 41.09202426826398
538 608.0405355658203 163.2862949527513 41.139338384812376 39.63066271194627
539 590.900521110456 142.10586324226384 42.20985422745082 40.23829246093733
540 599.4508617979081 150.18793458443594 41.04710522089351 38.70260466468589
541 596.0628850983419 148.45883776153687 40.57964900211728 37.74307899818388
542 594.614724573508 146.97854147621308 40.07557323414921 36.70315614622895
543 592.2103176756989 145.81842573615538 39.57628464684873 35.625912093771866
544 588.4467410053203 145.06645083038052 39.09969715306846 34.524144037033246
545 584.1413810193571 144.6771227485027 38.66960794843298 33.433822556209535
546 580.0749045841 144.64972534613617 38.31222174043557 32.397574396177845
547 576.2195033287096 145.0358191813367 38.053584926330586 31.467587536495408
548 572.8932204649161 145.80716451860604 37.90900320511522 30.691398267240093
549 569.532165553239 146.81362614897293 37.8768256546964 30.059038974800647
550 566.4144358402149 147.86739302679337 37.94509755782018 29.56957760736633
551 563.3122924177494 148.86109281682414 38.10837986397156 29.229805979427706
552 560.5987875469032 149.8402200435509 38.370934232749725 29.060571570433037
553 558.3505902243385 150.89133002116398 38.73442357766633 29.064704628910658
554 556.2349957802165 152.03473324418042 39.19885082820517 29.240405942370796
555 554.0548442021216 153.18674716030156 39.761468005764165 29.575678908960192
556 551.823980239467 154.0142270684992 40.36808035885521 29.945535910897224
557 549.7912662279282 154.42730149244363 41.00253550797274 30.345910972186086
558 547.3689915859931 154.4964007912936 41.662379641469066 30.824939809019806
559 543.520531468245 153.96207720263126 42.23586690334207 31.220345021181977
560 538.0854835323806 152.66904036877622 42.65941945429872 31.436398937430823
561 534.4190472404481 150.73674790367454 42.95156956721316 31.4999783120415
562 530.6602507358829 148.33746318834778 43.126267623772414 31.41284917123288
563 525.7905902745683 145.71656718881496 43.21765158958195 31.215334321019157
564 522.870528550254 143.07277717057735 43.25683434192501 30.949145509424433
565 521.6833638292711 140.57413562924924 43.26325503258039 30.639641536412793
566 520.1084505823808 138.28026423209658 43.238529021935946 30.296221535165387
567 518.4112519097821 136.3688055834542 43.19271279734027 29.924200436333116
568 516.3044985213386 134.93713995239088 43.151362477737955 29.52489694860156
569 513.8684752634686 133.260991924394 43.03899406731505 28.95785248215292
570 511.12682002977874 131.23688896605373 42.752283038719725 28.11125827658749
571 508.4437119213911 128.80442100359056 42.21387083397421 27.08143270320362
572 505.99034299300973 126.28178847367558 41.612928108995824 25.986555178355136
573 503.39383816282566 123.81955982015839 41.01643823393986 24.921481709920098
574 500.03423091685454 121.80606627840857 40.50450999846141 23.909216387803795
575 496.72147218850824 119.99097608314018 40.08137559300234 23.103171548555636
576 493.33428119549205 118.36816829480891 39.79440631002594 22.43455704771273
577 490.35913985629816 117.02639380549762 39.65799401213685 21.911875695234688
578 488.02549144009345 115.92622371368931 39.67021072617508 21.50043489977836
579 486.92378646912204 114.82201925432278 39.97399176494351 21.240975878235513
580 484.01756350843937 113.6363683946879 40.32209134470578 21.24308712704582
581 481.1740734087812 112.34632404824544 40.670438266349976 21.176979200909074
582 477.84582080371797 103.71466340125754 40.476749086803416 20.644410847963467
583 473.0073722591997 116.87874474344507 41.73412061094643 20.877613302025146
584 469.77052727719456 107.80332058720751 41.59793738029428 20.326928898728287
585 467.46170362975863 106.91309013636987 41.9104369188007 19.974978811396237
586 466.7495355676227 108.4384428108583 42.12689576237015 19.491667442595457
587 467.6943713143783 110.35317731180997 42.388688289912054 19.18410654238401
588 469.9096728867602 112.34443957885095 42.754033354966325 19.028218451553176
589 473.5041407158125 114.40536310046376 43.20637528430251 18.990027522938433
590 477.90132266986814 116.53747067332395 43.706771769763044 18.995676760179343
591 483.45370325974903 118.72394480399973 44.230379851955846 19.16503939714114
592 488.0408573729238 120.94765229144376 44.743704585933564 19.30856088598895
593 491.1235663850224 123.15849773495007 45.23348072340679 19.409304110442623
594 493.2081216581687 125.21127182196709 45.690500642781274 19.475398327116867
595 495.13076704777455 126.96063845283807 46.09537792590574 19.508324497858112
596 497.47156661628503 128.29926034838255 46.43731209133076 19.50361921602133
597 500.39515769457205 129.26973172288595 46.729663213907685 19.4686451367798
598 503.6145180156452 130.04763723894806 46.959995252981294 19.396737683640506
599 506.80880727164424 131.23841021000098 47.02929496997467 19.24270990657849
600 509.34946699089784 132.98072488601056 47.0810460342999 19.06574245592647
601 510.6806632421532 134.15539491299015 47.04945676258876 18.80664266066745
602 509.8964284603148 135.22080473806244 46.90988409592439 18.46799768466432
603 506.79318924764937 136.56467421327582 46.662800339578446 18.054071490998496
604 501.723264612776 136.64776761502245 46.32955089945296 17.597803534965102
605 495.43627626153517 135.58381682187166 45.90804151273404 17.07382616691613
606 489.22318483191407 134.24618093960936 45.43296553918482 16.570781474946457
607 484.74181460205216 132.94862920079154 44.90684567556073 16.1495058140764
608 482.3079134849435 131.71762124134153 44.31351133230867 15.788387022450822
609 478.9279388095878 146.48177741199012 42.281828580804074 13.490607949816845
610 491.43860332392796 113.56439158800595 43.79081627112669 16.497607723304494
611 482.9540250737969 131.90390816133402 42.05699574203633 14.6571081662127
612 486.2505081843268 132.29437310364244 41.230765868697574 14.023213037807741
613 490.8197597766559 134.92184364867651 40.63115540370289 13.371432202057756
614 498.7119128588974 138.97406519263572 40.51693741269417 12.576479480578724
615 511.0554980995041 145.00925091197752 41.017549044728234 12.51566519530065
616 525.2729441748545 160.1163489997676 41.40308305832734 13.013114183682397
617 543.1623802693272 171.08314428591316 42.30366903100379 13.54544507098001
618 524.9663217659067 180.52600544678884 38.66639206454424 12.712171961803307
