 Trunk Shoulder Elbow Wrist
0 444.3345962221629 144.36192238747878 25.145139998347048 8.670993577566193
1 445.83609968492533 143.34373264606288 25.79459178592691 8.383078668118758
2 444.7411068574054 142.34758160220034 26.9343160522655 8.319233010535582
3 441.0616367728381 154.60037230819285 25.859624548904783 10.313117109715426
4 446.6114328291983 151.84348813930572 26.966008849112487 9.43686886062636
5 449.5401234006811 153.1397485641474 27.595081139505606 9.34261677997011
6 453.1956321456833 154.80696824639625 28.10451903431195 9.379063332856607
7 456.76712152017086 156.3925574008322 28.558462274811124 9.39447959507114
8 459.9295968180844 157.64886289664702 28.97074929746036 9.39297641904301
9 463.41896966354386 158.6390873575578 29.21681667038757 9.904755231481662
10 467.62990447006285 159.4165941903395 29.46765462563293 10.46007107635223
11 471.5849892175241 159.97350622789875 29.743525292147734 11.132312540476496
12 475.200480410468 160.425374600872 30.18622271617851 11.552885052083699
13 478.3387899380629 161.2055045093761 30.602844191128522 12.021532178231066
14 480.9139851543637 162.4012458340465 30.917794223084734 12.569111015280589
15 483.121064337456 163.6341386554149 31.20866652152436 13.128518576214384
16 484.7066604556094 164.9976255298125 31.509578809534094 13.706105696462398
17 485.4712726935853 166.5377968985488 31.74672706043587 14.25861378409551
18 491.80056035943863 171.24453408494804 32.761360787614535 14.71464723616337
19 478.9867693182698 167.96182006833683 31.369972528550417 15.007967110423104
20 483.72828692392454 172.4475236410164 32.17621666887346 15.540443515118666
21 482.53621205168173 174.69429529866727 32.01680961962433 15.96230414986199
22 480.762093259144 176.985919590376 31.79522392473283 16.306144149154086
23 478.6818384299977 179.2081951224246 31.506522777493757 16.57342616448747
24 476.12684713873335 181.26001634561527 31.147141155759485 16.766628766471545
25 473.12336754740284 183.04580002344767 30.723899164518684 16.88806199979356
26 469.76837028704074 184.68859084836546 30.273216249524545 16.92592180948903
27 466.15994108244246 185.97732225336776 29.79933098589705 16.8978318747296
28 462.38512848914905 186.75500101483095 29.239046060221227 16.828433074783582
29 458.7874469134842 187.05601164781905 28.65533176684571 16.71496901892082
30 454.8946525825071 186.90746928155656 28.060761556501255 16.566982126434464
31 451.09959984553024 186.32559160994174 27.481437764534597 16.27088280114129
32 448.3589122968762 185.89827298273582 27.030907326254972 15.910744589893076
33 445.36656285830486 185.5474330358576 26.66471498366081 15.660955202451152
34 442.38989434804705 185.50194211376498 26.331476768433657 15.421479849915178
35 440.1193013741242 185.57392359514745 26.04921083936929 15.211961749554051
36 438.1997880062125 185.90190437712585 25.825724163195712 15.04035512340282
37 436.5827319390005 186.37802684580083 25.664803517899728 14.90935813305654
38 435.2474403458936 187.05967309415882 25.564570059814717 14.838288966814016
39 434.27962868582114 188.6488279340854 25.526266682110066 14.821377285413655
40 433.9134884011064 190.43259951552974 25.530109525455398 14.834169634826372
41 433.48769498972047 192.36764408745665 25.569318158160783 14.853522348197274
42 433.03538176349423 194.46134400708593 25.641622779711884 14.837598359107016
43 432.562932857579 196.6737427312482 25.723869662257368 14.827157200091444
44 432.03041320138084 198.94088744816094 25.804212746485124 14.81510511438162
45 431.3665398656525 201.19334562231106 25.87183072504084 14.795840945277654
46 431.8752311767944 203.529445627279 25.91412085854333 14.768291279554072
47 432.5868583666371 205.7456529614917 25.931489986927037 14.727572749960453
48 433.43224789887114 207.7784931340451 25.923423009397812 14.673132594482235
49 434.5976901560422 209.6233525936761 25.891861665470408 14.606847817102759
50 435.95049689308877 211.30170938197102 25.842036571447025 14.532183861236033
51 438.6317336629261 212.84734013259165 25.781994610448137 14.453892069037995
52 441.3697132681789 214.31700193857822 25.722050325100593 14.377660961907019
53 444.2046189032938 215.78731300292606 25.674048135785288 14.309678124769354
54 447.1350650135281 217.35571128363074 25.650852875159018 14.256253879304378
55 450.65922669630675 219.1831938012543 25.666245652048037 14.222535038672618
56 453.9004250224275 221.3964755483929 25.73193785499123 14.21328479955814
57 457.8434161961628 224.135294556324 25.857485870993393 14.231724240484906
58 462.0293132977248 227.53317049555693 26.04876145854374 14.279087900915819
59 465.9494162080037 231.71526452900474 26.30682835047264 14.354179559233115
60 470.455434594609 236.77827235449877 26.627405106946306 14.45337579224302
61 474.6213825311612 242.80229757963016 27.001015513544104 14.570341456853365
62 478.7020057405257 249.82904687397115 27.406368536090163 14.69977488496334
63 483.25208267013016 258.1270286197979 27.810038185121755 14.837261180347197
64 487.6564011334517 267.75936616557306 28.1658852896903 14.97993874888652
65 492.0630959922031 278.6267088658309 28.457110435671648 15.095685469531936
66 496.328354699217 290.12668945661596 28.68949193485079 15.135484341088452
67 499.9793681632819 301.9562513166756 28.82241953621465 15.141830932584824
68 503.54339251332846 313.7692401392097 28.83973256540938 14.956606918257545
69 507.0121520265744 325.08460229897946 28.74518600942441 14.615889840730564
70 510.44090583163864 335.3804370907515 28.502842254871762 14.237820326606183
71 513.8734771196557 344.07139425608284 28.255269367040007 13.715522392658107
72 517.3568859777482 351.02774492924135 27.95988378875771 13.07523773170161
73 520.7707552940321 355.81489857573956 27.611540652992172 12.352696638041703
74 525.2469131796868 357.59657083097125 26.96111195212969 11.70537853566573
75 528.973908760725 357.9289900048007 26.487595106349296 11.105210688784249
76 533.3488215669327 356.20289277094076 26.033102055062063 10.648731469305382
77 538.4292957103212 352.6476619579222 25.620683534595447 10.299915414125483
78 543.7842870243329 347.73773625043816 25.234118723347834 10.11187744873707
79 549.3072295618989 342.04403343408154 24.866764767727247 10.114324688461592
80 555.5066295950978 336.17712551290316 24.47446003715868 10.408658027240897
81 562.25682633913 330.5777388571865 24.200676742581237 10.828810114265224
82 569.2571971162687 326.0674273947124 24.083361013320303 11.390275927926538
83 588.6721730629716 317.56687400230254 24.205072883566945 11.863265970300484
84 671.9465333823197 355.5016285145537 28.883745009205594 18.290381869267463
85 651.7274348001149 270.7172932587503 20.741334984037074 5.173107429260545
86 763.6189125711235 361.6816904049403 32.43969631090223 22.397063618751982
87 608.2277141675708 301.7619645927727 23.477294653174887 10.706830773198325
88 660.1247768808802 343.4894803467609 30.548834509856437 19.085314537351557
89 604.1853868854037 335.55063068019024 29.583580171710793 17.483642365896713
90 598.163505461031 339.73696825170634 30.684346201652968 18.1360478867195
91 594.5727470921329 343.39235870780345 31.719457173446962 18.749571200684784
92 589.3687677308876 345.7358723078711 32.5990488555265 19.244835399245094
93 582.9295888222358 346.33958948175626 33.26245692460185 19.598007558405346
94 575.2402613246924 345.7120006152772 33.57912198928477 19.785524783694655
95 569.8782872141954 342.8254616404992 33.61757688508877 19.793619033301606
96 575.5357241501086 348.70866780428184 32.72667471321333 19.464055075818543
97 553.3603627996939 318.7460392814025 33.55333296688668 19.56034492045635
98 556.1011147293387 324.3302645495835 32.20692172150456 18.860549263538008
99 544.3068577165984 299.4410211694276 31.060014588744096 17.039412387272776
100 632.5882434385545 314.1672877039785 29.89683685818062 17.949797561027836
101 544.4301402277446 293.9812156343664 28.84561509915265 16.709733692194792
102 543.9868647974404 285.25347178430025 27.783818241091144 16.03528261428417
103 547.7242645334709 278.43299891552743 26.859462771348184 15.448011520027814
104 550.7156651404177 273.5413007683375 26.151131787421434 14.993843886596185
105 552.1836400607415 270.7149036474683 25.71232877987507 14.702303287747355
106 552.2645451396336 270.6843586611121 25.546460646553175 14.61462412953459
107 551.2719726772278 272.8225739969403 25.671511084750325 14.711856237521529
108 549.3290563208147 276.8307972226025 26.06676710997357 14.97714751090488
109 546.5584559415666 282.3626713153976 26.69099073656626 15.383894735745537
110 546.073810719488 289.0246966283094 27.489807628937324 15.896927602554696
111 550.5636101307362 296.4142996172236 28.40254268935761 16.476909821480994
112 558.0709959536542 304.1485810966055 29.368277594843715 17.084106678235905
113 563.5046279820713 311.88513351873917 30.331048817530313 17.68176564126362
114 568.5758214905859 319.315273329826 31.243615537508322 18.238472945048095
115 573.4213028538666 326.1955263374031 32.069464713595664 18.73000945059408
116 577.8512286144576 332.31603987542576 32.788752275225825 19.16100760158437
117 581.7946473711563 337.51542009361907 33.38242309333675 19.503405052541183
118 584.7813990019467 341.68039722692765 33.84240322861831 19.744950421883072
119 586.75496519596 344.7395024392544 34.17195383227135 19.89468734116612
120 587.9419099183981 346.68462310530157 34.37906265043079 19.962920507494626
121 556.1031497931509 306.4001029028809 35.92588719338639 20.585078898042376
122 640.370162847285 428.13308257206177 31.275718707365613 18.98221360448909
123 559.9571562442743 271.82001984586475 37.32890511719998 20.459701443371767
124 615.4056654367695 393.13596758893857 33.790136752182875 19.079989658519143
125 575.0853360348549 331.0007591330438 33.66140786880444 19.28438562240733
126 581.3520597617361 342.8363394102705 33.75508002151532 19.519570826801694
127 576.8951130696275 337.682188078047 33.45163190611018 19.37437130975872
128 574.7390838171672 335.47717376206026 33.193157502486464 19.30252737946855
129 572.2517584123461 332.6221684126677 32.92012715663713 19.238079690540026
130 570.066695135033 329.98847550959704 32.661425254063296 19.206634406430407
131 568.0881809249049 327.50407311671665 32.42030250764452 19.201782516219907
132 566.3501655858721 325.2621675267929 32.20294514302661 19.223302090119187
133 565.5907249840674 323.29919744446005 32.01279784583487 19.26863479603654
134 564.8175023820985 321.64484530002443 31.85248368507203 19.334705874114334
135 564.1564156281155 320.3127362330749 31.723626500455666 19.417894553231037
136 563.8309815885516 319.29854011247585 31.626689707749204 19.514743207696927
137 564.0119604409801 318.5804862376724 31.559258443860333 19.62757847157792
138 564.4429225163447 318.11623433602955 31.517463748689842 19.759598021093105
139 565.1108765623234 317.84691180582644 31.502676873171207 19.89697432378383
140 565.9874369820226 317.8473602870602 31.512320407334855 20.036641010172996
141 567.0461793044848 317.9623642539044 31.509389452554668 20.159560797091164
142 568.3078090153717 318.1293456651893 31.531435384484308 20.28398659113854
143 569.6238864371094 318.2544604513917 31.567672936862923 20.40078947544091
144 570.9107836073383 318.5077141531253 31.618987084247784 20.51464294286419
145 572.0865102493672 318.7120626214396 31.67799387319378 20.624008174406125
146 573.0786321540239 318.8318099682958 31.74208087655573 20.724802011566982
147 573.8291253973565 318.83860449306786 31.808379930153617 20.81395834329683
148 574.236414859014 318.7085934044568 31.873115698371674 20.890421401406297
149 574.4379385585618 318.4326016618142 31.932393581059465 20.95442960680688
150 574.3988029936272 317.99279581574103 31.98249488106633 21.00724409410201
151 574.0825020191957 317.37430872035804 32.01993293961201 21.051282530287395
152 573.5399690626432 316.5669709228986 32.0473130302681 21.089069996474425
153 572.8157747983751 315.56763240177554 32.05299837111113 21.126936120240767
154 571.956237550059 314.3821476728749 32.037606078033164 21.16943920615298
155 571.0038192721607 313.0267184748121 32.00013947100936 21.222723999787984
156 569.9917224391921 311.52834293386235 31.940018678569963 21.294509754589004
157 568.9378439717867 309.9243384565653 31.859388263223984 21.387724843712
158 567.8197965888769 308.2610582759353 31.75403168782471 21.51394454590433
159 566.7467101358435 306.59174062135355 31.62812784900836 21.673804234544257
160 565.7329323807985 304.9739317048155 31.492416677202012 21.858077066531393
161 565.0211713394482 303.4664960919306 31.35287646590369 22.062266480294845
162 564.0425328504018 302.12659777845874 31.214612083673124 22.281141496584628
163 562.8325343007544 301.0062795633532 31.082885513358168 22.50733125614674
164 561.3926339384633 300.14910035826443 30.962324728568298 22.732367627336227
165 559.7086887068234 299.5869149358832 30.856681019780115 22.94737392655771
166 557.7289135274559 299.3370177284076 30.768854754386076 23.14302752670295
167 555.9501646967676 299.3999458158404 30.700585412711476 23.310723503815705
168 554.4359895012426 299.68537053698486 30.655575401056243 23.44425193316024
169 552.6571770943003 300.20853878038594 30.631021133254013 23.53767064217749
170 550.8822392924525 300.92829124738046 30.625083711600823 23.587506511615718
171 549.2085223535115 301.7822520050064 30.63585398043512 23.59265177780772
172 547.4875494330619 302.7005936419486 30.66084032178854 23.55488278174165
173 546.5821408004368 303.61197958901624 30.697509998580507 23.478862163530284
174 545.6367329910566 304.450073325539 30.743421088010717 23.372455445798575
175 543.361990411229 305.1600601051559 30.796490137507625 23.246795418120588
176 541.1419761740035 305.70444589268544 30.85506172470632 23.116305806279478
177 538.92065284643 306.06764849305455 30.918040953529736 22.998367518957856
178 536.6448442494764 306.25882287538917 30.98494757652158 22.912771028855182
179 534.2896437508871 306.3123809998414 31.05598509134298 22.880703983013543
180 531.8786930114283 306.286507598235 31.132471826943032 22.92328419459532
181 529.4919132134713 306.2578345320758 31.215797099716085 23.059893417208684
182 527.2573508916903 306.31729977491716 31.30951308284011 23.305756016763794
183 525.3330789808076 306.5612926575525 31.417918430942866 23.669864173482956
184 523.8720263135363 307.0836954367996 31.547193034892192 24.152996878084185
185 523.0164245008375 307.9680197247313 31.703654923053996 24.746033766929482
186 522.9083868396192 309.28057116061217 31.893781887394432 25.429422279818077
187 522.538369515208 311.06512346357584 32.122878136719706 26.173641135928694
188 554.5917815463469 299.70556751285926 32.01847821452701 25.986541058707814
189 531.458725995538 327.7511144899922 33.35017511141206 28.022389417825714
190 526.5805358418353 319.079928225995 33.21064526925657 28.032200897277356
191 528.6951394598901 322.3666773015821 33.61269294182489 28.504923224367257
192 532.229541893399 326.18897267608196 34.00794580407572 28.9073739261402
193 536.2433292442676 330.2490433483486 34.37183985154375 29.20982839427366
194 540.5795462574423 334.43754367374555 34.685144726961106 29.399321991019324
195 544.4286707678206 338.64496352347624 34.92896750791393 29.473490620755623
196 548.2211256553664 342.76562515848445 35.193830881113946 29.20756619525836
197 551.7941390757511 346.69900063740226 35.40023447993668 28.75357871886798
198 555.0099729229959 350.3474608094352 35.51622943462751 28.17474205550863
199 598.042646747184 425.4126674733782 38.28485111572658 32.26360331753001
200 506.1940516732984 218.1786561923934 31.717214342933133 17.4658380294976
201 598.1249039821197 426.7139007367393 37.48668264852019 30.67869553357222
202 563.6929265975539 362.65518416871714 34.97537471059213 25.37345490669113
203 562.2532993075218 361.95367989871767 34.48089535059282 24.4989215408218
204 573.3725953336808 385.2499362545544 34.826467343798846 24.516542599591805
205 550.0457259974874 341.9665397266411 32.67033541080144 22.3077004802823
206 555.6260513125601 362.8037660520023 32.85333312285918 22.299882744390466
207 551.1321948344969 362.1121181742795 32.25267385545253 21.561938373751882
208 544.7105911792409 361.5532024302615 31.663409926013394 20.820078603858487
209 541.271298033857 360.98836031552423 31.09768604537933 20.063597234747014
210 541.3801327476671 360.5786354232145 30.58550488436637 19.290498900657674
211 542.30998331575 360.46736248735687 30.135190051538817 18.509811332480016
212 542.4333560063774 360.7598989895313 29.763925907700045 17.73945894949083
213 546.07630273324 362.0053032443819 29.356210716751576 16.960336096303337
214 546.9412644100175 364.18016576637876 28.93450012196122 16.224053828853382
215 546.8244065345323 366.82510002267384 28.52867005416632 15.558332143193192
216 547.3805201264817 369.83122229167174 28.07982494096071 15.032052467702819
217 547.4210615740699 373.0794931936245 27.806805535417176 14.414732999279254
218 548.0368506116689 376.4493180248981 27.782601113722347 13.672648659133042
219 548.9213377603709 379.7605284431875 27.711321766965415 13.03910229902862
220 549.6692693069504 383.28551295664647 27.862570293829197 12.547069579666799
221 551.8508167274114 386.95615870016127 28.336883912952683 12.145077764257488
222 554.6556416495232 389.72725547924523 29.377776561252926 11.9305591760839
223 557.9907391389382 391.51241034061053 30.415943293314044 13.153439790168477
224 561.7441689410714 392.12498179388575 32.553481002324126 13.902331937248631
225 566.109036743398 392.05311975238953 32.80796739333092 14.698571250651986
226 570.3588636092841 392.84915012006064 35.16588645072031 14.755897528898434
227 573.9504941143318 393.25628588727807 36.42763511583778 14.659704265501059
228 577.7599045283688 391.91626305769114 37.41058349106381 14.74813055918032
229 582.016603449516 389.24396721665164 38.32671838592141 14.892548520499933
230 585.9186097251271 385.7717033434097 39.05295091358579 15.192561523855481
231 592.8513065323585 361.7680297742405 37.37494179375457 14.671262145188132
232 592.8894843966913 396.7706423325579 39.306134390746955 17.577413281952662
233 590.4661641481683 376.1030322622187 37.4132643040322 17.173660119596413
234 592.9784983139016 375.3737584157249 36.930815211009055 17.592593090029073
235 600.4181407564162 376.3533959557903 36.99670601739539 17.75016167125001
236 604.5974367572323 378.24377151389507 37.57488364035439 17.793276985434357
237 615.4473071813261 381.25288027086174 36.94303431086245 17.828511075962293
238 624.2444900045499 384.74597935900607 36.59462454447341 18.372610031543598
239 629.8061889415512 388.6248850187438 36.36922620929709 19.114818276398587
240 635.3918404217583 392.7609897334049 36.4390868389349 20.039382900496566
241 641.6571178075152 396.95509790718404 36.9066814342193 21.048714759523662
242 648.9950282729613 401.23609001136816 37.524836137378074 21.799129719153967
243 655.9951953180591 405.36483958142645 38.231171314263534 22.49299009031755
244 661.7344681213127 409.0789750781441 38.95093017365549 23.11134255218861
245 668.5489346703956 412.2834212599692 39.667276612414426 23.608718653352582
246 675.3861317145696 414.963204896704 40.317529900409845 23.948740958350545
247 681.6978050655806 417.06240137273375 40.919229490510624 24.155034163887002
248 687.2107385337605 418.596734708965 41.483056352021116 24.245579152753397
249 694.462261399972 419.6842667196112 41.99969587832399 24.237437768414946
250 702.137372354024 420.4286664563275 42.450001559849156 24.148561101024853
251 708.7903693991499 420.98740447586454 42.87084396658448 24.00584089273241
252 716.4665226472106 421.48880510862034 43.27768529722819 23.831275866001665
253 724.0730951744955 422.0495050933964 43.687045578632045 23.644249991740587
254 731.9076458116585 422.7628245060621 44.109890731628134 23.46378194312362
255 739.7660168460217 423.67219761901265 44.56589547144622 23.483634783133812
256 746.236705057459 424.7917018341412 45.12025506538906 24.113366393626237
257 753.1520024989919 426.1070354388673 45.781457838535424 24.72324239109884
258 761.3480553499083 427.56744139704136 46.473481320189585 25.303682956816917
259 785.9990261985251 439.3843542286978 48.20397976962062 26.7208114381615
260 764.7505944076587 417.41395720095403 46.748817198888844 25.327694642467627
261 807.9386911280609 432.2675797300217 50.19821636727734 27.86328280668528
262 795.4114067236756 435.8886643310873 48.254202183100766 26.56519802278013
263 817.424110455729 436.4330338834493 50.40954625014159 27.921344566007505
264 827.3023992169375 436.1882996365728 51.057456940528105 28.26015059087215
265 805.6689077969555 427.5519975428009 49.808779346401366 27.09310862811507
266 871.7225342674836 444.8574126638061 54.5233736544828 30.59066081623711
267 854.674521084875 440.35053167265914 53.109828099789645 29.5853259307148
268 861.949290440256 441.81320298979125 53.68725519864886 30.032289686441707
269 868.4711277779345 443.6469357704926 54.18727022519647 30.482033527878823
270 873.6746683693092 445.72360170851 54.580339285075055 30.900968976245057
271 877.651770281113 448.0594532779517 55.05382643526302 31.30421078839495
272 881.7747202803577 450.6280785931539 55.59263958368537 31.67127785476058
273 885.2737144090963 453.458078795825 56.00722427698592 32.26411769948912
274 888.6165406337599 456.55335003461926 56.33835734456186 33.58019718135796
275 892.148857107122 459.8536275953654 56.57627333838843 34.67068600852097
276 895.1597965314616 463.3045407763314 56.69744888116856 35.47492951031158
277 898.1682607346651 466.82466221319294 56.72431678421823 36.027174498365895
278 1056.1668269259876 478.93322494021965 66.38538589687046 44.05361930059702
279 763.2013100494611 465.1221588290141 38.96370047082695 23.03610822390321
280 1220.1317219235357 485.5644442121088 74.44173694541094 51.08503763232682
281 760.1025376437857 479.57275196590473 41.38889943526676 25.846011852164196
282 1217.5019826655232 484.69620558885634 72.26351087620202 49.875240412154234
283 752.5209639830487 487.3030789049331 43.06980440385856 27.557462501906898
284 1212.1824801303605 485.21070647656165 70.5586044706217 48.705211590158264
285 749.5722084180984 492.3505944950755 44.4873517766922 28.490688027635308
286 1202.4986928698827 485.72487194166075 69.27510592842208 47.610965133161464
287 875.960701875908 503.1303943162353 52.630548877767055 34.214051930312536
288 913.1537305138451 475.3312391684259 55.18235095193507 35.66714806732766
289 954.9080168658472 495.3430832117629 57.6330451255121 37.55568227656424
290 952.1346504405508 486.3409995077261 57.16746386860726 37.02837353767257
291 961.6073359770529 491.2409377279585 57.74752661113951 37.4304795681187
292 961.5291024384353 487.966488321003 57.56208338024663 37.25774414817193
293 965.4400663168209 488.67427885716864 57.627199133696344 37.406105113128994
294 966.3651553307733 486.8189408594621 57.37142982537758 37.402023184859736
295 968.0877974938111 485.96927063757295 57.08378052269355 37.482373938260515
296 968.4644996736547 484.1803585361348 56.594955940574145 37.47002897838411
297 968.5656921412484 482.47705504675815 55.99812752468958 37.39413519040508
298 967.916680541595 480.24316840232245 55.2932295451232 37.29029670430774
299 966.70854355314 477.71805727590106 54.6549932132345 37.61753385085891
300 964.8048699165828 474.6958294818503 53.96822708924024 37.84665766898799
301 962.3854692164489 471.22232072598655 53.26357904645076 37.9482620510072
302 959.5061857455069 467.224725011745 52.56030956967981 37.892108633110944
303 956.4112491429963 462.73910985633415 51.8849926902593 37.663249600886644
304 868.0318326991993 441.61259495382603 46.68365021302914 33.4621147939784
305 1028.1417639734264 465.34395648521047 54.55580322916516 39.84120305916331
306 950.7934187009948 449.42283287324096 50.4386372643792 36.1150757992217
307 944.9372906005195 443.20517743984107 49.83298652595376 35.09411169914615
308 942.4943250391401 438.1338597092863 49.77985335119421 34.33574639533758
309 941.063562790204 433.84449639557045 50.17672262907326 34.22131972624725
310 940.4700578947658 430.49833469591687 50.7846625492645 33.92401657040392
311 940.7727151740096 428.33974462234306 51.56119046949287 33.447773371656574
312 1016.8866502050773 431.5496144227757 59.44597259078725 38.43039516614967
313 887.537609349719 427.70555358351845 47.613983264204066 27.593187469389544
314 931.0296378269051 426.7748521404216 53.678474037238516 31.131781654562957
315 948.7820877382841 435.56022156759366 55.89616274171212 32.13820885316493
316 953.8982962937044 440.217722388982 56.99488156517443 32.57545173685257
317 960.6558815663989 448.44224421170696 57.914724839319156 33.16365946196226
318 966.7379021437946 456.6876782187814 58.66395001922081 34.38543538004893
319 974.2796681747558 466.3289633617422 59.23103693867138 35.99482282037081
320 981.4701566108871 475.7932060360207 59.71485488258607 37.837715718315835
321 988.7288400837325 485.1640223846125 59.850053656460595 39.144552582427636
322 872.9523424854094 525.3961527772174 54.895425238137165 36.295304618930395
323 1137.343420422723 462.9713745835101 64.4976681824329 46.04166437275794
324 1024.8792076724185 520.9007979602962 60.737914258293095 44.830196878893354
325 1013.6010678299397 512.7741865171548 59.82480558268395 45.436771178147566
326 1032.5715845127986 527.3274565853962 60.72644303676865 47.13295318969637
327 993.0310167424288 491.21870454533143 57.645469942983866 44.96213900821148
328 1049.4568691483016 536.4638188286614 60.633748096228544 47.73819893971687
329 1011.1128384588101 500.9410042726307 57.639637884010604 44.806406133839694
330 1020.7776575185268 506.7892201131121 57.83364552810916 44.213148940306816
331 1010.1014120297608 490.3068015139447 56.22813435588229 42.08075561254317
332 1025.001240060789 514.8648867424765 57.65860977512923 42.72089878140159
333 1003.6526982703425 490.6317719277615 55.81713387666843 40.33896275580168
334 1019.6901842063444 499.36968733510184 56.28989141224492 40.01570584533606
335 969.9563679876057 476.40013609878304 54.549784627520395 37.854737974858445
336 979.1882557707619 481.12305830731464 54.8508365702919 37.93187320270865
337 973.2731767699158 481.0860986200139 54.7444566291655 37.64714664719877
338 966.1336692497871 480.3213703569766 54.556341238698074 37.29564487085295
339 959.9228905083918 479.7123229336303 54.369362297986584 36.971134012338574
340 955.512916643972 479.3796711784207 54.20903136025645 36.70158923762119
341 953.2013255974397 479.22453472396717 54.08339123374893 36.49207270453938
342 953.0897685299725 479.09672656653646 53.99421942016508 36.33866417031124
343 954.9853467956784 478.8569173358757 53.939890438392176 36.233274291553535
344 936.7433514914566 464.3843075154178 52.96355074888074 35.3180657632136
345 1002.0474780972281 501.3492738657571 55.50114393935541 37.51216236457084
346 931.7246203718049 454.7728983963588 52.41350912626446 34.760084226280206
347 1012.2088131714073 497.7726589565991 55.49279717695049 37.402606432921985
348 940.8423068558715 450.51178830197614 52.31253918232157 34.572172004749774
349 1025.6279809129792 496.30050089579674 55.694375527477156 37.45035670901105
350 949.2139075982003 447.23644071010614 52.25377409799406 34.38821309048212
351 1035.349556214229 495.25614080555096 55.74162360006289 37.35478376498418
352 955.4803096377331 445.9252185521083 52.19940152874276 34.18838694396583
353 1040.975685681725 495.2494093445579 55.669254797096656 37.154171516072026
354 958.4868545120609 447.0246338655775 52.120456384286314 33.97381046837294
355 1042.7047167365874 496.5385488508424 55.5066863862776 36.89937096906939
356 959.5084568120577 450.54025269729607 52.02233664334589 33.781481567088605
357 1041.4300497536385 500.1442401285288 55.242142768283465 36.62488427353585
358 960.6043083973105 456.06889413195427 51.9371146320435 33.65918614052561
359 1056.0079389041491 486.75027667199646 53.865275072365364 35.51347379324323
360 972.3568738403027 495.45660666541244 53.887996579595146 35.301081164201534
361 985.2719454105196 480.6439095279933 52.82839940016267 34.48890664856759
362 999.0914170548066 491.28482817135847 53.30708955846553 34.962178662757466
363 996.2288860270146 488.7239006543213 52.969169409101404 34.69832802412364
364 998.3847669138263 492.2785855729027 53.059676107177324 34.82730352920457
365 996.8755295879579 491.82741543089253 52.93532876699535 34.75369583939495
366 996.8686157316913 492.6183818177435 52.93329388861408 34.7840107021955
367 995.7262762103569 491.90731897271013 52.87865170064112 34.75380585124184
368 994.7662632635881 491.16675988492244 52.86129523837332 34.74326020061223
369 993.18774509631 489.7134994897738 52.83297585563761 34.70675132093555
370 991.3935541870213 488.0275824010179 52.817112067661995 34.665671408223055
371 989.2535282674501 486.0165376670983 52.79988830486698 34.60855406698286
372 986.8756698678116 483.90971866142013 52.786921959390185 34.54313301930009
373 984.2262303711474 481.7833180806199 52.77386913518932 34.46885374149919
374 981.4655346069327 479.7951286487041 52.761686838827494 34.390687506952915
375 978.6168475956082 478.0501053056326 52.74862488438768 34.311725588570276
376 975.6280295843136 476.6567255460535 52.734771299912005 34.23562718144949
377 972.5845395527606 475.68475152197936 52.718230244647536 34.16808389013581
378 969.5730366621615 475.176389026306 52.70046522293887 34.10833108419908
379 966.6820333164188 475.13318446386154 52.68116831080101 34.0584480300034
380 963.9814375163991 475.5196386279771 52.66062980544533 34.01907761481094
381 961.6325253710436 476.26480769490314 52.639236771108784 33.99009738731965
382 959.8891591118445 477.2706111292962 52.617568191782865 33.970714186244834
383 958.658600776744 478.4212883717121 52.596331935932355 33.95959054519062
384 957.9905274379582 479.59532661739837 52.57634578528198 33.955064894709636
385 957.9393868795647 480.6776007100314 52.55850546525504 33.95533758323562
386 958.5489987233088 481.5702048282126 52.54372745271146 33.958771070295015
387 959.858134641517 482.20087082462214 52.533141455552325 33.963334720539535
388 962.0664481146806 482.52847065979626 52.52700812417704 33.96914834116929
389 965.1026953820723 482.5442427131526 52.52578221636269 33.97588337058072
390 968.8371273208176 482.27011731439234 52.52998850565928 33.98282932406398
391 973.1708346456468 481.7533746558632 52.54006857558261 33.98910348577759
392 977.9708515858526 481.05840227572054 52.55539574601765 33.99556096265537
393 983.0710192558496 480.258763931842 52.57510957095042 34.00276384472585
394 988.1750525209821 479.4276234311856 52.597911810646934 34.01139534930062
395 993.2316782875685 478.6309315193389 52.62216186173383 34.02204261725666
396 998.2252020332146 477.92140728344737 52.646019734775116 34.035102533065206
397 1002.9767767220287 477.33541980288464 52.66760613804995 34.050581777629056
398 1007.4785185466258 476.892256288296 52.68516648616116 34.0680895013177
399 1011.6508585816415 476.5956092579681 52.697231078727434 34.086910852204966
400 1015.1330822460017 476.4367347831063 52.702647849010305 34.10592019568031
401 1017.8258573646665 476.39851514742304 52.70062004765076 34.12391059302916
402 1019.9347365248262 476.4597976963039 52.69076522831161 34.13937863870397
403 1021.2317769247227 476.5992976783935 52.67279454250397 34.150991593247014
404 1021.6943267618985 476.79884329407935 52.646587011230565 34.15751192450963
405 1021.306764770836 477.04548086724225 52.61210081860076 34.15792217245868
406 1020.0604434309776 477.3323017795331 52.56939660612097 34.15154894902034
407 1017.9567716728634 477.6581803039577 52.518673823343505 34.13818014032103
408 1015.1306533296204 478.02859401879925 52.46101619400356 34.11809372496914
409 1011.5718741890659 478.4506476944864 52.39800346377184 34.09216180929111
410 1007.2571502409202 478.93382670984 52.332435561551115 34.06160260973282
411 1002.5451989289697 479.4880217000896 52.268489737141074 34.0275682227776
412 997.5615976360976 480.12108249805607 52.21158517754523 33.99073905456049
413 992.4376937404974 480.83901136242565 52.16832857746624 33.94962877560291
414 987.9529021729494 481.6454638977909 52.14582426164381 33.89913049737209
415 983.6598670515941 482.53991326678675 52.17262205856855 33.91739592661734
416 979.7695633330472 483.5152419478469 52.32106821123561 34.24746573484201
417 976.6083765863871 484.573555575775 52.54091637740924 34.63716706334653
418 974.438041647155 485.70745563299266 52.837958785263574 35.067040474484024
419 973.4209534688711 486.9060865164591 53.213004508846765 35.51012826124274
420 973.4888319532733 488.1514165480018 53.660008751936815 35.939277078841386
421 974.4614226877579 489.4176306669346 54.16638996559087 36.32482554983935
422 976.936018695416 490.5843907049418 54.70699350281091 36.63995465819926
423 980.3410004670623 491.7022211202413 55.268567836588076 36.85810442107711
424 985.1616448637201 492.7262420829131 55.83042034921505 36.94753075418954
425 990.9671099517656 493.6041854957632 56.373957474780305 36.8807671290572
426 997.6082256409161 494.2762594579967 56.88395240776318 36.633883523458806
427 1004.685987151461 494.6750345645129 57.34856737751957 36.19171788819126
428 1012.2505436708427 494.7267096645958 57.757203970983426 35.54960729349678
429 1074.1966410492232 496.82237834504065 63.66310576934415 39.43728929728061
430 945.8922955355043 497.20680404671015 49.20015323915902 27.706715213412973
431 1115.5176707145345 496.13750339634447 69.70530083213986 42.67931375319009
432 1008.3900591402669 491.6426065835249 53.95366126152735 29.400388700936276
433 1045.6338347872932 487.9471344902151 58.89207095548852 33.45287019636529
434 1051.3934911857966 484.43821035194617 58.64990383087604 33.39460070567667
435 1053.392314435526 480.56930901492757 58.19830441273679 33.08048366795856
436 1054.1769092723837 476.34026159129314 57.62447974446463 32.6136536384085
437 1065.6396925135018 466.60260978183385 58.35147811674864 32.89657787789851
438 1035.8660675120598 469.2227912167124 54.51680168005042 30.26048284631595
439 1047.328014700124 461.8352749701157 55.15222595744019 30.362635333064254
440 1040.7488880986498 456.5582895739045 54.16486106040265 29.321179915216177
441 1033.1786343617732 451.67435701107695 53.15536801902345 28.22252307518094
442 1024.5707360586716 446.78291614867146 52.03202265578166 27.551005080000607
443 1013.8506895094379 441.8895434655895 50.7781751848666 27.159406576308474
444 1001.5970347578647 437.0101275890946 49.499816714137665 26.552739303662868
445 987.930114590302 432.1639675136325 48.224321039364554 25.785961350085913
446 973.3456844216877 427.4734358248431 46.97468076197988 24.90610289831853
447 962.2636662767419 423.3965557577998 45.76294044271815 23.94241812701631
448 951.3316753858013 419.3747337884688 44.591400820881034 22.89561499033632
449 921.9526483142423 402.30637211368867 42.44186846996887 21.189316502674092
450 950.374364899434 425.584244410272 43.509523453466485 21.03625497957784
451 919.6088300617305 407.3036174442545 41.28948049553052 19.656413074100726
452 911.7625082514412 404.6774928910322 40.200739356946855 19.176566090992832
453 903.6109783553655 401.5884240856289 39.181866470173844 18.71943322825245
454 895.7370261151749 398.8203354379158 38.27907248532849 18.2954309314899
455 887.9957201291699 396.33234157483326 37.487206156456956 17.880258218106817
456 881.2350869471156 394.0962273037774 36.79786492109744 17.621373166440705
457 874.762262985667 392.06120461180467 36.19579871022808 17.83513019337839
458 868.2006735433094 390.16575295549467 35.66346827558938 18.092955472096925
459 861.1602196276933 388.3353501546438 35.18314679685552 18.384816714028656
460 853.8394933357894 386.4933645783479 34.74107336025817 18.70257573208739
461 845.710455230527 384.52080286927213 34.32213140346848 19.038990169300668
462 837.0859200409843 382.4010844903946 33.91494857125679 19.387076485305894
463 828.084733657846 380.09991447319 33.51085698196399 19.736898481207653
464 818.3289030442207 377.5935842450054 33.102930352069855 20.070267476084734
465 808.3446954673 374.8784030087811 32.705122148048275 20.416669663555776
466 798.6445925598274 371.9669591447379 32.30931999452655 20.72794396661248
467 789.0592950632625 368.8867387225391 32.001987661449036 20.871432083263272
468 779.4774222260222 365.6706012438523 31.719681118074764 20.92058960094488
469 770.5891177663606 362.33815733696315 31.44735219457231 20.711598964413778
470 761.811748038957 358.9539436031859 31.185090462868626 20.396020832171654
471 752.8141924752227 355.5758460257707 30.959468056364145 20.00096900311611
472 743.5099964127894 352.24442857052804 30.744051916545537 19.557974959651606
473 733.7433695546747 349.00132006444807 30.517256331498853 19.043416704937368
474 723.7424927193246 345.8750616873102 30.324573038153456 18.542515500836014
475 714.1748840060767 342.9248998723432 30.13715283536677 18.047705394446524
476 704.8243114363316 340.18793310572596 29.92770073057919 17.554726711595624
477 695.3615106455693 337.7212509563176 29.764392965146627 17.14507588494871
478 686.0612089347819 335.70020362068686 29.62726528859778 16.82914393449829
479 677.261204882705 333.9294968277751 29.461739551938734 16.58336239599543
480 668.6103604601034 332.4283813634676 29.261602452693946 16.415079237242743
481 661.3036811012081 331.2151956320401 29.122549787962082 16.378106782884462
482 656.8461401794744 330.2748098761895 28.966035315327076 16.432872086727876
483 652.6780896562684 329.59307172815824 28.797374200434394 16.577962447296635
484 648.3854033379916 329.14838634291084 28.624523585612096 16.810133623341056
485 645.3055561850335 329.33402904641827 28.560990362023613 17.13591045341604
486 641.9085930488116 329.4319532995218 28.5089460956236 17.536653171932176
487 638.6436414933399 329.6821113693849 28.675165958648066 18.034458956854603
488 634.9442422072908 331.2741576696303 28.22353452972281 18.482413827435984
489 630.9709611541887 332.6949260194576 27.79321674585772 18.971971595770146
490 628.0035391743437 336.0346288857865 27.321414296186777 19.508048585043234
491 625.2579760510447 339.46914994900675 26.96149689101426 20.122612145714506
492 622.2182357476852 341.6864546825528 26.78278124086759 20.610477071758808
493 619.0603753759407 343.47236773237296 26.610830557644213 21.053240544818323
494 615.8664881787084 344.6146918700604 26.463257968091476 21.414882051184396
495 612.6846142781123 344.8482069936683 26.366685141188377 21.707651816528102
496 609.5522806973945 344.32798795500145 26.27994771600787 21.85954293268919
497 608.4089299758984 343.06939486964313 26.199633807894845 21.862190727326546
498 607.2887848697943 341.0926144723261 26.12244043421624 21.710713876413905
499 605.7144891315115 338.43864962340376 26.045755135386056 21.405482302042053
500 604.0039594683191 335.17291651836706 25.96765890743132 20.950527653408358
501 602.1565279222476 331.4103377941913 25.908872627148575 20.406115291244696
502 600.1504617921678 327.8855360790442 25.797107984198846 19.93533368498127
503 597.9540536576176 323.90432939526 25.71627074685148 19.36071871062416
504 595.5276444089776 319.67948687646793 25.659839781126884 18.724386167037032
505 593.1984688257684 315.40868208654405 25.619163414826527 18.089823751098578
506 590.6669782002546 311.25157285760724 25.59926738900684 17.49911629973457
507 587.7237904990697 307.3565971471258 25.542259311381414 17.004506651130786
508 584.6742356242571 303.8453499787729 25.51601120078619 16.5854128235909
509 580.9308658566289 300.81557676039574 25.52846007618261 16.26297179705799
510 577.0336361702253 298.3497944187905 25.586884348558996 16.050974843881452
511 572.9343658391545 296.4970227275573 25.694263856286447 15.962449586601153
512 570.0497013497856 295.2787060449815 25.8306349609071 16.0428224667409
513 568.403070072833 294.6870422298293 26.00797520061433 16.26302052781953
514 567.0327469221462 294.6906525933381 26.221476494193663 16.61955216382046
515 566.058257131059 295.23481324599993 26.393055974441044 17.218998544030992
516 565.517435650088 296.2427678345214 26.581365865867944 17.95272851183225
517 565.3861086719021 297.61965141392335 26.809878220421684 18.75164472706811
518 565.5932116789998 299.2594402467997 27.061652157369394 19.59794432660923
519 577.6899946323075 313.0788718849408 27.52682408898917 20.647902530555253
520 557.3383287063486 290.72373191726257 27.392853571167034 21.0895206624723
521 566.335715156665 304.3194553788609 27.881020384881737 22.03700927931232
522 567.7121268250655 306.1359306300362 28.154491390373245 22.706574960200793
523 568.2830692254286 307.40008575398053 28.409051120298 23.208437013533096
524 569.3949271833136 308.29323110808326 28.639501294019276 23.53030069901301
525 570.4467027221394 308.7597847848602 28.839199164068948 23.66111095695194
526 571.3694560418596 308.7577218530072 29.00343164703745 23.602750036938062
527 572.1806831624177 308.26372546460397 29.12961223259578 23.370798893019753
528 549.4274149105507 258.2716454397229 27.603623080169378 19.041196962300326
529 603.9758996671922 366.89036505377345 31.8193587228175 27.1105550697776
530 569.0855481716715 294.0576189350837 28.880469061229668 21.521023363986377
531 576.0832828370133 302.5006609589139 29.28611297130221 21.504302366061584
532 576.7684820565016 298.1944995074466 29.174526135356984 20.85567264312995
533 578.4077034694267 295.4889586144681 29.103997368511596 20.43744951813699
534 579.4691549911333 292.26157693778947 29.008845813363518 20.07564369283821
535 580.1955078175027 288.926543625796 28.905650733202627 19.796689630632937
536 580.5661555785024 285.4926129976117 28.772829488739763 19.67000042950017
537 580.9971855507621 282.0327332798367 28.614415178587684 19.685374572750355
538 580.9697498616187 278.6095343824972 28.439520603851935 19.8333652884374
539 580.6398176235203 275.28629187446387 28.251079579326714 20.067522829558623
540 580.0742166129678 272.1286965522372 28.05547794426112 20.344537942330252
541 579.3314464719764 269.2042159583904 27.8618530620933 20.626514015221776
542 578.4606305933078 266.5834987740674 27.680339680455763 20.877578964298298
543 577.5364899099399 264.33566823720207 27.547456961056362 20.98744311313318
544 577.2866805871251 262.5318960233964 27.450294197103002 21.0159947939044
545 576.9536974724984 261.23289694341514 27.394904318123533 20.976779264688226
546 576.7147762443938 260.48491961372304 27.39170024216168 20.882296001156494
547 576.1843652026247 260.3099449326239 27.44937609297757 20.75578282374424
548 575.6998300114777 260.69674244810614 27.57303684261218 20.62704812062802
549 577.7144162557438 261.59369932900967 27.76264632863759 20.529663268785054
550 580.927278477307 262.90488191805645 28.011870479164568 20.495639179257005
551 584.5760770592472 264.4944281316645 28.307848690509395 20.54970345079058
552 588.192547886468 266.1912147455677 28.63218781310984 20.704453620280216
553 591.3599372327061 267.80577485766617 28.962732697606498 20.95783345611608
554 593.9353221782392 269.14910265724154 29.276230932546426 21.291690404407053
555 596.5406298315461 270.05472421627474 29.550706565153252 21.675651271665345
556 598.7132281798147 270.3991755215998 29.767860411450837 22.072002898966268
557 602.1379808827139 270.1187311622937 29.914830974344913 22.441783087344028
558 605.9903557224361 269.2184746014941 29.98544298221807 22.750472204115244
559 608.9102969181233 267.77198958773806 29.98067496350547 22.972657176716897
560 610.6407408630355 265.91142635286906 29.908333086121395 23.09491544036116
561 612.3819366164436 263.80990221532244 29.782072573913155 23.11659300440696
562 613.4912620149789 261.66035058998386 29.61962003985285 23.04852873271086
563 614.0564049770262 259.6481759089354 29.44055593987829 22.910347956418274
564 614.2546277030823 257.9300445541415 29.263896251188797 22.72674457960283
565 614.2269293513033 256.61717468459256 29.105886353495805 22.52379108626006
566 614.0718150933914 255.76611931256704 28.978351701801436 22.3254759887294
567 613.8454784821795 255.37796081473593 28.887849249888564 22.151138243809957
568 613.5614713476144 255.40471759965303 28.835609254531867 22.013861675262344
569 613.5381879036238 255.7614010847195 28.830603518928093 21.88018904951648
570 613.5824176067629 256.3405213763139 28.860976080085077 21.767506606495406
571 613.605522631751 257.0275137734286 28.912423060320844 21.689410334619208
572 613.5913967162641 257.7145348597823 28.975237336245176 21.63933388832798
573 613.524859845827 258.31076484223144 29.04085287877803 21.60811339092374
574 613.3966813389475 258.7487443025357 29.10202367482208 21.58721461051223
575 613.2093875566591 258.98673972016485 29.15356313767808 21.569503080315126
576 612.9937569997034 259.00770407060725 29.19255721143728 21.549757903274813
577 613.1864539843518 258.8157802578653 29.218311512783266 21.52477090922348
578 613.4093705740962 258.43120892179996 29.23227043328378 21.49307591895536
579 613.6829666466122 257.8859935366309 29.236046649005253 21.455366776220995
580 614.0546330701477 257.2178226006413 29.233508394858934 21.412447014899275
581 614.5524965353103 256.46713149484856 29.228160519375212 21.36611813512297
582 615.18817636467 255.67408633184127 29.22337845066164 21.31818847117934
583 616.0190525527495 254.8768008440353 29.22201370653405 21.270191037634532
584 616.9451834465228 254.11029600248213 29.22617099962446 21.22319028631192
585 617.9702667978995 253.40586098914994 29.237060318274356 21.177870876985722
586 619.0806303834847 252.79053822358554 29.255383642736977 21.133608358553804
587 620.266771637945 252.28651068776065 29.27987394700534 21.091892263277572
588 621.6025785866863 251.90999798094626 29.30836772717897 21.055217901537617
589 622.9939930792332 251.67154960028932 29.3409484888099 21.01982491523866
590 624.4232127658312 251.57496863405086 29.377136302377053 20.982879608159738
591 625.8677898500496 251.61456108610096 29.41529452394467 20.944366342742367
592 627.3001586774058 251.78062101393678 29.453998591963664 20.90490545906297
593 628.6890044178592 252.05700023525546 29.492195041521015 20.86478603677423
594 630.0021371031673 252.42373643874046 29.529395808013508 20.82357155625892
595 631.2100499486909 252.8590044792881 29.565304957583407 20.78183848831328
596 632.4406395515043 253.34098506257345 29.59979059966585 20.740831113737265
597 633.6130749839646 253.84946729610598 29.633284717022214 20.70121535146801
598 634.5201581813604 254.36669115108757 29.66641261081847 20.664405075182422
599 635.3070906431167 254.87769477624553 29.69901310112784 20.631022254181694
600 635.9759029035222 255.36934973075844 29.731135631671943 20.602239163583956
601 636.281197991473 255.83025988622074 29.76310077894966 20.577978948029717
602 636.2244502847385 256.2492059311609 29.794669585419403 20.557907569960516
603 635.775426630004 256.6146374362361 29.82535803229083 20.541211417468396
604 634.9902359512475 256.9144170043028 29.854488715755792 20.526722619181466
605 634.1878313128027 257.13604585833673 29.8813487481193 20.512920901198942
606 633.4675543067189 257.26776628202197 29.905227971971755 20.498345503013823
607 632.6065519169757 257.29935984578754 29.925518048547286 20.481681597882325
608 631.633720333322 257.224146805567 29.941648854502333 20.46214570925229
609 630.5795702118671 257.0399666009686 29.955380552264668 20.43836331392299
610 629.4745785596402 256.7503610601756 29.967504422097374 20.41005012998907
611 628.347311717786 256.3651665708053 29.977791494143226 20.377933440673793
612 627.223058826868 255.90065134356985 29.987559076010726 20.342446136481637
613 626.1206674023862 255.37931247689082 29.997939679882084 20.304331703706794
614 625.0490453858547 254.8292239115122 30.010252908465628 20.264335463016916
615 624.0225001621475 254.28340309503298 30.025740762362613 20.223267495936668
616 623.0515943370972 253.77793111935125 30.045304807753634 20.182380404188134
617 622.0972648248664 253.35417561859188 30.069658942954863 20.14287012069456
618 621.1360623769523 253.05248727632105 30.100380843613234 20.10420105156156
619 620.1389275476034 252.91395340124822 30.13861673288656 20.06643101844412
620 619.0983356987144 252.97765182582728 30.185311693891137 20.029860948108396
621 617.9546183686276 253.27836859463088 30.24119841429116 19.99507344514087
622 616.6797026141967 253.84410101977178 30.306800868178478 19.962787434185998
623 615.5594942021585 254.6936036754419 30.38244808885024 19.933839297512094
624 614.2063868114019 255.83405100232818 30.468087410655563 19.909350845290504
625 612.6466725217317 257.2592817548407 30.557313031158024 19.89702436574443
626 610.8711810623269 258.95174282151123 30.649803749213028 19.89354286544436
627 608.8907034954532 260.8708602896157 30.746629554938533 19.889841428575927
628 606.7505024226247 262.9651415310202 30.846981534593706 19.884114798698466
629 639.1639897851245 271.8760848267863 32.89375647283538 21.874269673593115
630 588.0510961676464 260.5286915748067 29.319881714490137 18.01022289815092
631 602.8175636394998 269.6270851260961 31.143414741320825 19.829135742167253
632 598.8217807981829 271.9074956680556 31.27136898622955 19.863215023023464
633 597.0117979418985 273.9287943591578 31.360567085122536 19.85303944125287
634 595.6192648207372 275.6248283902119 31.432230439758822 19.83474200469827
635 594.2998138159703 276.97666239086277 31.483771638817203 19.7986515255758
636 592.9152273962582 277.91802099585925 31.509445022972724 19.739419472723114
637 591.4089988766166 278.3415588992286 31.503677715106882 19.653053716664882
638 589.6307893806817 278.1972348774492 31.46081761684763 19.536860232818192
639 587.5999867915086 277.634285295522 31.369521781833107 19.393526988637703
640 577.1316269744785 282.4125778167155 27.935641093695498 16.077994167458037
641 605.6967112163201 270.70398093551347 33.88046378688574 21.57219222234417
642 581.2393016752623 277.3201573658795 31.13959955383788 19.17591114493548
643 578.9130365671595 271.6604393024496 30.623635940122725 18.667755382164557
644 604.9727701922757 271.36096953954893 34.6482702373511 22.249787897648098
645 571.4484294294167 268.5336244771666 26.322130312806355 14.13565625436052
646 577.3240841190332 265.9002537439838 29.676867240568093 17.784975391673694
647 573.2111119245869 264.41706389582964 29.534470508635643 17.680179681544097
648 570.580108030331 263.1460235823124 29.353342833128536 17.51468411124823
649 567.9472733260984 262.30227773003674 29.231942519324168 17.38377530241185
650 565.1225567369994 261.96624739011276 29.18595992517354 17.300482665426927
651 562.1895975549677 262.17404237257495 29.231570398939454 17.307809292155913
652 559.2534929614087 262.92775658158666 29.36908458850737 17.378944226382046
653 556.3883884725284 264.190911507705 29.59726484866768 17.512352535464817
654 554.1884793477536 265.88901910696467 29.899710125625262 17.691852015009886
655 552.1970748229229 267.9356796237885 30.251943554315606 17.898216265347823
656 550.4240626900619 270.2288569382321 30.6426578271714 18.124935327299116
657 549.1899190523588 272.82179101028305 31.047250765022508 18.367618418740403
658 548.1734599095015 275.38191389493545 31.44297783809978 18.60478056635283
659 547.3818984341783 277.7681382220757 31.798405063381093 18.81248746894875
660 547.1449244117638 279.85006797287093 32.08361168707443 18.967811413402142
661 546.8679975097452 281.5166201905643 32.27240102912295 19.050029085569857
662 546.4633502599457 282.6820863755111 32.344109493802506 19.040889915015676
663 545.8770965411733 283.29179011596597 32.286957484308644 18.93622453067582
664 535.1897089713165 283.1826083049613 32.986551598958044 19.685913551198528
665 553.1511226566241 282.7183611013613 30.93253712820423 17.52021258906081
666 542.6981393199181 282.4555122766737 31.26260196338431 18.047862442787252
667 540.7033428428883 281.5063359187466 30.690633304881697 17.60895869262221
668 538.2930080866809 280.095940680507 30.032101746954815 17.099835930745336
669 535.3949041306832 278.3676424032565 29.32747737341857 16.5512765604717
670 532.1879442910132 276.40777787699767 28.602859747316618 15.960834879732085
671 528.5031114773409 274.3035759888023 27.934586238036953 15.321784735693383
672 524.4029939473241 272.1417888786926 27.320990631430004 14.736413014391191
673 519.9569128181565 269.99157306322996 26.75523979118935 14.192082008752966
674 515.2313305576547 267.9045806409363 26.26092450944915 13.706942598863385
675 510.2819112783638 265.9198368193522 25.883845768268248 13.313987996458673
676 505.1386468174448 264.0437160776428 25.570377727062784 12.98325737835331
677 500.0340459952752 262.2695589554958 25.374127800252968 12.681889666987354
678 495.33649951450354 260.5532521437477 25.261827428412282 12.408580625878008
679 490.62734027410795 258.83378022722906 25.201465537506703 12.161169638614018
680 485.7323390780386 257.0607936744069 25.177626311045383 11.92744163839809
681 482.6435587748975 255.12236493358608 25.172390943623363 11.697135789267358
682 481.4542613763134 252.95654040757938 25.170377425017136 11.460343600872921
683 480.5756199677396 250.4591553110924 25.136120369822073 11.208840958182046
684 480.11109317996664 247.54827141700113 25.079422763992984 10.93819161027899
685 478.936281809873 244.15817602162517 25.004114363774725 10.6447608953165
686 477.3505768181374 240.55982871422515 24.910970534663093 10.328275144115807
687 475.8502635424425 236.4321656554525 24.76191017488311 10.066620739893024
688 474.37834380387585 231.6728842629613 24.57946091460379 9.792303819274824
689 472.5890041652815 226.33212064998634 24.3558293689242 9.528607409895098
690 470.63320256440187 220.4786882505797 24.090196251604997 9.28613918718021
691 468.28797236736835 214.14950997781241 23.79461872978847 9.047707778661987
692 466.0238487760508 207.42848199672014 23.47266706098513 8.817191782464517
693 462.42975537064683 200.4726744564032 23.130031222989036 8.597071570883909
694 457.79791351229466 193.35915310581277 22.77324769724362 8.387981918745274
695 454.60636404125034 186.11179101822398 22.409479733060326 8.19005855447748
696 452.1154155648273 178.49941131815137 22.054699262983913 8.001198618363011
697 450.95365827581344 172.44782029399323 21.692281493317772 7.814773882359087
698 449.79631953229654 166.86394814465385 21.351813561941512 7.635728674826074
699 448.2744005680543 161.63159410169132 21.05490040460258 7.469121707015955
700 447.0980551386809 156.79486559793312 20.814379182535628 7.320649186212096
701 445.82202007464815 152.41812133308127 20.646870556147558 7.195514068218325
702 444.4814221682129 148.52833296486213 20.571567731891168 7.094500620643645
703 443.29946724586534 145.16492102774777 20.594242527026832 7.001153636627042
704 442.4789208751294 142.58016118143345 20.6857989955555 6.937676995096018
705 442.84368779093904 140.8889063596555 20.86638574787632 6.9032280766245755
706 443.3993297625298 139.46253442029055 21.134343267356638 7.0083927307634255
707 444.34467935920173 138.3272982692577 21.488292235025533 7.147023036131359
708 445.650693393822 137.62451584714617 21.924478591842924 7.317026110529515
709 447.23561070859637 137.21936739214613 22.419547384074136 7.510671802567844
710 449.0055843643091 137.03731242730052 22.953393550043245 7.718621222987019
711 450.8420950859503 136.9933834109297 23.500138690854765 7.931662098063893
712 452.6018450666148 137.01872526923947 24.038824770678218 8.140672061610852
713 454.1442156193901 137.05132611950694 24.55198609766149 8.337572031660798
714 455.60843864797414 137.27191439303056 24.985494476255294 8.514152070135811
715 457.0123703008434 137.60309417727794 25.34821298871791 8.667609940622482
716 458.14295175536864 137.904421302722 25.646053706421675 8.79709628663812
717 458.9557434208071 139.53370916091993 25.91373945379463 8.905051570291722
718 459.4845869593544 142.2463500964683 26.097789409591826 8.991431146014882
719 459.78022430302553 144.9139461516655 26.24483488250812 9.061979489071348
720 459.8921288078938 147.6688283993961 26.346310687822147 9.120060974630167
721 459.9397791939676 150.27427252694727 26.422377104900434 9.17016391218515
722 460.1233312737633 152.75439285492394 26.46709918232176 9.214557451003214
723 460.3510680542262 155.1051636156906 26.474892827286247 9.254063240616073
724 460.6838362245425 157.30517159181213 26.440587763144894 9.287902401196503
725 461.04312679863796 159.31571584947972 26.36164668586454 9.31382067070646
726 461.4840260782937 161.0888936959269 26.240597453026304 9.328230539903844
727 462.2280495137053 162.56547413850245 26.093372471848813 9.326648930318964
728 468.31546813255426 163.27043827853092 27.194422875619775 9.193995993623405
729 459.51493793321185 165.10796073536406 24.475311992817304 9.592933138576202
730 465.089690031993 165.3867061087548 25.202962705911073 9.27068606982023
731 466.58315516225497 165.31165181871143 24.904826926752783 9.19365704446051
732 467.4263243522876 165.00171481514855 24.51929142270003 9.111447627160521
733 468.21349991830704 164.372946094111 24.131055769889265 9.089355382728321
734 469.10579639303506 163.49354666857593 23.771705195392055 9.091029744242087
735 469.6675784034856 162.45480547330814 23.462346060556253 9.09499743620009
736 470.2752046963757 161.58439649446552 23.311362342156077 9.114731530787063
737 470.60890352168263 161.779674090108 23.184348442518473 9.163144140664418
738 470.1552284016877 162.5513718302304 22.62606257352434 9.266069120911107
739 470.30446782310855 163.85881744705551 22.131048405131335 9.431436711970482
740 472.0487454822871 165.71395899025046 21.79700413014695 9.65611202508304
741 475.87319294729485 168.12296533023078 21.664149019406256 10.734032784832706
742 479.48188045342357 171.0693681022887 21.775596225853437 11.311573505603107
743 482.8754182776652 174.07573440858923 22.019665452165768 12.108609653518133
744 485.49996049903376 176.77413128561193 22.248851329363564 12.83524944909387
745 486.8764584571763 178.7471544913821 22.409732536382286 13.424631363739005
746 520.7418034238888 175.9687037813151 23.963389175929795 12.691499010195205
747 491.18819643549193 183.64540863475486 20.77365517868236 15.132801682748038
748 485.2478069416673 174.1234254803469 21.393374400691783 13.439493057655211
749 481.5045933350359 169.2587946720127 20.97767193475869 12.941835408433464
750 469.6459839582344 159.86035718779152 19.911534049848665 11.54217153032683
