 Trunk Shoulder Elbow Wrist
0 492.3012222002464 148.4358153762786 22.434685188398877 8.775306166536534
1 495.96502951727393 147.62899480232383 22.952499761981663 8.880581648613692
2 494.83065005811665 152.70309714754865 23.141020025470322 8.967365215877669
3 493.52955625591164 153.90436805554467 24.010152104900506 9.038267350470711
4 493.02971226628375 153.65182351332336 24.562202958053597 9.06858081497203
5 493.093019530169 153.2300961913928 25.160815498392008 9.049737599736245
6 493.25363309917554 152.567472017397 25.64680026611176 8.986432062404697
7 493.8681154128128 151.69686324139485 26.098359575571628 8.890835794305024
8 494.6165865143086 150.92680084925183 25.943745303497032 8.875677920112201
9 495.4511364005989 150.19208494540078 25.862983022540483 8.89513415202671
10 496.8104520155086 149.55578823547845 25.894472751558652 8.905330325031708
11 499.8761646533066 149.0501288495501 25.967562737220334 8.918972041527317
12 508.29884061545243 127.7148508759477 26.23765507481168 6.606198256778695
13 509.2624902549595 166.78016964130654 26.6238632569952 11.099573070380073
14 506.17628081744544 148.82812935435047 26.104422076572348 9.005618756291513
15 503.75161455150663 147.9832723364945 26.236352937965624 9.194217244749183
16 501.7263668383531 147.67561294439483 26.272030712845467 9.370223292836876
17 498.19780431747836 147.30596314567524 26.293737795159686 9.518565041205447
18 493.0821287202984 146.82334392520397 26.30137930942053 9.664604334419272
19 501.46970136121047 148.50849406139454 27.716245210885084 10.828385273824876
20 488.1324459535199 145.72555069584593 24.984521105459027 8.982581700836905
21 488.79604042618587 144.97041827024975 26.262797556667092 10.026570933325914
22 487.96430539206494 144.18889591143486 26.252230427558256 10.184412776551572
23 487.00932468725495 143.3331095321109 26.247739213011133 10.315915433541406
24 486.0036896861599 142.4137220070046 26.253879761919038 10.441475847724043
25 486.2804827094697 141.45776402589712 26.271341702003316 10.56593499927712
26 486.6906862180206 140.47000141304432 26.3042688766724 10.678729223663169
27 487.5189902788657 139.50552621116506 26.34966302045552 10.780455009416025
28 488.7260466313 138.81622427741652 26.39302584263876 10.883824503033757
29 490.27831464654906 137.95723366877684 26.4414611473204 10.993948204787564
30 492.08160682570787 139.52523363904868 26.43961691357756 11.083247827967265
31 493.9653545675417 141.33202489061964 26.461453916367663 11.188787228390972
32 496.25641473980056 143.15686021636844 26.461629628340013 11.28667690150403
33 498.3469487011988 144.94439403648764 26.425786081808308 11.384304211861146
34 500.3687778346284 146.67782014448377 26.36425199763847 11.456937851752315
35 501.7167381499924 148.28745283390109 26.263558284778146 11.512357097238606
36 502.82859912843895 149.74248813260598 26.122907391750733 11.550173325167481
37 505.7415619384776 151.02088146633997 25.943686147298507 11.570937354865812
38 507.97941763796 152.08730122934128 25.73125609018952 11.57722036941003
39 509.84417576487243 152.96911879877558 25.515359784067407 11.57888871098488
40 510.84837832999125 153.6355887057039 25.277959025417225 11.570831831502954
41 510.85769583759196 154.21491314546145 25.02969884104866 11.557417924386343
42 509.8248994734573 154.74591938413394 24.781848044212396 11.542090552716564
43 509.0358148088468 155.05559708579779 24.53672729633492 11.523688382654925
44 507.8294673260032 155.2195456997637 24.302679959684262 11.503515555778192
45 505.87577177920355 155.33750558089892 24.095837071226555 11.485099732612563
46 503.0990109052995 156.5226259458225 23.985454348958086 11.494740795305448
47 499.5864524802091 158.20577512371065 23.889594026946043 11.497972022782175
48 495.98160055097 160.2435717853115 23.833042783837765 11.503011877569223
49 492.2616796224747 162.64633234292467 23.8147314650058 11.509553071308604
50 488.2440251303854 165.41369109950148 23.839573392346658 11.521103976731068
51 485.49178611223675 169.57866113315242 23.904385594803955 11.539392471485767
52 482.4021699599718 173.9211156328249 24.002454059451278 11.565336541185092
53 479.83947663284545 178.40311365366728 24.130038285227503 11.600781072955986
54 477.9232389651523 183.0330641676231 24.27930219033418 11.647648266036468
55 476.46708885509435 187.76726347019772 24.429854598517696 11.705933581887603
56 475.7143557166913 192.56307576139497 24.58358240207108 11.778268568113353
57 475.56754090345476 197.31767501914953 24.734770248370353 11.861952866248414
58 475.12385292580643 201.92134899205274 24.877580048754417 11.954906702834101
59 475.1904846007844 206.27536248010412 25.008010354618207 12.054475771095088
60 475.26703911292174 210.27543651338803 25.124261696520776 12.15814302561759
61 475.9608323348485 213.87688878034388 25.226949815370208 12.263836066156955
62 477.2504492926958 217.05302792931235 25.318734448519542 12.370536441360782
63 478.7199791826667 219.8199190887035 25.403409019591034 12.478784456668201
64 481.2786302394656 222.2322255576584 25.485945332249486 12.588946331226
65 482.79275342047276 224.36970440131824 25.58965990588091 12.68210300642131
66 483.679504305101 226.31627183740306 25.700945331589086 12.77647811601262
67 484.3807708789479 228.14990303811283 25.805587224545818 12.88546234289363
68 484.920695426561 229.94742136391827 25.90433390215419 12.999857909261939
69 485.3462465710634 231.77609438184925 25.99650157886603 13.117588529529744
70 485.7373232699307 233.68943670029432 26.0861090994827 13.241511633031898
71 486.22560103772685 235.71825151855646 26.137021553004793 13.343089017116228
72 486.6527042937499 237.87265730488627 26.142201252093496 13.413518203879892
73 486.6858024380316 240.1591899688665 26.09941611553637 13.44690670372313
74 486.7805663635965 242.55558310020982 26.0055304462795 13.426455529325295
75 487.10147868663853 245.02639073498872 25.86183641902759 13.305149065054483
76 487.60589707489225 247.53756584429587 25.6633353098462 13.14093052012214
77 488.32413867762244 250.04867884645014 25.419830343619246 12.94128889830072
78 489.02121887227815 252.50894426501284 25.14589132746221 12.718279811275284
79 490.19036177389296 254.87280296085743 24.85973354879811 12.487368639038461
80 490.62860387829664 257.09225626836127 24.581442651716337 12.266149092134816
81 490.82810839598943 259.11265195031325 24.33158728008072 12.072190332184014
82 491.0528139425987 260.89018823924 24.128552146627477 11.92192413559763
83 491.36505201891254 262.38382959214687 23.987459097023166 11.828435616505566
84 492.3331684931855 263.56346994576046 23.919298302997717 11.80082936397783
85 492.91254643792274 264.41707322933274 23.941311259629877 11.858139889431879
86 493.23021445178 265.17082417765346 24.009266182662586 11.9922761279607
87 493.79311231666964 265.84219807701743 24.132376136299683 12.195904483822263
88 494.6247276210501 266.3007147240564 24.328260286426882 12.44339269332423
89 496.4709697164456 266.6286232257574 24.591220159673274 12.721677626490631
90 498.6009324483207 266.99465711539074 24.91104395194556 13.02120212998563
91 500.5785168824595 267.4541881263339 25.279883640384778 13.333109632014475
92 502.77151929403306 268.1983242873759 25.688383126140714 13.651942496373884
93 505.2488115874493 269.2970999737468 26.127618425146718 13.973923616212428
94 507.5306684864898 270.843573036638 26.5872934283144 14.29706821786258
95 509.8562571650813 272.8686035549173 27.056429812133548 14.619907806926967
96 512.3819075611223 275.3487842448653 27.523386846229084 14.940859184998724
97 515.049648275965 278.1950972773578 27.97637563494711 15.257891047241909
98 516.617078213924 281.2948449783547 28.403932587771767 15.568594191089558
99 517.8336274751096 284.4885914006928 28.799072157566126 15.871889261637374
100 519.3659210469781 287.6067502098745 29.150573999830243 16.164317815543868
101 517.924750268254 290.4747930326268 29.455039085353974 16.442093979018452
102 519.8357816220595 292.9553384635181 29.707213042878653 16.70349004877874
103 514.7661693346475 293.26785921848193 30.05585678203627 17.27169555728126
104 536.716110018363 298.3094905585634 29.939661801316056 16.87454333273424
105 524.7839149685129 297.38016961553325 30.15107327858659 17.36538638962938
106 526.9046682213129 297.6259373797499 30.225798390870516 17.571710449034107
107 529.5748791883365 297.60168419105565 30.265970048768278 17.746625603861172
108 531.083472452717 297.2778430637708 30.288078633878982 17.902874157285808
109 532.8780336630065 296.78802417860766 30.303130098010612 18.041578325121275
110 534.7875255148663 296.2695562326262 30.321645363106995 18.163604931507447
111 535.6071067916213 295.81708950832774 30.352743353446694 18.270037572280117
112 536.6217988648177 295.5025781182904 30.395446347165056 18.34834404910402
113 567.7402069386422 304.8383403445104 34.46486044267175 22.3439944854283
114 512.5705271321591 285.83273415967534 26.427384425155925 14.25711797615706
115 544.0127453999814 293.8591443976969 30.501265195012806 18.29497528380788
116 542.3373646452754 295.6535723161582 30.686768209581885 18.426563050363278
117 544.7402173710311 296.533799384027 30.921590001747678 18.580001956088118
118 546.2127724120016 297.0936231895621 31.08267267098442 18.64135823176266
119 547.913662707886 297.70284717047707 31.255074713482784 18.705906597061638
120 549.524258585169 298.2840057942679 31.430159140094315 18.771702395349
121 551.0374857444426 298.87351922356237 31.60448741157264 18.84102755526802
122 552.4256880706006 299.500660153755 31.7726054757104 18.91183807806274
123 553.7112209461753 300.18400973265426 31.929926703776236 18.98159926945617
124 554.3808115445752 300.9306263431801 32.072434355764685 19.047403147976063
125 554.0838036392565 301.72585913902304 32.19659825215492 19.106279721033406
126 553.810708992505 302.5292572409245 32.2992060991894 19.1551949072143
127 553.687917809763 303.2792913933725 32.3773447288785 19.191216858284488
128 553.4639241994596 303.8913527898572 32.4283987790661 19.211722701114738
129 550.8424828973843 304.2919337048323 32.45065296563297 19.214681525107252
130 550.0469157629477 304.4179052249626 32.44370364963502 19.199019752529193
131 550.4478038823842 304.2349021348377 32.40916726177057 19.165163973611097
132 550.7183586781556 303.74560391868437 32.35095339348527 19.115381406191077
133 550.9148288939385 302.99124212035815 32.27526604193008 19.054048734569278
134 551.11281381569 302.0444464362646 32.19020843763486 18.98604179524407
135 551.3321155988817 301.000708747562 32.104724730531515 18.917489082300598
136 551.568919691302 299.96402192406515 32.02770183193356 18.85423784003017
137 551.9092882516435 299.019438795375 31.96639415656033 18.801593186053104
138 552.5928243328624 298.2409458362729 31.925654360831256 18.763120410045854
139 555.1800721609811 297.67011581501856 31.907283948494086 18.740597392237454
140 557.7303901676661 297.3195563779221 31.910385437962713 18.732828238673434
141 559.0454223123903 297.1729305311894 31.931701244172917 18.73728672031776
142 560.4890577424607 297.19174800098614 31.966098728167406 18.75106693890881
143 562.1246894249655 297.3235374883016 32.00824338334547 18.771776826676426
144 563.9141885643332 297.51022027252924 32.05290188790539 18.7951442793435
145 565.8187430182533 297.6960211834667 32.095844856729826 18.81884643393306
146 567.8853118623234 297.83337781284143 32.13381470702501 18.841700960335505
147 570.0343095046762 297.8865560696432 32.16496473413593 18.863460622798623
148 571.9699679651355 297.83245964151644 32.188414210798676 18.88431850219825
149 573.7062459278337 297.65941478076115 32.20410973117605 18.904688484028625
150 575.1395331325044 297.36398477927474 32.2127624287122 18.924606355732276
151 576.1757310738134 296.94720648621933 32.21508947802614 18.94374653901772
152 576.7456705583082 296.4083882952239 32.211831975339706 18.96185869182081
153 576.8186073626314 295.73506737137456 32.20377855615894 18.9786380515032
154 576.4260692609591 294.99486240330765 32.19155924763102 18.99526660019771
155 575.7958232429552 294.20524242502876 32.17647777452303 19.0093384167655
156 574.8404207727614 293.3226651074891 32.159872182564605 19.01957301869276
157 573.3820269775031 292.3519799752668 32.14307760343618 19.0261354384466
158 571.7123097633624 291.27163714357897 32.127470002410234 19.03022829015511
159 570.1330802839082 290.26535452951094 32.11468347351873 19.033069510475535
160 566.8766943042331 289.248804161175 32.105102089956056 19.037301169457667
161 566.3603584084999 288.25490896605646 32.10098240445658 19.045322916733806
162 566.0173701034889 287.3195121706233 32.101961589775335 19.05946557365735
163 565.5838533963547 286.4783157667839 32.10766288762429 19.08192751360477
164 565.1499676057333 285.7648717863219 32.11707903933434 19.11391237678873
165 564.7713966450054 285.2121758399923 32.12864930114119 19.155391625470163
166 564.4657083922646 284.86139433309353 32.13994596418907 19.20610465479456
167 564.2369446858403 284.6763030121868 32.14764756130337 19.268922629521146
168 564.079283425255 284.6482941399635 32.15067534315065 19.337363765876432
169 563.9557553601054 284.75752201286053 32.148218031852124 19.40550338268747
170 563.798489910838 284.9750003734962 32.13978028434494 19.46956740587592
171 564.943249612915 285.26569920101616 32.12534757805658 19.526760687007236
172 565.6490504163949 285.5921493827821 32.105974105746725 19.575420276446863
173 566.4818202534249 285.91797103655927 32.08321834078372 19.615418436565367
174 567.5903629848885 286.2108396673212 32.05896330350221 19.64819137371319
175 569.4524419479933 286.44456755715396 32.03504017477815 19.676583073880316
176 570.9822924586518 286.60016687111107 32.012984864505945 19.704191463695004
177 572.8344021658653 286.6660001443011 31.993805467446894 19.734704310921494
178 574.9668397477908 286.6373486736318 31.97776307492461 19.771016049690758
179 577.2124821056802 286.51571469309016 31.964519820269484 19.81414304646368
180 579.2930397982559 286.3082815846211 31.95293527692619 19.86310100006625
181 580.9819384907983 286.02788677963 31.941408216854555 19.914691882120014
182 582.0384829564313 285.6923853748248 31.92802082825294 19.964194361270707
183 582.3079366031709 285.3246482315021 31.91173697621925 20.00504486859113
184 581.9718558248825 284.9555963765699 31.892101480277816 20.03078233263888
185 581.1377809399401 284.6196436640851 31.86975302445725 20.03753618353406
186 580.0254942280285 284.35092740954866 31.846555253868782 20.025350218451752
187 579.0692693662901 284.18911429297026 31.825536947182147 19.999139050231175
188 575.0575808659553 284.18069026064046 31.809759430903057 19.968946433051247
189 574.8885095581854 284.3586057174574 31.80308615920728 19.94901582211321
190 574.2684735981444 284.74562606035215 31.809267742325364 19.955711675402068
191 573.330600737186 285.3512076815019 31.831377819030564 20.004808599583967
192 572.227801754932 286.1688830603858 31.871515206287697 20.10806198677254
193 570.8619257285003 287.17689932879404 31.929966576982295 20.271404561845532
194 569.1964960338074 288.3400731139175 32.00555400453005 20.491775193439643
195 567.6986017939876 289.61426087458193 32.08084438003522 20.73791645270323
196 566.230558518656 290.9516618601091 32.16087591750731 20.99583338651998
197 564.8936795170674 292.30688942695116 32.249015358165316 21.252754703005454
198 563.7752813386192 293.6426090698173 32.34202358991768 21.483881303620514
199 562.9465897667582 294.93393446398005 32.435706850788456 21.662387266463636
200 562.5710587704903 296.1701580375826 32.52672111514817 21.76621130888848
201 562.7027683085598 297.3554297663569 32.61316814509132 21.780237324331978
202 563.1698173628647 298.50625921465434 32.69460035242637 21.69764184258861
203 563.933371292608 299.6479679951272 32.77150432063847 21.52039463634244
204 565.0305032744747 300.8032446142335 32.84509185618156 21.25856431275197
205 566.5695240253127 302.0034809951571 32.915653902310034 20.929363252244823
206 568.3119458343086 303.3336181648146 32.982844654640296 20.555604492801727
207 570.1532029464494 304.80212063120126 33.04382622923474 20.159190761706732
208 572.0748876602958 306.384689157351 33.08567411597904 19.75502209251407
209 574.0007869724903 308.1328262748955 33.088126729898484 19.365257134620748
210 575.9802909653718 310.0893316749049 33.07156662241267 19.03709248637914
211 577.8299430484502 312.2971098743556 33.037423678211844 18.798981435094962
212 580.5493919444892 314.7955382247936 32.989703007806064 18.67226904759854
213 582.6397575644212 317.614682097993 32.933470236714264 18.663638041925395
214 585.4122398495305 320.76479363775053 32.876830158619434 18.776150525197057
215 587.8815051903563 324.2352670676291 32.82970039670546 19.008669342637656
216 580.8860382260447 264.95515545401935 29.745336372101 13.246695308784211
217 634.141187316454 386.83114166159027 35.55795832210802 24.58414938216274
218 595.204848031161 336.4651662392434 32.88876418836621 20.34294035830557
219 593.8526719044139 339.07489771280245 32.89434284700727 20.761847253920493
220 604.7120225819209 357.8882642768137 33.345779782670455 21.43219693690239
221 588.8821937675073 332.8991613089758 32.832300730408875 21.718497514987742
222 592.4969819111975 349.79361298166816 33.2701964721658 22.290726033168312
223 591.5789758606693 352.3442991913093 33.37244240815948 22.696365745092976
224 589.516194991396 354.3691801153453 33.4457604989345 23.06206809376087
225 587.6866265254987 355.7458579988854 33.2739343724016 23.364638647865117
226 585.6842343950121 356.5091216524796 33.020557063962855 23.582534014323947
227 584.4839692726968 356.82256235192415 32.70471386398708 23.704612507460148
228 582.3516089539416 357.16645516413394 32.057020238416094 23.698024731316202
229 579.8038444835718 357.1775908535262 31.415579119213863 23.64165215130287
230 577.35969941561 356.98302222038825 30.795850876288704 23.438695430102033
231 574.5774187540798 356.78451402312555 30.208847551620387 23.086619234569774
232 571.6595032055094 356.6324356378571 29.666946426311323 22.59044349976033
233 568.8848552781463 356.63380577466256 29.18322997789591 21.962666920245844
234 566.3826982985121 356.903102989275 28.769899452618123 21.224093258685166
235 564.6716415618021 357.53579585189607 28.438140604041905 20.40046393633454
236 565.0000531265916 358.61304165958893 28.2014384845675 19.514551377904613
237 565.3891892677655 360.2041473073966 28.207009350439435 18.51508844135066
238 565.9823780600674 362.36919203539253 28.223744235286205 17.41770680461317
239 567.5182745546808 365.6392623538342 28.265989784480645 16.481244180586692
240 569.7358799555731 369.84325138578765 28.50490961621034 15.666708608016375
241 572.6621242773342 374.56444134207925 28.89578732721938 15.031635423724444
242 576.0828883587085 379.8239205717331 29.552300523826307 14.748858516446935
243 579.6541436516148 385.5369492551086 30.389558363560575 15.303539905542108
244 583.6112851264792 391.53090641929873 31.420854421437575 16.15894961685635
245 587.791826097899 397.64905860216857 32.33980596459521 16.93418156944125
246 593.2205843827686 403.7097150767992 33.41950618010413 17.683550978326625
247 598.5880307134398 410.10633863932037 34.07240125984832 18.145115857617462
248 603.6554521069005 416.86062386467546 34.459205427718516 18.3885296410491
249 610.0526842792683 423.1233429861059 35.296091878655005 18.57702202060985
250 616.68922209318 429.04921627311586 35.160107053513784 18.690152175035625
251 623.1546802371871 432.93883363906997 34.969837209453424 18.605691481026362
252 629.4284829675877 434.52241446851673 34.92590049769004 18.742255918489374
253 635.4893225170287 435.02213094672004 35.03910296904055 19.596485980080335
254 641.847951563923 430.8984210651924 35.26901949892137 20.511358722740123
255 648.4332165613389 430.42117275662105 35.52450586925191 21.37536040200306
256 655.0413417166851 430.0752907116319 35.403201609797655 22.33410572175388
257 661.5158004063472 429.0059441492788 35.48962782852961 23.261027162310967
258 667.5994048842697 427.7346600298517 35.651941338353694 24.11731750458176
259 660.8961721468588 403.7944731084543 34.964351223453335 23.556511938269026
260 694.5335040586286 445.3954923708799 37.332576716165605 25.784495359334596
261 684.5022818583171 422.01835460345075 36.65669634583757 24.6242715198753
262 688.7615736163274 419.7446564185316 36.89198060405339 24.348977470675873
263 691.9267084412006 417.7178895512347 37.27217936800053 23.696039623160907
264 695.2795476028252 415.9312936495841 37.73565474745277 22.736365897717207
265 696.6642648882633 414.49541798692684 38.10223037980812 21.655206487350267
266 701.8849264362123 413.5236529891067 38.47586852719571 20.468550653756665
267 705.6426319867869 413.1042472071398 38.91083612305612 20.260312884985606
268 706.8883158862498 413.3192814839633 39.57079404905455 21.104493546819047
269 707.2993796226589 414.24579475354807 40.5951173633614 21.749301744175057
270 706.7478086763334 415.92315352163143 41.97495225085066 22.268058964196197
271 706.036646807462 418.426059510916 43.133833666031705 22.653469473451203
272 705.2609409241129 421.72103995742253 44.147874743583735 23.049057615973304
273 704.5440125452825 425.7719295337833 45.006830742703706 23.49680051324461
274 703.9579633183882 430.536716189282 45.67006649185342 23.994092146936577
275 703.7037823683434 436.1365329490664 46.106400779672214 24.507725087838576
276 703.9431027148087 442.3074508088513 46.3790145018965 25.005671438931877
277 704.7360985017511 448.8347455489407 46.54557696007225 25.45547624446354
278 706.3173550232065 455.526142397028 46.76492016983327 25.880679929890356
279 709.1898359224346 462.15614388702846 47.380756690670424 26.16445506098932
280 712.8739501126415 468.47790969168165 48.08882266896388 26.361880147650286
281 717.0459334021492 474.27741477445727 48.77866968783567 26.463194909245857
282 721.6012451766916 479.37152061111465 49.38585954158878 26.43201164335222
283 727.460408292668 483.64036227932667 49.90857234975485 26.34253720053704
284 733.560929257835 487.03396123578796 50.339611474730006 26.269770152597147
285 753.0557714924042 503.6604288444443 51.73103101486024 27.167146765540256
286 727.3774779315412 475.397534337501 49.78095942201096 25.41686849650109
287 754.659689703825 494.18628668442017 51.237441468896286 26.69376319324322
288 758.0386789112165 493.39451787321343 51.23380826547961 26.843187909785037
289 764.2470288878426 494.06483871119235 51.29181536953375 27.073380467992166
290 773.2801697792221 494.5886247538422 51.3142505530139 27.26629945574384
291 772.4373656285953 482.6127595384487 51.326142381375796 27.24239583003622
292 809.9391274752355 523.442403941048 51.50902464686361 27.998299429998017
293 774.2658896219391 470.3604640081308 51.50662280861744 27.078223620032038
294 820.1066662573749 525.3231460418453 51.927058859972746 28.18181548116875
295 788.0050322519836 478.10021224971797 52.31141867151228 27.431798247075584
296 826.899649337536 528.2492944150604 52.576364000030466 28.401457779423
297 797.0505338910314 486.65794459399973 53.12104743530923 28.589722518489157
298 821.6115637751775 519.1946859541762 53.24994661967878 30.145349294398436
299 832.1215200822685 531.6124929604251 54.24531089072649 31.77907376605477
300 801.2884381372389 495.3156583674132 54.063107609764025 31.88156029229729
301 826.4806085367366 527.1706742635314 54.10982221198491 32.85443229124816
302 824.4466615136977 525.13560764022 54.55536869489103 33.422615151903706
303 823.1125959549687 524.5753011933035 54.41212887133897 33.50176758759161
304 822.8287446736776 524.6793094037461 54.40861320464562 33.98346575660258
305 822.6111315862964 524.3719476988927 54.32582638017877 34.2670571196843
306 822.2882930892459 523.4124121042329 54.13936169923896 34.31631881483029
307 833.1299130506924 535.3465373396144 54.257001790164686 34.57525966803678
308 800.774955371002 496.7329197761756 53.02725382118145 33.1990437863552
309 836.9459189009783 537.1656912905062 53.544969218694725 33.83874856560098
310 802.3918788823703 493.55478767963126 52.415211205330145 32.47879639076859
311 837.5324504611668 533.3794731193661 53.20502062990009 33.64645171425708
312 799.5852742307334 484.92272463286395 51.80603748913046 32.026754089073165
313 837.5961556077021 529.5258632986537 52.97869467284178 33.4322489533583
314 798.9115439109548 478.28752955280146 51.52859920249941 31.720039554920916
315 836.7823019346582 525.9328084970261 52.930248925432025 33.335175134991985
316 800.6122414023637 475.9858242789013 51.78981406762124 31.88384900787317
317 834.4750710450232 523.412973829959 53.146284256225044 33.54276829302755
318 803.9964890324294 480.0226338455721 52.69164572503888 32.689238839861304
319 823.915829594246 511.3476265167848 53.47358295722544 33.77011544211494
320 821.6798202009786 510.2252049754013 54.24067810690193 34.35111953911516
321 819.8369983301096 513.0844742104754 54.789570553526175 34.84227696301898
322 819.569737350222 518.4678078006897 55.486996902805394 35.45338165704375
323 820.4065766439073 525.1255400232304 56.24247490804956 36.11316410817205
324 821.5865280864382 532.4799024215814 56.99671198430249 36.788234313436945
325 823.1504907103745 540.0975653490897 57.69665351570627 37.454447669123866
326 825.0262691333241 547.5589338756732 58.288261152922026 38.0846551344719
327 840.945101235068 552.7611260227279 62.53862266932281 42.2118160679022
328 809.818376220265 561.4180497005649 51.632274433160966 32.4787291736946
329 850.826677915571 558.0290357368727 65.20556806773247 45.66131009419503
330 825.5456288553132 575.9681282739261 52.69966852026113 34.375965090936255
331 853.2675460126006 564.7223252286777 63.25253389895928 44.986095685517206
332 832.1918119754977 573.0725248812754 52.34957520782651 35.33631827532501
333 857.9560193491577 574.9291976228678 61.38132526239414 44.069803917860646
334 831.7841588454093 557.2943911447725 50.93631451754351 35.67423757073631
335 850.7589888698369 569.5161364869862 57.31639072116519 42.53542084076559
336 848.2136296236877 563.6764659617974 54.8036961010998 41.231796528242285
337 845.3363358387282 559.0521715798368 54.1970308546658 41.8149584332903
338 857.0905072922878 574.2994773808751 54.65107255314052 43.08937987463809
339 812.6913712319679 516.3140429909198 52.41039265297374 41.06426274070528
340 861.2696096089642 577.7566545861777 54.60079899562003 43.89343972331585
341 813.1231057833735 516.8566738794913 52.39089040666759 41.34483674003647
342 826.9936317979417 533.6559459504359 53.3089378532148 41.819487480041495
343 818.3414674598519 522.1601376631012 52.89182121540679 40.62567375065125
344 813.9347754413558 515.2893580669719 52.98904228517754 39.65321472492798
345 810.0282341667644 507.9777486242341 53.64213052902149 40.066264616602346
346 806.7156501307514 501.6402831423602 54.51066898972015 40.440488321128996
347 804.1479157844168 496.71373253637483 55.38410344681064 40.9677571425772
348 794.2075031993838 480.1497748165948 56.28022137931667 41.069373181133344
349 820.2898585979977 523.5472446953784 57.56770592315131 42.33434088970227
350 791.0075217682077 471.90042683385707 58.38005336568275 41.698198117168694
351 808.9439170627666 509.58890988647437 58.84099019867111 42.292901606331284
352 810.2460410727015 513.463941063577 60.01196234103068 43.05794455863974
353 822.8821313622267 504.88499435462074 66.3246830298973 49.285316757498016
354 775.8538250511443 543.8112084418375 46.20003031914779 29.253386579873016
355 871.3494343293238 524.8906712817269 74.35694509263793 58.011615932533495
356 823.2398286993807 588.9424722531384 55.02449567527477 38.400923921227196
357 806.9351043051373 556.3620237688266 58.01571589706944 42.45803194678239
358 833.8112649976025 595.9880409538739 60.64058631165087 46.67448787389439
359 832.2174180717184 596.4026765047734 60.108627781811954 48.38985652539484
360 842.5855098246268 613.4359970393439 60.715991138596316 50.73405875867449
361 846.0734838691659 616.7196949414874 60.78390824862185 51.993740912566594
362 853.9535553490111 623.3487688833843 61.23346805700507 53.320565035919195
363 859.9659361726661 623.3299904496928 61.450544778001515 54.08779446106016
364 866.5330718504464 622.5325467163015 61.685223218090165 54.65718015735287
365 872.4401516792569 617.9609239949574 61.72227689315621 54.819254969868865
366 877.4191654212485 611.9639754359665 61.642854933922905 54.69131003176355
367 880.4457568622413 604.02241372023 61.40218768127156 54.2174079538977
368 881.7240091077555 595.3958667630803 61.059434678394716 53.46659737654659
369 880.6449119852462 586.3792926242977 60.63321281997461 52.47289546916102
370 878.5813191338488 577.7876274551809 60.186305423922065 51.31354520656211
371 875.8506310200413 570.026814502513 59.76878990569161 50.054374769563815
372 872.1162271126284 563.5664048960134 59.16483184853189 48.96675045362885
373 868.5561496569964 558.6245022170517 58.60078162737197 47.97461256778904
374 864.9948435292303 555.3415892198542 58.099405526754744 47.13681769581532
375 861.6983194211073 553.6924023269388 57.671072261298995 46.49081392347865
376 858.8953170403613 553.5641169818981 57.32322140406576 46.05092560335685
377 856.8083839347695 554.7488134932037 57.05214624809747 45.80570458713529
378 855.6299326285874 556.9932363517237 56.8504784298302 45.723417243648036
379 855.4551516196127 560.0173484207013 56.70646453601355 45.76112972071878
380 856.2643531509696 563.5459041972051 56.604809554768025 45.8780152718181
381 857.9167733144891 567.3262724281439 56.53071139985109 46.03837670718381
382 860.1710122749995 571.1433933093971 56.45674332246989 46.25366418119898
383 862.7262698490132 574.836137656402 56.39946131274895 46.424742535472454
384 865.2768397336686 578.2880928113817 56.34040752180438 46.57927811429483
385 867.5635025768125 581.4302853215245 56.26978949536283 46.70765443930926
386 869.4090352591677 584.242296042877 56.18623294101323 46.80838761788679
387 870.7301626023037 586.7393153632856 56.09727694775361 46.88635369749271
388 871.5268426183806 588.956855578385 56.0034732431956 46.94450658417302
389 871.8555630651458 590.9406065238585 55.86223889324332 47.02391806119374
390 871.7976448658526 592.7318159906929 55.71602466122573 47.101910704689956
391 871.4653429935607 594.3549530932125 55.592507721904795 47.161107951842084
392 871.7541935649591 595.8082126870712 55.49679452397885 47.214557086469306
393 871.9122849548907 597.0589857003451 55.4230809234961 47.26673052187035
394 871.9083339612362 598.0469719679763 55.37489747957034 47.319464921463286
395 871.5484962407678 598.6935562044184 55.348615320029865 47.37522449255223
396 870.9865771706918 598.9225221183243 55.34803607215079 47.433620761302244
397 870.2577090978018 598.683703391243 55.37381507890556 47.49468310165915
398 869.3295667977361 597.9777082232209 55.42598158615535 47.558116424696195
399 868.1583511609698 596.7981900572372 55.503655625736975 47.62322455454376
400 866.5624603522209 595.0676548729359 55.60480813760085 47.688686721866496
401 864.7401714636807 592.7459136490506 55.72648436429869 47.75252333719498
402 862.7494714568683 589.8709721484045 55.86498855846538 47.811536996418745
403 860.6551741075007 586.550040922423 56.01773276153354 47.861775108307434
404 858.5229854838465 582.948122982844 56.186114166173276 47.89624560224693
405 856.4160061081367 579.2708140199619 56.378608243361526 47.90356026921956
406 854.3933352264444 575.7441797646114 56.484609123745166 47.96145683356721
407 852.5086312111115 572.5908186619313 56.58011596812479 48.01078989653792
408 850.8241071015386 570.0086018685452 56.66254472086226 48.052217705302496
409 849.4877699682831 568.1516145402633 56.72992646413329 48.08694915202575
410 848.5265192271695 567.1164314208507 56.78085931498494 48.11621549749204
411 847.9224443561477 566.9319153669649 56.81447298899434 48.140859358589296
412 847.6586877618964 567.5603338950317 56.8303705732568 48.16100519892356
413 847.7031296708685 568.9009997487345 56.828457640898336 48.175883759489274
414 847.9592390597768 570.7999352012085 56.80887027984383 48.18387411425846
415 848.3070533395999 573.0654902703383 56.771912529373594 48.18274008939204
416 848.6974479633111 575.4879025435157 56.718002442468546 48.169937003903556
417 849.0134344990605 577.8604685842288 56.64768919214225 48.14292133167477
418 849.1509369843335 580.0008503244501 56.56153495226453 48.09940297736484
419 848.8381665631779 581.7682675781426 56.43362222935345 48.05731011063089
420 848.1373712801333 583.0763659665064 56.26868416139188 48.01294926482365
421 847.0491332122691 583.8988101837016 56.11309387312808 47.932252865189604
422 845.6285355942268 584.2686366898099 55.95668697289454 47.824219488698866
423 844.5173073126425 584.2683782268031 55.79911891843013 47.6916813611837
424 846.591689747954 613.384922238547 56.846428655521365 48.93676546125821
425 826.1578165459376 536.6648175231309 53.490783701489185 45.03249100368092
426 856.9500863716411 606.1192385293406 56.31780582465389 48.41779185390753
427 838.9989903602948 578.8697899024214 55.039482468101944 46.80608867020493
428 841.9948623625828 583.7129291853089 55.16456224417272 46.855845920442036
429 842.8679342821993 582.5170293186346 55.05775151886145 46.571347029251896
430 845.8919617348588 582.5014382041313 55.05689222378694 46.32347819971144
431 850.0596812846815 582.1716529928195 55.04426607273579 46.08592772294096
432 866.4849029472065 599.5105941466117 55.8238770106548 46.81424818806727
433 850.955007871411 564.7431148978029 54.41538327549706 44.826888873496884
434 865.3806326347504 577.6295315048837 55.075559184360806 45.34481127751588
435 872.0760616403018 577.2558993917531 55.19378669731344 45.19404611999588
436 877.7596383135428 575.0345378279993 55.25406586817873 44.967464152293736
437 882.5687445076793 572.2023603864426 55.300599883263715 44.72925576625192
438 877.0627546264192 553.7531319920543 54.61273706675363 43.65692075714208
439 913.4673935910536 601.5206616086065 57.025144380158466 46.203053054038406
440 866.2727625154705 523.1915411141116 53.40696798202984 41.80762418626633
441 917.5634427739927 593.4433322918311 56.95882080716676 45.579236869848515
442 887.2723718241901 543.6229317357485 54.614070218452454 42.82561619623947
443 894.0309079889404 549.7733256974083 54.980486363539704 43.107449663625864
444 895.1555412246346 550.6828235362887 55.010032061241894 43.063576063517566
445 894.7368892419474 550.205009434739 54.9385158884115 42.936329356782224
446 893.792391826403 549.589028101125 54.836635410989835 42.79875883370723
447 892.6349377049249 549.236027342091 54.72961955169999 42.672887472209965
448 891.6103933803316 549.496227390782 54.624132710321206 42.60083543099794
449 890.8840471106267 550.1305679459402 54.537074030373326 42.50472856516296
450 890.5406808826655 551.0216936355724 54.468931078686964 42.38432050881824
451 890.6440942718764 552.0499263435158 54.40329535736062 42.314557669908204
452 891.2105859853385 553.1097514812832 54.34761199376778 42.25402175251816
453 892.192441662438 554.1111340927565 54.30097328948145 42.200533331410114
454 893.4591996214122 554.9893742982972 54.26255833561981 42.15221465669089
455 894.9726821884906 555.710146128703 54.231771885813 42.10743894995818
456 896.6552300345829 556.2699416214891 54.20822510223215 42.06476896459098
457 898.2390267736179 556.6942325980259 54.191717393674324 42.02299487892803
458 899.5825814469371 557.0310514325936 54.18203934412267 41.98129281801201
459 900.5949053087039 557.3411557706346 54.17880916361888 41.93951078660193
460 902.268027515393 548.5517005479776 53.79586421770815 41.47546139013672
461 905.5899194373306 580.1068068379207 55.138675942101315 42.92292418821638
462 892.5247033879527 547.0601123283163 53.666728733535216 41.26341525669287
463 905.880394356432 567.8663738448475 54.69807928113202 42.34722681687069
464 897.9163352348531 557.4123186558668 54.281608331880456 41.86225303178514
465 901.1074190369576 564.4839672255297 54.68749422879861 42.28467948515692
466 898.2471510009021 561.6623060753726 54.65092439004724 42.26282493670156
467 899.0547906611222 563.7267427614039 54.87012847519906 42.54389142640292
468 898.477913722741 562.4258916440713 54.975587192562564 42.73163969534357
469 899.5078865917523 562.1000906041129 55.241798223755715 43.10620843401386
470 900.5744357149274 560.2743506165336 55.478081121193384 43.46232266046832
471 922.9233508262877 536.9214563531643 54.95490772085443 42.93987182129215
472 895.7069984077353 577.4999538083882 56.96231839910082 45.174271274843
473 906.6055603066808 548.7022688106667 56.1586648973789 44.34281833429198
474 913.7488143335293 548.3003072202224 56.61484433086537 44.833184501610525
475 918.4092829609095 543.8062941413659 56.84250849271333 45.02230357838723
476 924.1547111415852 539.892737840299 57.07751230805403 45.14744630158165
477 929.0861031246607 535.9935545026015 57.272762166600735 45.149346774504174
478 933.0634643816478 532.4319608241011 57.431581066473015 45.02842407237616
479 935.8276931315522 529.3737065513221 57.55236263050862 44.7878742734274
480 937.7882620629257 527.0023653499322 57.63112989272731 44.44640527815379
481 917.3173353367109 536.2773467708251 55.70796593533734 42.587898689262495
482 952.6240665193262 501.6683741431715 58.28495775423993 43.89276074076115
483 956.7090232315082 540.2677237021272 58.718658596150185 44.38080716780982
484 937.394190866594 521.3054959072329 57.41846581965624 42.913473845136785
485 990.3875975825463 538.1806659629395 62.24237372273469 46.872638135263564
486 883.192032093275 528.8180097890971 50.24737310026796 37.07648298420469
487 1007.9926676261921 546.4195335093059 65.77930891335991 50.206775828738586
488 902.4231380060766 538.0668054879737 53.837555808020994 40.42339027441409
489 922.3280367677771 547.4217605122942 57.474132931523435 43.68868637009379
490 919.8562249186513 551.7393596320974 57.43791084888146 43.81173812459288
491 915.8623497179491 555.1746315039986 57.22359074684034 43.608994370901605
492 912.1540092426391 557.4517142135592 57.01260246595572 43.213469704063606
493 909.302724650496 558.2160661609204 56.80377320587776 42.581532559401545
494 907.2808499431935 557.28067489822 56.635549002781076 41.681132785535134
495 905.6385590981123 554.617680370012 56.537324800521425 41.12473887361283
496 904.7099450079327 550.3704278522724 56.52311143363178 40.71596628859555
497 904.4897333713625 544.8212818305627 56.510560745218896 40.08719474375581
498 904.7796348726469 538.3462920089818 56.495854388463925 39.28846541960675
499 905.2812176889454 531.3739777452818 56.48438055603178 38.39337419338859
500 906.1135065508614 524.3350140920606 56.592130986973345 37.488333985165134
501 906.986997292804 517.6154348287411 56.358729855547274 36.6621960469426
502 908.0051361494058 511.5189556067213 56.08186489059798 35.989738915037634
503 908.6769686850946 506.24397978976185 55.757617380119 35.50153336435026
504 917.7556252882554 496.18970847451595 56.36218792309174 35.72235260652158
505 897.8295218183247 500.91857785355563 53.72256975239149 34.08657663830687
506 908.2616590468283 495.7664043425363 54.324347828506745 34.554461427115946
507 906.3380829964619 493.117947250029 53.6200148098546 34.19588977963624
508 903.7926959485736 491.50709674764215 52.955173539410666 33.95134122368393
509 900.2693715017944 490.21087419629674 52.401291105570024 34.012515381321684
510 895.7315344825731 489.072709550155 51.8064418657558 33.883700248733945
511 890.6842961735125 487.99174251033344 51.18322369083761 33.53895143198097
512 884.4743839874226 486.90180751419837 50.53954788681395 32.98392228608251
513 877.2162386435584 485.7604371022142 49.88894480789669 32.22389455603609
514 869.3761411964314 484.5307498944607 49.24615290952692 31.267329787599422
515 860.7916740495999 483.1643637049037 48.62465039659646 30.114361497402605
516 851.6654369163646 481.5990753788941 48.034492310919546 28.75579369795746
517 842.1899089673125 479.77982826386153 47.4820502404906 27.161003962867003
518 832.5408946488579 477.61492787500356 47.02234841012499 25.324018898472985
519 823.086421894941 475.04150377621744 46.34450575759426 25.066808109830582
520 813.3028682007445 471.9642357394014 45.657097024297045 24.967111238485376
521 803.4667614367671 468.3060202769664 44.98068599602276 24.801546646431053
522 794.5404553140845 464.0119456138751 44.33046609273301 24.57363387408388
523 768.25362570793 445.4010364754766 42.85873123961843 23.58873299336007
524 797.0734852597664 468.0432308046989 44.02881602943458 24.641951670917248
525 769.7987206646515 446.4235145780744 42.40527732475767 23.381427248571487
526 763.6838396141542 440.4037758032741 41.758996659507645 22.878305916269063
527 757.2175919396088 433.2434802537138 41.187069704540164 22.393923935210935
528 751.1966209954346 425.8446572825422 40.70589236290566 21.934147653269164
529 745.6329249629462 418.3367846158062 40.19409739480909 21.480581995964236
530 740.5589944306612 410.89451635637556 39.605428658704454 21.004375296067465
531 735.5246426423536 403.70066734918487 38.951678321403435 20.518496893805814
532 730.1651221364276 396.9368447592122 38.24731068893931 20.03535031040093
533 724.3089094478421 390.7351543659886 37.50572836420127 19.566084107962155
534 717.9305672801618 385.2424652088982 36.74456950142996 19.11890944083521
535 712.1057709833973 380.53484366634956 36.00219615963776 18.715837595598973
536 706.7616864556476 376.6511339996413 35.264668283861184 18.348429384656928
537 700.6987817073966 373.57690714388224 34.52041533923384 18.00490293734648
538 693.9986828771367 371.26224951490246 33.77267787418517 17.672660879982274
539 687.304003656991 369.61374587714977 33.09636266845341 17.383324290105158
540 680.5403187401756 368.52705186808413 32.46133219528908 17.08647111942117
541 674.1188377301129 367.8494967580313 31.93711217958799 17.19852235493749
542 667.7768922354728 367.4061158036627 31.541216242927952 17.62662036264836
543 662.3739781927809 367.04742565644835 31.250631291615704 18.17270615758726
544 656.9121510298179 366.61470169579155 30.993977705484784 18.769181135859192
545 651.7441385311679 366.0038518552413 30.781224895719575 19.3794281893016
546 647.0753299746958 365.1413257317566 30.64375403357955 19.97282002327908
547 642.6959271919603 363.96246231204617 30.519283636071762 20.45956998144799
548 639.4915909719269 362.45810659649135 30.39937149300564 20.79510360699064
549 636.7741289334596 360.6529007495118 30.319135573716686 20.969824325254415
550 633.6918486557375 358.5815507395495 30.279312528582153 20.97212997619113
551 630.2162601094991 356.39479099637407 30.20199311325244 20.78962314996371
552 626.2945933644841 354.2627749338747 30.04737297867024 20.435724624493126
553 621.8866946034805 352.0100546820965 30.08147933086047 19.969568030985304
554 616.9764130926976 349.70879847830315 30.145018869231535 19.417401118927444
555 612.1682365739282 347.70055610891336 30.217767007365158 18.82512463591993
556 608.0758525023566 346.10410399107224 30.281156167301916 18.236894182878327
557 604.3503868678661 344.4400614086496 30.31948032916351 17.690752496409196
558 599.9778676959104 343.1987444246694 30.32090111496066 17.21567084392004
559 596.4756219352156 342.1493615859041 30.262926836912275 16.83040493904161
560 593.2345166695599 341.2347525827949 29.707826726656332 16.24102168805272
561 590.3180754055655 340.42103763299104 29.465084098206393 15.810613238512659
562 587.189778694921 341.06200440829787 29.25489648263972 15.614213607733282
563 584.1644843151552 342.8110086600702 29.046436276235653 15.612321979222108
564 581.4512784809566 343.6505392492799 28.841971002742056 15.781677608054668
565 578.9921442010145 344.2742612391236 28.658696816549185 16.141961794829605
566 576.659988778142 344.89346577449805 28.570975595797144 16.696225402654157
567 574.4667044004332 345.31591460152936 28.65378221253874 17.205042887180547
568 572.3718969565622 345.43096041722987 28.394844053212434 17.620410068269855
569 570.4366878464705 345.26061171369105 28.14745417579024 18.077788448860908
570 568.7665866663137 344.7808715664829 27.922593290956755 18.55420103935277
571 567.4671622754504 343.968885598706 27.724939552971836 19.02503210352466
572 566.6166797284387 342.8086380913096 27.445832850478734 19.486001590965255
573 566.2537182975713 341.2961593360025 27.246049014976265 19.894516887083263
574 566.3766905650167 339.43636853929354 27.16035019999455 20.232736193985406
575 567.1182379609442 337.24094477900803 27.103356298003963 20.452822089479174
576 568.5457570533334 335.1421536003027 27.001733867411854 20.523805462882137
577 570.444211188357 332.6682465303179 26.96361282272688 20.590578593771934
578 572.3313443777969 329.993197297884 26.918753791297515 20.481136230504923
579 574.1885900073324 327.08149984699713 26.854111498376284 20.243903356947406
580 575.9274293856897 324.01178196520294 26.805520527370156 19.83529144137406
581 577.2748853242801 320.8774815712169 26.76882061185054 19.29447759974954
582 578.141486085547 317.7644262726572 26.747518834871492 18.652180174265794
583 578.4817444814502 314.7709268918355 26.718783454133423 17.976186027818507
584 578.2962853113818 311.98540047719615 26.63988394946145 17.351970405446387
585 577.6188925537565 309.4856996877812 26.537598246259464 16.79202071270103
586 576.5263391696603 307.3357200773354 26.474885357492028 16.295493325752744
587 575.1055932867622 305.5794664757156 26.424487449242008 15.92185286114227
588 573.4425346978395 304.24440137206614 26.38850845320343 15.693727317705624
589 580.3519687169905 316.15068150491874 26.284237209840764 15.579634315004922
590 560.1293738483125 290.3609965789051 26.44373387393463 15.750545653326046
591 567.1958002391544 302.470780374963 26.404341848995298 15.937315418980491
592 565.5643311135088 303.1140415006383 26.49220965579497 16.28072837961703
593 563.5705329114377 303.7569107384774 26.591667721315346 16.775838297698147
594 561.623330983958 304.67481062670697 26.653480610125783 17.393331268815277
595 559.8128537357278 305.83373445811054 26.74984362290561 18.086252124129256
596 558.3195951951607 307.19012528213193 26.899361416379573 18.794862120620465
597 557.2590001208296 308.70837840696265 27.096469177472315 19.493790270731157
598 556.4852424808728 310.36026098609915 27.3363505881194 20.168607633729604
599 556.0709135014724 312.1244316487719 27.614701275695516 20.80457682067147
600 556.0651018841158 313.98449348593414 27.926596478437602 21.38904744982629
601 556.4951653779525 315.91671130498617 28.26598304748866 21.91155592686971
602 557.3691190327589 317.8904218191539 28.62505924362121 22.363355093480873
603 558.674792824048 319.8519969639934 28.997395099030793 22.75544611817138
604 560.3763325689704 321.7181315911958 29.363868828445273 23.05030071115391
605 562.4117011283224 323.36919732303227 29.710260118725493 23.249054925862342
606 545.3929115883858 281.80478557966745 28.791392182499244 19.758499092617804
607 592.8248985742854 379.35769982312695 32.10091940265828 27.217853837285418
608 563.4129394966258 317.5007125397824 30.343294234867336 23.096360453539027
609 572.1688718077025 325.6675601723708 30.5555085455526 23.11291757780104
610 573.4765981443799 322.1722054296883 30.51480245780013 22.699394032746707
611 575.5824677845267 319.4809003612307 30.403843404639147 22.298987571044034
612 577.2110290769864 315.54125716995026 30.20290680329844 21.82250283172669
613 578.5852864778014 310.82753693296075 29.961131525355878 21.2044020586327
614 579.6733394440071 305.4841042939963 29.659907653949972 20.585910289518264
615 580.4761359915082 299.76863102882254 29.319322976182395 20.005216867444993
616 580.9775801004649 293.94232306376966 28.96069085622835 19.495362408194328
617 581.1296987444017 288.25575414250676 28.60348948855624 19.08271298041847
618 580.9296289041683 282.92405643705945 28.267249845193692 18.795726081890397
619 580.3983939973999 278.112671598289 27.966921614477325 18.629587778205874
620 579.9605299838566 273.9311927023674 27.708068377228294 18.582297919691563
621 579.2735734786687 270.43434103654954 27.497535402714515 18.648463533957663
622 578.3386727398166 267.6305101842472 27.342333640645975 18.81601582879975
623 577.1866819954015 265.4922110581405 27.238817601110902 19.068279998507112
624 575.880459389172 263.96828198003834 27.184118477502935 19.381936576513674
625 574.4893957190476 262.9950218701097 27.17390584918127 19.72943929242877
626 573.0817667775651 262.5044760048336 27.20172603028153 20.082742670574714
627 571.7266978640174 262.4296575607521 27.26015958527088 20.415448843304198
628 570.5012648611142 262.7071114903624 27.341953269409718 20.704676667004474
629 569.4668254794154 263.2780133574695 27.44021308782884 20.93474976352968
630 568.780132056287 264.0889589457222 27.549181172779374 21.098480497711133
631 568.7562280730559 265.094286722906 27.665995435690096 21.19714512875938
632 568.9370967040164 266.25723586347056 27.789005090378176 21.24189467255848
633 569.3331235330086 267.5519360836332 27.919145505664986 21.251049929236512
634 569.9590586746403 268.96224092875224 28.058803205781096 21.24750384813942
635 570.9537422719187 270.4773400553846 28.240410944201926 21.166276163278077
636 572.1010797672769 272.0834991990535 28.468101874985532 21.01388158229939
637 573.4957872081999 273.75367009210856 28.701715822491916 20.922059216556306
638 575.1911884723214 275.4385630449947 28.939250420096 20.935845402818703
639 577.229488141308 277.06058542547515 29.167096982341267 21.034017629906433
640 579.6208688492519 278.5172664302087 29.374180101862727 21.20841055928667
641 582.3808119644247 279.68747303075185 29.548616542191375 21.441098018394477
642 585.516850432494 280.4410359819635 29.6793016989398 21.70767612811072
643 589.025357650877 280.67490591514826 29.758509727990532 21.982424857836058
644 592.8933856137909 280.31543745011754 29.78781309910952 22.266703807793363
645 597.0914148385438 279.3475837782032 29.758281044180865 22.4879597549109
646 601.5232617369344 277.82153260853306 29.67701451531306 22.64030416013734
647 606.3093276619911 275.8552691426825 29.611245852860645 22.5504157021184
648 610.9588794179197 273.62303271519096 29.563976572164282 22.252848993271773
649 615.2726237581425 271.335821582248 29.510387196632585 21.86749625019768
650 619.0251630217227 269.21477098935844 29.458311098563478 21.425970281757255
651 621.9908445103573 267.45875818040054 29.412799940726373 20.968079074977243
652 624.4442759749753 266.2197750559804 29.375897357156866 20.536703463693378
653 626.1532192510475 265.5782729619599 29.34687528193248 20.171938290840213
654 626.7043390429137 265.5328205382377 29.32402502344056 19.904504587771367
655 633.0947789020323 277.82923874875 29.57629070763511 20.83848683950066
656 601.8311233378 241.03346056870973 28.779896536665557 17.563040759236436
657 640.8981245564265 295.22644116252394 29.93838549885968 21.946148584478543
658 592.7269717466489 242.36651195898114 28.622216441770583 17.876055558669336
659 635.1531857134916 294.83578949603447 29.97124005556389 22.125763024249814
660 586.5656454030304 245.9910908923565 28.614088424343198 18.532579469669365
661 619.0165399442267 283.8112507435714 29.66320607860883 21.558237692852313
662 601.5950653255677 266.7839871794639 29.237924284348388 20.697551936758128
663 603.6040590739545 268.7143226197845 29.33448004485251 20.966911865139828
664 601.6854501367408 266.78314402363463 29.32467146525588 21.018774032370096
665 600.3346810328859 265.2389042563441 29.338291743473416 21.060211613412196
666 599.3415503836878 263.52319404359787 29.348265982617885 21.04938451771053
667 598.8935630790343 261.9000569747432 29.35826285778637 20.998272385425647
668 599.0655911672247 260.47521038674324 29.36887398645179 20.914364648545693
669 599.6925282436877 259.34617478861776 29.38253478710489 20.806447749150855
670 600.7214511344571 258.5614269071217 29.401898974743272 20.682391382707316
671 601.9440359417434 258.12772452886844 29.4299224156217 20.548801181174323
672 603.2434993506653 258.1584226527183 29.465404940080248 20.411708455447314
673 605.0719836274586 258.5102415137542 29.512632209904506 20.275361953479724
674 606.7304220130017 259.0740909919895 29.57371039766478 20.143235155075423
675 608.2671143531242 259.77283423104456 29.649193097808052 20.018134412853946
676 609.6775817182089 260.5347161959153 29.734482744344227 19.905754942899286
677 610.9658178301613 261.30016463580034 29.831739596945464 19.80653831424758
678 612.1322803594003 262.0234853583671 29.940368356986536 19.718195713480902
679 613.1669299116459 262.67606266457153 30.054524830402087 19.641942540819127
680 614.0497652707293 263.2388223480287 30.169801042667068 19.578032206385974
681 614.7570181709723 263.7023296045482 30.2761473087231 19.534948710636566
682 615.2689818348188 264.0624255908051 30.36921513534412 19.50925914618906
683 615.5762572063913 264.46019678876803 30.44710084395704 19.48945709325369
684 615.6830521151103 264.75666331542294 30.510945870705516 19.472363864707823
685 615.607419543403 264.9265702529213 30.55999407885066 19.45423865376014
686 615.3788095891547 264.973001897163 30.58476845689777 19.422739258158437
687 615.0286211378215 264.9047801441532 30.59503802618298 19.38851113630941
688 614.5512739504715 264.7395166959752 30.59607082009896 19.35953901469724
689 614.0184633240128 264.5042915028457 30.59291576847201 19.339671883664018
690 613.467428687558 264.233612793643 30.593037099406473 19.326758327762118
691 613.0394217084239 263.9645272740146 30.601848541750126 19.32277751292841
692 612.548538642079 263.73042526088364 30.623046095027714 19.329223577021057
693 611.9538269534628 263.55485477800624 30.657993124700898 19.346584699528066
694 611.1971155963978 263.4480570084485 30.70553298274046 19.374056294585717
695 610.2096381348447 263.40231344172173 30.76225428476102 19.409992907268517
696 608.9210510764246 263.39886485753857 30.823245455440784 19.452261676417
697 607.2693376583017 263.408844534202 30.88297629333909 19.49870824269798
698 605.2093844818555 263.39921391662955 30.936237002329054 19.547285456285174
699 602.7182596806978 263.3365387264705 30.978651206305937 19.59606426622547
700 599.7961104757406 263.1869345411405 31.00717139730675 19.642813660863432
701 596.566767605568 263.0589515414364 31.015505313783372 19.686151349679136
702 593.0885768827395 263.014197447333 30.99958856826307 19.72304039333379
703 589.3881333692688 262.8979951507675 30.960300318033468 19.748086078286036
704 585.5246472269769 262.6809563906923 30.88904430644939 19.74475372502002
705 581.5970214253584 262.3505439170128 30.779061209913124 19.70420960644799
706 577.7960482277226 261.9108531654075 30.639895979471635 19.631904125700757
707 574.1337848064344 261.4852803451213 30.464512245651573 19.524620282389588
708 570.6907872045367 261.0735612601039 30.25282398873227 19.379705467198207
709 610.9648817587321 286.65897414818977 34.66553086992218 24.387002743171568
710 524.9237924179542 239.77867216675534 25.457194383628018 14.411724309866676
711 562.9220723168814 259.0913054030633 29.413356197450657 18.610265668807326
712 561.1553667807777 258.7763513661113 29.173319912255057 18.41401203995939
713 559.2690076852645 258.1471773676864 28.8742177938121 18.128994764836428
714 557.3339085302758 257.5623176390958 28.57727260590299 17.834551098126813
715 555.7401493949047 257.04975867246645 28.293839954975773 17.566578169403805
716 554.0479236974375 256.6204961397574 28.026233701317114 17.312221981727948
717 552.0110418625812 256.2672931997211 27.778440415257897 17.073502810551936
718 550.7992914182199 255.98925353164324 27.552543116915842 16.852261935354925
719 551.3919163734278 255.77467736882213 27.3506146348152 16.648902867292264
720 548.7909332796506 254.33626364076196 27.2915716454177 16.83111146941903
721 553.353434740095 257.61463353701197 26.859012291541617 15.992493651337677
722 549.5439261733119 256.36105886131145 26.818448675022342 16.194575268896617
723 547.9016241048689 256.76471209470725 26.70383903903095 16.096036826620285
724 546.0465478177221 257.2369439890804 26.62206720754929 16.018935819777823
725 544.7883143374861 257.8146808897303 26.57584466850641 15.97005054142185
726 545.1302938615426 258.50429074637793 26.565877682231154 15.949900433340607
727 545.3774034695654 259.30411216307346 26.59168262057056 15.958344836196138
728 545.6646375302681 260.18665925344817 26.645184357454767 15.992098214560647
729 546.0271977131076 261.1024707600264 26.719647548364836 16.04566739673387
730 546.2018081205246 261.9778789545165 26.808206967406786 16.117482484411024
731 546.1954519856068 262.7222263326207 26.90431658200256 16.20906362779691
732 546.0055360978517 263.23156703347104 26.998935329881537 16.306672051290892
733 545.6206521494958 263.40388233901433 27.08515572859786 16.40398913716615
734 545.0212064469728 263.14547524896824 27.156957246576255 16.494714882495003
735 544.1817994451039 262.38037720514797 27.209130502768506 16.57236895028324
736 543.0756245921683 261.0569485012214 27.256657065785284 16.54050600284975
737 541.678164224173 259.1497344140816 27.272689081053002 16.495577655709276
738 540.0241357927808 256.66754980496455 27.2539252326917 16.433413572820097
739 538.3652251854601 253.63121333513183 27.19845697466329 16.3481167339281
740 537.9921820420683 250.07045877438168 27.105097448406593 16.234358028017475
741 537.7033824467212 246.0333159281822 26.97590124585502 16.09662234291572
742 537.9269512147662 241.6114995292035 26.816803548839744 15.952848568785454
743 537.8494962572349 236.86252653325423 26.627749935032792 15.788729717718354
744 537.5290854187845 232.0629893404045 26.40249811665665 15.602480876669814
745 536.998529182993 227.13922151083642 26.155389457582732 15.405166556437926
746 536.2766607693167 222.03148436108586 25.901299537422123 15.206431266886227
747 535.3931319779864 216.80818064627857 25.6468523247181 15.010903475305598
748 534.3056336740718 211.5310869734833 25.396923141016476 14.822332917199336
749 532.9779527469672 206.25611464817987 25.157729321469 14.638008238187805
750 531.3369637909847 201.0336602449512 24.93420886986013 14.45004582390434
751 529.3343270103124 195.90256725917587 24.71906368106878 14.260299977066984
752 526.968007033696 190.81834815371712 24.508841248574722 14.068994819473875
753 524.2156597523779 185.87236833783595 24.29795844047799 13.865895154274273
754 521.0691478425474 181.06152552461194 24.08575108977728 13.65586510118373
755 517.5396614027867 176.31503523347052 23.867805441199824 13.437191626344076
756 513.6513810035325 171.97225974140696 23.639049014836758 13.201374156490944
757 509.5224322022697 168.5775412963291 23.402983119240933 12.949518562816362
758 505.2351291516939 165.42729779603587 23.147323935615624 12.67839982040851
759 500.8999548279453 162.52437990169187 22.87904303769514 12.39237042938739
760 496.485880400093 159.89141666026816 22.60739409711435 12.087992969499593
761 492.12126911610244 157.52639976124945 22.340174613984793 11.75349277564462
762 487.8660245086637 155.3994817479909 22.07492010997423 11.401888991408471
763 483.75426074211634 153.41662162007435 21.820228085639442 11.034612733359452
764 479.9071259637064 151.70101664117144 21.56967856229617 10.646526833273255
765 476.22337532536307 150.1804937763116 21.342656862417368 10.243532121200005
766 473.0572669895268 149.21469709389507 21.133841128571444 9.818566505491129
767 470.3333699152431 148.33091505422664 20.986611034202262 9.382365082983771
768 467.84005843541007 147.52769839923127 20.904468260490123 8.968651498643519
769 465.8548423472981 146.76381106985968 20.88901771063964 8.607069035284576
770 464.5294325848861 145.95454032718507 20.939963436812747 8.305772079388175
771 463.7986669470276 145.07924482957736 21.057964419266828 8.057831411535613
772 464.484648873163 144.12505555586023 21.20120588327663 7.923834853249076
773 465.0607806625072 143.33400754641812 21.312477136016646 7.877755349869609
774 467.13106638711514 142.75228000798103 21.41419682817043 7.848894704772267
775 469.5489665053073 142.1631411229803 21.563650915769358 7.845235080404002
776 471.6726757134007 141.55281354221697 21.763216665073138 7.86859693398652
777 473.5088548872414 140.85308805753698 22.009436079319432 7.919093554537714
778 475.54649377835585 140.09211765699996 22.28881864934491 7.993889202602241
779 477.70804649817313 139.30283342772069 22.56717147227608 8.083669237791039
780 479.6263254801664 138.48105249994683 22.858360880879278 8.187129743083029
781 481.25093473146256 137.6441874134427 23.157022314669614 8.301038409483528
782 482.58506761773987 136.81349528364456 23.4145855596347 8.507107694177954
783 483.6342607428758 135.99739177777028 23.666473379580907 8.6895074288403
784 484.37370367743716 135.20547952828412 23.882691117034888 8.899519940381058
785 484.83475179584946 134.47689669859324 24.070607651878106 9.085855850395332
786 485.0753069414917 134.2729701953894 24.25974041247528 9.258845307211349
787 485.12088608041984 135.86352418829415 24.376561818373172 9.35770202338814
788 485.00944466911636 137.28519855629298 24.455699833060585 9.414444208503431
789 484.7790736085696 138.58707011020837 24.486390146707297 9.43940891440677
790 484.4457598623097 140.1414952256659 24.4766901211271 9.394310268171466
791 484.03188658195853 141.63024774089308 24.435111344553654 9.295950190237052
792 483.5536553397933 143.05311722136594 24.37278995856036 9.136896309240647
793 483.16182188021924 144.4262311189475 24.269251322782267 9.01557268720349
794 482.72076178492927 145.753549111941 24.16763099936531 8.838265993028877
795 482.22106383461875 147.0355294849333 24.014696358857186 8.765839936972698
796 481.6866955738644 148.26489266746623 23.860592835523487 8.748897643710139
797 485.74898084810803 150.17358184977695 24.317406954116194 8.57458569613488
798 475.7073069279345 149.4412404713314 23.026933483859672 8.938967155248323
799 479.7888252919218 151.54806397006715 23.457884980412434 8.789015592907562
800 479.4876453744526 152.27850904566472 23.39170509943933 8.780475034571314
801 479.1552823744676 152.8457194470792 23.30982857780039 8.777372958213233
802 478.8229177251661 153.32675267946942 23.2379093330142 8.76501188829107
803 478.52470928674603 153.81095077338807 23.188819021015664 8.73760185598084
804 478.28432490909444 153.95312458927765 23.14666375747351 8.693467171868873
805 478.2681040211387 153.70249165401663 23.11002890519722 8.6295322427003
806 478.5759152441088 153.04929651404618 23.10056102350998 8.543727402108875
807 478.70647029144214 151.98660455977398 23.185356065967728 8.43653068768692
808 478.22011243466045 150.77819286009742 22.89168184881334 8.30142585829132
809 477.4796665548803 149.41714154827625 22.523554814377615 8.155846757817406
810 476.536801222785 148.19741273699287 22.162909934544793 8.033758166253092
811 475.4871220719802 147.06090198296104 21.79022632676286 7.926345313025486
812 476.02831947130363 146.16716775072666 21.381638492957144 7.867683043157137
813 476.3716550953117 145.68125038631612 21.06628601009523 7.925811326152742
814 476.5568366920871 145.74001754449742 20.871389196532444 8.06755657433885
815 476.8711905768134 146.42040038014574 20.818671473167495 8.275149195525566
816 477.9340494156463 147.7510587970801 20.932771920982187 8.544778445071778
817 480.7093812857329 149.68471745135443 21.219371434982122 8.865236838822483
818 483.21810380557577 152.09304595196986 21.661185557309157 9.217858606531909
819 485.8103186512395 154.77338807455857 22.217338543140837 9.577702728649895
820 488.62283733449226 157.4677959479852 22.829768786328415 9.920857740128895
821 492.2831262064043 159.89240864974727 23.422680037999562 10.21481558440578
822 494.8619500809642 161.7733101383008 23.91805418121389 10.430055605373115
823 498.1558737165272 162.91926466077481 24.25218792297896 10.550725935835079
824 534.5753583007663 159.7947724367716 26.235439195930617 9.737701941571327
825 548.5418876974813 173.69831839140872 20.924740456681654 12.19439724304838
826 567.5792485237046 155.78631202817192 27.228425686043238 9.502929043483155
827 504.8480199241386 163.73128686416052 22.113135916873095 10.656826604106516
828 498.8254310622092 155.6228360510135 22.50574436749909 9.770514207283771
829 494.2559344955409 152.50888930642284 22.045247626198247 9.392083251323424
830 485.4451151670963 148.5754547087822 21.300733581515797 9.004048314686214
