 Trunk Shoulder Elbow Wrist
0 688.7520674592569 148.96201809030885 47.62887562035091 19.477866571710646
1 693.9896209229777 151.7387699212566 50.6544006531332 22.96661290111237
2 708.182125441892 156.6716901875343 53.69810871619471 27.049952418707367
3 725.8675614053105 161.60443346608673 58.10172055943379 32.741280161890316
4 736.0603738426546 163.44927078249486 59.71371583635905 36.0580870930214
5 745.7854560429494 163.94394521717064 60.7579349765117 39.188815112703864
6 754.1704006202168 162.16381683892487 60.43299258068955 41.0052241740916
7 761.6672152853026 161.9010939580144 59.203774250205726 41.56448112156309
8 759.2985112280462 155.94702433880352 57.58267147325965 41.48116400588526
9 776.5944987583687 161.31965638098586 55.421715512378775 40.84597229103051
10 768.3611908466652 154.67986182216097 53.35976801481875 39.91786126205929
11 764.6541007949766 151.41694934758615 51.53484161698408 39.12180204059877
12 758.8593546679343 147.8951085162974 50.100821015996004 38.52849381562731
13 752.0007927922221 146.64501215600419 49.10357288215826 38.20508604064011
14 744.6174402082715 147.42053408019518 48.47082177040355 38.056973932649456
15 737.5265389871755 149.61283149392904 48.07924037088731 37.95466418269096
16 731.1318503585084 152.14640571728017 47.78482796050218 37.763748608045596
17 725.967204751373 154.6062717079484 47.235033832515406 37.493132736931955
18 721.4342349430012 156.8717288600995 46.590899170467914 36.9088133436968
19 716.6955396524635 158.75328464605525 45.84155238054971 35.99557615376641
20 711.5559663857335 160.32637475599591 44.99434936801982 34.81888943243655
21 706.0613672246549 161.9866423947164 44.11569382825453 33.55057299945575
22 700.4430457152084 163.3340110428178 43.27168033774119 32.28676053588736
23 695.1668620016504 164.95429488727754 42.55865821271735 31.177879635762455
24 690.485210729635 168.57902486633213 41.87827818555474 30.115512341945887
25 686.824031884355 174.77375899837426 41.40798790682947 29.39257533523666
26 684.2847759562853 181.39568496874256 40.91531223324019 28.97861726614403
27 682.5123099653551 188.16816067434547 40.41276666806102 28.67408757736769
28 680.9054120981165 194.68197072929834 39.89045913428208 28.294474689778735
29 679.0922921688102 200.44437672409887 39.24899554984213 27.73110374384894
30 677.1250271534643 204.98926657557698 38.40272238769621 26.781620050612005
31 675.1312237816462 209.76503559895787 37.962166959314395 26.652764413598845
32 672.8667943578162 213.44559130223206 37.49526614535809 26.499013780515693
33 670.8778206693906 216.1926104171373 37.011331457801745 26.224752973580273
34 668.8197629771814 217.81773482995783 36.602925630410326 25.883935894389527
35 667.1278226788914 218.57298865414242 36.36760860175135 25.553534435753384
36 665.9190024624368 218.77812807621984 36.39121613865679 25.336757623549147
37 664.5379920918615 218.85975167759574 36.735818407963365 25.368917751936564
38 662.5194765762482 219.3310601251616 37.38746828282183 25.709835316228748
39 659.8095814555544 220.27350241990808 38.29144920611518 26.38487775491297
40 656.8115580221845 221.6925245850187 39.362247122906396 27.358404504793228
41 654.9037720372816 223.22101864006027 40.52342924271233 28.589797047962083
42 653.6963861371374 224.61268475145656 41.665283021598185 29.936610814755603
43 653.1913539596422 225.71676169735412 42.686193747719116 31.273986280264342
44 652.7441598808423 226.1125556806163 43.49122374197311 32.48418073602325
45 652.483720842371 226.36570775013882 44.03599974708543 33.513412918482004
46 655.0879554734794 226.57562647055747 44.35072485477928 34.38137428961104
47 658.025866425941 227.1970208330714 44.53062535653808 35.16556879794912
48 662.9294187432666 228.28087043357374 44.67910888247606 35.937313833633276
49 667.9579789806668 230.20366103201889 44.87554219036768 36.74759885826143
50 670.7780864289126 233.03603400093132 45.14592304571387 37.60033350305845
51 671.4065829477556 236.75306209971637 45.37558032581153 38.35853598668018
52 670.2893624300068 239.8867788316605 45.61818570580815 39.09381683713625
53 668.1304643034529 241.9760471138026 45.84834808031419 39.77012699915251
54 665.8312618516122 243.2622518429621 45.960857340194224 40.23136761450172
55 665.0675953378284 243.92725572109066 45.908024125505236 40.536497941408086
56 664.594330397919 244.52814912484314 45.668862830544036 40.812651350373436
57 663.8234355041377 245.05377197836728 45.330559539172825 40.91230455525082
58 662.7771340411341 245.77313598192768 44.934752754863574 40.84764154927573
59 664.9973977472889 245.35406336508967 44.57750196133496 40.75741246877963
60 667.0545154275018 245.21369102949674 44.357103676457584 40.799632810417584
61 669.9129699612822 245.4080934895496 44.3171388190933 41.038393087018726
62 674.4385801548412 245.65045720749882 44.45037804675271 41.46463284948588
63 679.1840125393336 245.92637841202702 44.700010350150514 42.01114559073944
64 682.8887987282362 245.8488528534874 44.961808785112694 42.54319825029803
65 684.4296068296654 245.52499584561028 45.09898415530461 42.86876396195675
66 683.0930453570794 245.55287334427715 44.97897153976465 42.799858221627744
67 678.6455873578725 244.94253427120833 44.575932058578516 42.38435430137414
68 673.6805390509617 243.16585245014767 43.800126465154264 41.8803945016693
69 668.0126567409467 241.96216902047658 42.95093985835396 41.215980331672654
70 662.6201514529282 241.86598822593197 42.273638368543864 40.768346017280706
71 660.1836001228775 243.05468737284633 42.01927740840838 40.86817247441718
72 662.3000850066355 260.45023068980754 42.588799113075645 42.091490401613704
73 662.6810728548246 234.93970672944693 42.86343023329404 42.523793721683035
74 666.5770378995479 254.06212961464624 44.15989342593026 44.44930287122777
75 670.3643940261645 259.671214602087 45.26923809257728 46.30130543334869
76 678.3466296588018 250.06578915390403 48.27181970456137 50.40695644526159
77 675.1523863627893 309.9044394871521 44.99656909280759 46.55027036415632
78 679.2126021567929 258.0321956770645 46.97195506849298 48.717016906794946
79 682.2954843535992 273.4228713576339 47.28136591032119 49.623536150758476
80 683.112725345627 271.575164721783 47.26231137384847 49.68482403346528
81 684.4360081823431 272.5538772123629 47.00207253688305 49.58500115255134
82 686.3934749518924 272.27843000337134 46.71642454240144 49.56136695049048
83 689.3508074981235 272.83252448970507 46.47610486665267 49.68983994091922
84 692.7785207974217 273.0057349462729 46.39344097783077 50.12578498346591
85 695.7039160785337 272.7872494325633 46.50529777349072 50.85536888998811
86 699.8380273711501 272.1000410249915 46.786485742616705 51.74774069651647
87 703.5989872132826 271.09602996386235 47.132321926640344 52.59820146549239
88 705.8208724545635 269.3717832868734 47.43736603605157 53.31685348619687
89 706.4690486285132 266.406601017474 47.490888631640836 53.59785319151042
90 705.6135722985059 262.00902349763135 47.14927050732828 53.22815418851472
91 702.9063336060228 256.60525662443285 46.46425547652708 52.337934398152065
92 699.2726849649365 250.73809199271767 45.60566102046884 51.179147837151305
93 695.3924927113477 245.3155945949329 44.774395064951555 50.014796633342705
94 691.7098777600123 241.13484684953994 44.12757176252933 49.04687352125558
95 688.4605379953184 238.7401585866913 43.74154627517581 48.37339303731352
96 686.0203775452181 238.3766539652974 43.54903664570119 48.07300679829472
97 684.6076567529389 239.4408616935429 43.64488409024887 48.10585206466014
98 684.4523421840161 241.44501133941617 43.97444125292192 48.36995382072196
99 684.8636968376961 244.00393363551285 44.407494807116464 48.744883495042025
100 685.5769036339907 246.79323204399523 44.824093479422466 49.13078382542785
101 686.3619512063455 249.93336515274396 45.17427851762178 49.50360771061828
102 687.3215840081631 253.1671277206777 45.497328914072384 49.90267616056634
103 688.6954405460165 256.45750451473765 45.695969000617524 50.36823208648487
104 690.073534257014 259.70503957058514 45.8154869856221 50.762725302343405
105 691.2013969868717 262.76523275256466 45.83577098148142 51.02077291336957
106 691.5256048699938 265.6093512821355 45.76817943599781 51.137911868667636
107 691.1307613751314 267.9314796420864 45.6569910453435 51.16918419309686
108 691.0145755990926 269.59506463512463 45.555137716808105 51.17144719591009
109 689.9817672668571 270.93054533077947 45.50140610929643 51.17482262766491
110 688.2939361708824 272.27106008716174 45.50221812479349 51.17656605425072
111 686.3342299873601 273.8588505788378 45.54329973777013 51.17113120800919
112 684.5264275814458 274.91808307747664 45.64875207897947 51.24707125048061
113 683.234689498165 275.3045955976175 45.801176527062694 51.386942116196465
114 682.5166790487442 274.92238478661994 45.98023789457134 51.55767992916929
115 682.1742688495166 273.82662986145465 46.161909526975926 51.7114146608595
116 682.3488898354026 272.2943897982293 46.31543844793521 51.7832853244165
117 682.4129428659786 271.1270669014392 46.36183666723128 51.612258657764166
118 682.359803289322 269.79246167295463 46.279078281524335 51.184111843244686
119 682.3849195461862 267.6038296034064 45.93282980175868 50.645494955560316
120 682.4841352241681 265.35824105971983 45.508762831187106 49.97643334783247
121 682.5162257248118 263.53990550077884 45.15868993145552 49.30075263645968
122 682.4038167700311 262.5557000012152 44.95954100536748 48.78791753132426
123 682.1902069921586 262.6799325788516 44.98138900405579 48.55836328329596
124 682.0547108001234 264.10383822813975 45.280720235132975 48.70918133027176
125 682.1686861304929 266.9704967214106 45.88759626002394 49.31750090280304
126 682.6884744893476 271.3017715393388 46.78762591380717 50.37726828803541
127 683.7760729350939 277.8518902550315 47.819327315545664 51.69381917365736
128 685.393977419627 285.0418257894652 48.98806148663749 53.1777763946589
129 687.3407512570205 292.3060175462659 50.25178027096627 54.661667236676564
130 690.1086950191004 299.0679071090975 51.24098415723167 56.311612432909904
131 696.3540634503714 304.89249460105174 52.117788591862904 57.88095294423999
132 702.5105696714635 310.51904550898195 52.84063580909011 59.262748797805955
133 707.8624529602025 314.8731924732121 53.418815102564764 60.44269958719441
134 712.5172595874812 318.24160855246936 53.837429818311996 61.37715324985557
135 718.8395379598877 320.9715116882917 54.07574465321768 62.036538713385475
136 722.3574607484302 323.35489578801634 54.11788970630959 62.41345750825682
137 727.124518571821 325.56064245952064 53.954431159487704 62.49897080085772
138 731.8434786559415 327.61385889860617 53.57735231470685 62.24790214859226
139 734.8859772446162 329.46471096838445 52.99147403500195 61.60772108188316
140 737.2332801370083 331.07425677059496 52.23192363089919 60.572561485851686
141 738.9756275663063 332.4203486731678 51.353957557584735 59.184220956616876
142 738.8590980979985 333.45461586944833 50.39804509558095 57.51698851631855
143 736.8200735322737 334.10026535020455 49.3690825356152 55.70493739243573
144 733.5130374831577 334.26844518725767 48.25319991350575 53.72387101059922
145 732.0566951938611 333.9753375696979 47.053198079868764 51.64188470173555
146 736.9167409702762 314.67937943597843 44.85390129842199 48.48043720132651
147 727.1710412687534 348.9986211776374 45.710297864708735 48.964820734938215
148 730.2227479720518 332.20654224575975 43.385169705788954 45.802647823861655
149 725.4810193281847 333.5291939069668 42.405842905633996 44.546141561856906
150 720.5277910932317 334.72784819772403 41.50186967339635 43.5103542135165
151 715.4642582227981 336.10843154436355 40.69184972091108 42.6870513214076
152 710.3526415084526 337.9217131642986 39.99075732964937 42.09023512826462
153 705.4459397454108 340.44362841774426 39.42343080564475 41.800179930998624
154 700.5393602851317 343.8685609004872 39.00977362133308 41.886695100600626
155 696.8152685595162 347.8219365908721 38.74732209595903 42.338098918072546
156 693.0311676618519 352.9809477303109 38.62684948305867 43.10488391451085
157 688.4890624107294 359.7112825685373 38.608405515897374 44.067744054928816
158 683.4239042940052 367.2852965144381 38.61962070529637 45.04436970205995
159 678.5138291467862 375.2431997496238 38.59891708840625 45.84050825153014
160 674.0266388705113 383.3496444420904 38.52461689648048 46.28410928121272
161 669.7858403976492 391.64237333225475 38.35248477089642 46.42332087882571
162 671.545147066302 400.17708569141877 37.95257914540861 46.587325978279154
163 677.2718546925097 428.11499784384057 37.692262177437414 46.690860841817425
164 676.6997525202395 398.0788001742675 38.17961014373109 46.71737263027164
165 687.8853077426735 426.09580101863645 37.52314564929449 45.49109763491732
166 698.2380532702309 436.17737813590276 37.616133848796146 45.165709088296474
167 708.97283798762 447.49708156127764 37.72860539166227 44.909109345622134
168 720.5435368772777 460.9895260911379 37.55100070815829 43.880303792146556
169 732.386052398557 475.98472729829047 36.91438397033805 40.53686830908302
170 743.4379125395518 489.88100100464254 36.772107067107825 39.02594061494049
171 752.6341911454294 503.08878333138216 36.8863967096305 39.725595831330786
172 760.7609339373182 514.3656875006619 37.0679545802387 40.74050805209994
173 768.136850710357 522.9408122024668 37.33066792567803 41.9172050352494
174 771.7557568492895 528.3478683305733 37.668784255010735 43.21011732301317
175 771.4604899314828 530.6369357821193 38.086598323754856 44.47818882462898
176 768.1733870677726 532.8940878668192 38.54260210712629 45.63918158636161
177 763.0779174294166 532.9587560291196 38.95612160911339 46.8398693767406
178 757.7358237909643 533.0152584973835 39.4921028047588 47.99696634799019
179 754.1792524483219 534.7479442079783 40.169615198286735 49.02636725471686
180 751.0392721157408 537.5812732619974 40.92436538381577 50.00704686173755
181 750.4243163049748 547.1396582896272 41.51681942451202 50.522923009332324
182 751.799378736836 558.5584451549215 42.06345166744223 51.13692618332312
183 755.1419979317245 569.6808647870681 42.60501872119964 51.99210978564419
184 760.1196224672321 579.8942167314352 43.22044751286092 53.050441658673236
185 765.8481567107266 589.0797312225366 44.04825674596452 54.09242253079638
186 773.3214024307741 597.5469593039408 44.5866318275362 55.521921830053095
187 783.6905342993635 606.2295668338475 44.93387415504467 57.18165008902262
188 794.4440603241557 615.9161301840245 45.31000750409663 58.85868911513505
189 805.1341370176737 626.823850331487 45.75672639299798 60.55859880131322
190 815.3552911254858 640.2541246904525 46.39743503454222 62.28216775519828
191 825.3401615140723 656.9638665364585 47.23218536660687 64.1526668744422
192 835.4572621977867 674.0791922481761 47.206278024252704 66.87157479435065
193 845.6813233001643 690.8767042653781 47.22905156004738 69.96649494138866
194 856.8686060289749 706.7781770021619 47.30396005937381 73.42394505651077
195 868.6630436953579 721.1668515809504 47.43408873622903 77.15024556374274
196 880.5605570020771 733.3055421687924 47.572904062697525 80.92110071301592
197 892.7665340319904 742.6949072720224 47.660049653946395 84.4673939371623
198 908.4118358828587 749.4629037078631 47.66404825621198 87.56155951287995
199 922.8676263939349 754.2890084780917 47.59258604806035 90.03382118849149
200 936.4118407556709 757.9800810133947 47.406900014029226 91.9331646663344
201 943.8224661634378 714.2951108679143 46.95543429985948 90.49419341034739
202 969.8103294036282 811.8118755015436 46.56739180744516 98.60654083744974
203 977.6942927575262 774.5385678348306 45.91883289115331 96.30641441475258
204 991.0040262479491 776.23788005488 45.38724106018192 96.9679188074706
205 1003.1556003969788 786.2478707137886 44.919170790291666 98.09704530687941
206 1011.8563717644731 795.297494005788 44.479408871296755 99.54039069728205
207 1016.4528553353263 809.3168080026869 44.2767014951602 100.78540991709102
208 1017.6608595390652 822.619605183523 44.23512076045253 102.45354658056367
209 1016.7110744752847 834.4091931294132 44.23347473602696 104.98828524247479
210 1014.8296889095811 841.4269225003227 44.315357631940614 107.88258198375722
211 1012.9676513874194 846.8029193227585 44.464344059644915 110.99668446041369
212 1011.8147314912662 850.522495258378 44.62061729003728 113.96894774724956
213 1009.6536532475242 853.9888217244536 44.76471525213717 116.5386809546383
214 1011.9308882816297 858.1693038664358 44.880678603864965 118.516430719411
215 1063.152516439455 994.0147104670008 49.34593395782153 132.0667438761265
216 1000.7780244317058 696.5493883332398 43.38519977986954 105.3335450576709
217 1021.6416332056796 915.2195707091433 46.09845672162165 126.20969386063734
218 1022.8780508403333 867.9488119200294 44.71853845779817 121.21083291887689
219 1025.0362095968992 887.8119117649261 44.97024969897916 123.21457092154407
220 1026.36360316285 889.6123589542286 44.86677840090225 123.73208878181306
221 1026.20471455343 897.8443597920859 44.98127100661312 125.16986180219104
222 1024.224797968337 904.4892608486686 45.108781729899 126.65041021573991
223 1020.6868482032116 911.5951455008477 45.31208561195053 128.27689786707964
224 1016.6556778579593 918.4092893202297 45.56117394319692 129.88608946578867
225 1012.6603666001813 924.6067100737986 45.82857518167276 131.39968894009513
226 1009.5825603695594 929.3334348333653 46.059394488365584 132.6992551732718
227 1007.3854168981376 931.9391611070798 46.19651580799088 133.65249298246172
228 1005.1523550461364 932.0289529571836 46.15582384799287 134.10501689385964
229 1003.0286349550025 929.6119906184119 45.934957134846464 134.0127268321907
230 1000.71725003733 925.4456516436792 45.62883500359014 133.4719846601999
231 998.7288677932961 920.8675098241755 45.3137071085109 132.6734388506105
232 997.5175172539639 916.9275823651774 45.03268885845158 131.75633574315242
233 998.4818546893591 913.880308489186 44.787791087795995 130.7452399910378
234 1001.3309837873156 911.3666125637174 44.55547043502205 129.56682067911655
235 1007.1539340788977 908.9455877890696 44.31727587958682 128.14300227678677
236 1016.2114067141368 906.1772639789386 44.06265477605654 126.43692905661645
237 1024.0915556980417 902.429676920765 43.77464124273307 124.43726766115073
238 1029.9023127040175 897.3399813905445 43.44526405092186 122.21125869609071
239 1033.0290194530055 891.067504975701 43.091149989309585 119.93886374538005
240 1037.162940248824 883.8539259635775 42.73166653387239 117.80643397686771
241 1038.6706067683574 875.8585784893144 42.37429252917201 115.92711991358074
242 1037.0237033949866 867.4376228358633 42.03216378064346 114.35496927957698
243 1032.6602967296617 859.1295021212956 41.730838739752016 113.13053738654068
244 1025.2106287973115 851.3747030828844 41.49638466258205 112.28396807907437
245 1015.1952574044108 844.6030210143235 41.34388011685013 111.8524635056164
246 1004.1617423157364 839.6275384010518 41.28271503071061 111.8638246938508
247 993.347007951859 837.6083215529321 41.31434302768521 112.32064886584114
248 983.9868704132458 839.4171628729563 41.427405976021674 113.155075625378
249 976.6200166824485 845.1202778902336 41.60012456181193 114.19271940135903
250 971.4655914596055 854.1521268769837 41.82096246148976 115.24712676581662
251 968.8846131516382 865.8666926890163 42.10235519516521 116.27580162860855
252 969.1264515120574 879.756892526428 42.46490327810431 117.37627890202273
253 972.2672221850635 895.1834758975797 42.914934981476954 118.64779540555837
254 977.7476656682015 911.1552162649609 43.435352515678034 120.11409497280975
255 984.7669811584428 926.4077707738287 43.98746810731713 121.73130989755647
256 992.3848948571607 939.4519555328204 44.50728312884839 123.38596112540304
257 999.3065046981652 948.3894042283714 44.89364048031287 124.8771706642681
258 1005.4685055133178 951.1956203658002 45.03066853361295 125.93336298300684
259 1010.525953326869 947.0892222629171 44.87001803038011 126.36943731403223
260 1014.1920408149509 937.7994058986561 44.42460074584289 126.67879504231904
261 1016.5437243597727 926.6404194338338 43.90027583262475 126.8478087716415
262 1017.4138149316901 916.3073640486084 43.41913208191585 127.00180402518865
263 1017.1193370089175 908.0192849833281 43.02798499876684 127.10380375795182
264 1015.41078732374 901.8636894588415 42.724327007117004 127.07132569653324
265 1012.7701246156483 896.9726026715222 42.46967567514414 126.83680514738768
266 1009.2627628253199 891.7791199024766 42.19937131795298 126.32770446191547
267 1004.6143558805172 884.8174032355901 41.851220762541374 125.47671825557552
268 998.9376030387011 875.5664264621645 41.39653095380355 124.26604643484713
269 992.6289805626517 864.6638462809022 40.85384767758339 122.75421430040025
270 986.1979096299515 853.3778538221017 40.274092349682505 121.04168594195548
271 980.0973498678774 842.8058096026658 39.70465324653045 119.21594365130645
272 974.6768258265655 833.2833227897956 39.16242680962411 117.30918905200323
273 969.9664705506295 824.3175134620302 38.637936671146925 115.30999855666221
274 966.3827338753458 815.1440087508066 38.11961868048202 113.24306209407023
275 964.4650588503908 805.4920218472546 37.62097414947472 111.22087368692277
276 964.1147870552354 795.9479836185903 37.18474634968926 109.42481254089785
277 964.0335207611159 787.7508337274917 36.86514624132339 108.0675015572584
278 963.5040340493284 782.2942980871793 36.706893371521566 107.3906529994688
279 962.8771515579432 780.639582033072 36.73308205096093 107.6365927195136
280 962.8094546978416 783.2373512759856 36.948402096748346 108.98230635147961
281 963.4394762795008 790.0631476604459 37.35805394971774 111.51570706733632
282 965.383237425707 801.0584126680264 37.978370682988235 115.25865043878986
283 968.7508275699652 816.2469305795013 38.823759407504845 120.10744861585253
284 973.3854853673226 835.3210880484063 39.87497360300645 125.71831521570665
285 979.2072404240992 857.2937264876269 41.05670001062617 131.44174563356378
286 986.2519911204721 880.2347140886462 42.22523849913936 136.3037136615733
287 994.1929324174345 900.9924766385171 43.17417907424613 139.15717388431352
288 1002.185025920876 916.025623634217 43.7189740635887 139.23273872155877
289 1011.4168360031381 923.3286192814138 43.82941685280406 136.6941830090358
290 1020.1518374430743 923.0370177186977 43.646795499770946 132.4539694993594
291 1027.4490293000706 916.2854141848914 43.30898163065766 127.74285930558278
292 1032.4766633023191 904.6178940951019 42.976684576833435 123.00271907433915
293 1034.6236978363468 890.1573947053107 42.76752059903065 118.41691316949878
294 1033.6071319628809 875.1818656204429 42.66744137196546 114.30249083708637
295 1030.6055700933484 861.4442319739994 42.606268902368235 110.96423097559533
296 1026.32280816233 851.6456190167227 42.50664808669803 108.7372171336254
297 1020.6724900364891 843.2119282525813 42.3908776146622 107.46800947151561
298 1015.795546461 836.8687589501532 42.28066958729578 106.96330344225473
299 1011.5229382886655 832.834551349762 42.20692017434965 106.99817990359591
300 1008.505013143409 831.3589158162534 42.19711348466759 107.45291728298847
301 1007.2294695644206 832.2263512195154 42.25571233285539 108.2170992803026
302 1007.3996721148026 834.5645490888285 42.351296506541644 109.11552684738302
303 1008.9361317528713 837.3501617422187 42.44323737231107 109.97100331433965
304 1011.30178504678 839.8699586214226 42.51250392331867 110.65611545101818
305 1013.8514174809076 841.7051639766155 42.555241254367964 111.10041252736909
306 1016.0002730000374 842.5734804205932 42.57296938097687 111.28693137085453
307 1017.4618555340797 842.3635118381369 42.577290114840594 111.25126126466027
308 1018.3321797895634 841.2263443980243 42.584957259608366 111.05401619022112
309 1018.8465099011842 839.5226315915896 42.60219308302038 110.74892940212146
310 1019.0988413514979 837.6899759062476 42.62593257421807 110.38723504703661
311 1019.0319184625365 836.1719915477071 42.65987672025365 110.04177381742777
312 1018.5735995549361 835.3346392561389 42.719354432517775 109.79622815118138
313 1017.7868143464074 835.3185369484551 42.81796991248222 109.70452275934755
314 1016.9701456076748 835.9168038668555 42.95463605998272 109.76433701760597
315 1016.5170486890306 837.0502312754161 43.105603996066186 109.94837978701669
316 1016.6267703122985 837.5698684311504 43.2435314382325 110.08907961266654
317 1016.6373635612491 836.9922443058266 43.33591707871275 110.08620451187956
318 1016.3138761682388 835.0823638993791 43.3664186998555 109.9034587088188
319 1015.5829852758436 832.9640125619306 43.348630822074725 109.5220264023232
320 1014.5450176446574 830.3856472016198 43.30614635696277 109.00418893159292
321 1013.3278393124116 827.6719551046201 43.26158004120455 108.44146845472815
322 1011.7318286140372 825.6628594503496 43.22752734943936 107.91564365123678
323 1010.1306505790583 824.8735306914215 43.21590757633328 107.5038974165237
324 1008.52177553392 825.6015501425591 43.23474948210077 107.25552838789226
325 1007.5202968496612 827.8882435157317 43.28287321467002 107.17383198748995
326 1007.9583917673125 831.653134111153 43.35976606379269 107.24233835310706
327 1009.5586715808186 836.8699534021781 43.474152990828074 107.44731034123254
328 1011.5950978757176 843.3798575257032 43.635831331436094 107.75712581616219
329 1012.7909383148012 850.5888146133768 43.84097217566144 108.1114559743233
330 1012.4061628077586 857.5179801292202 44.0663781987652 108.42678541530962
331 1011.735699242596 863.188177966748 44.284906809588335 108.60407505738168
332 1010.6369587022145 866.8796891697673 44.480291243627875 108.5535314655791
333 1008.3513951661243 868.1146299813114 44.65220734420511 108.22365036733866
334 1005.2859256882463 866.5031391645352 44.806346393439085 107.59747419837312
335 1002.0223359861403 865.0034380291754 44.91531023815871 106.76134656930161
336 999.1118643193975 858.5500781645309 44.99783877397328 105.54228382607619
337 998.2839173240741 848.6210916265547 45.06070259278665 103.99795316202568
338 998.9218873218438 836.6362181651882 45.13052669516452 102.27082965247835
339 999.1724775778899 824.3468843681154 45.2268587490931 100.5632483875563
340 1002.6817674964584 813.8999338475008 45.35839352387816 99.07717406972431
341 1005.4471818603121 807.350000762596 45.538732498453555 97.98353448584214
342 1007.2138415767636 805.6743365981563 45.786609876251404 97.36675922582165
343 1008.4342673503425 808.2255655181432 46.098255398799125 97.18635269206116
344 1009.2735501971105 813.3100117467532 46.44600578141789 97.32626895272294
345 1009.5315828403776 819.0897659047638 46.82081803590798 97.66572960327015
346 1010.8541240116717 824.1074298195937 47.23945817783765 98.11020223882045
347 1013.203430460073 827.3059398375757 47.71741478615908 98.57908162699066
348 1014.7799880422922 828.2055543487397 48.262478769792544 99.01311070732555
349 1016.0767676789517 827.1522005361976 48.885709708674746 99.40325520402202
350 1017.1398475117834 825.1520804298909 49.601257180905705 99.76860373959344
351 1018.2267508357355 823.4945343464565 50.42360941249155 100.09665420366562
352 1019.4880110128357 823.3850314721974 51.332035221911724 100.38471202221237
353 1021.3179442155524 825.8049001367078 52.297308239504495 100.62669550838773
354 1024.054428660171 831.3673649656017 53.37657777149805 100.67540433198609
355 1027.8550981563246 840.125193138224 54.50904563426955 100.52567426238294
356 1032.4074244935528 851.4500304796867 55.61799853477661 100.19065158562839
357 1037.2231917611232 864.2215134526961 56.65000005214259 99.71309504566975
358 1042.0064634055173 876.9227248636327 57.589861748400054 99.17085695334976
359 1046.6611479384042 887.8926194175959 58.429546290843305 98.65074650648442
360 1051.0248357195417 895.790758533604 59.13902235640054 98.22330983746863
361 1056.033593047846 899.8779325318912 59.49977791481682 98.07643120525745
362 1064.9569376505835 899.9506641948399 59.44552980462573 98.46647400939729
363 1072.349303689106 896.0452268501596 59.3420394367649 98.85514766462835
364 1077.5902251567431 888.2577588498606 59.11290706643585 99.24878558340497
365 1080.0846198781705 876.7683196930086 58.7509480368939 99.50818349611713
366 1079.9658198971285 861.8545541582087 58.225641050705505 99.58103149660441
367 1077.838894908782 844.0128018804215 57.59113874937188 99.36040316358377
368 1075.3416005525132 824.4825346270435 56.95711617683802 98.6866601944822
369 1071.9235924978818 801.2368098532143 56.43018047473242 97.23117971262386
370 1067.1008131593858 774.5622792510482 55.910798692854975 95.10148449730345
371 1061.0477694540189 745.0466007997464 55.47183928106543 92.18664550735224
372 1054.2737647601584 714.0536231579449 55.198119299469994 88.52805493357933
373 1046.5246354347432 683.3702543239973 55.070306932287274 84.45746804761588
374 1038.654087962074 654.4165987662645 54.58476600395001 80.48583558929982
375 1052.198723722379 695.7581815745928 53.600158580080404 74.33244248645663
376 1010.8921751052923 563.4054843657661 53.19857699233921 74.1849837840454
377 1017.0380171190109 590.5845911956324 51.58694718617406 68.85924040422853
378 1010.4187586020333 579.0817917324831 50.5249093243927 64.3933549501277
379 1003.4685887813046 566.7948068179675 49.23106981624624 60.855073069490565
380 996.0650562262136 555.2583180008238 48.31504271072674 57.46015299382335
381 984.7175251511087 508.09740612155787 47.11338548779913 52.87875158952532
382 983.9244936431588 566.8917687779309 47.058007051976254 53.538698186487785
383 976.2681867634678 523.3314191423436 46.03032932993481 50.176123057964574
384 973.8410274107658 514.1683999215146 45.35671287629879 48.73177048984074
385 973.345336447488 504.7076087676281 44.70017979163716 47.67737892150367
386 973.7604685917393 496.54049941303646 44.04825099765246 46.97648108047823
387 974.40235691097 490.8203200071681 43.396809124734915 46.58478043132201
388 973.9364368144518 485.6374379044189 42.72853912470595 46.37336794813279
389 972.8339804931718 480.76895479814243 42.049478828783826 46.235010264015116
390 970.2334051777448 476.97209216214253 41.38145558454224 46.06922956993111
391 965.6609700224841 474.4707315238433 40.81181251571074 45.85870685329546
392 959.671226908271 474.55013834851354 40.241393473752815 45.84517059098138
393 953.2290487484088 475.8584224349742 39.75735892832648 45.69672954945976
394 948.0789580045059 477.88183227682924 39.37534903990732 45.46374451238441
395 944.1337325877198 479.5471984004246 39.12492009903878 45.17944786969507
396 939.3690193093091 479.93249876528733 38.94186545884599 44.91773352107503
397 934.5734351092607 479.12660508257545 38.7645291812695 44.730607570147505
398 929.8855723122327 476.6071582538617 38.57296899026446 44.72809852303463
399 925.356656631873 472.85029215622086 38.34766625960294 44.91977408670371
400 920.8758377465911 468.3120469753445 38.08882393147364 45.22379342077958
401 916.0944050714397 463.31348863479616 37.80679562676706 45.45201478363486
402 912.2144980125615 457.961275335383 37.52132760767082 45.43264602076655
403 908.5496629171323 452.1811259809603 37.21521327046283 45.16483688388986
404 905.214490329663 447.47916268965815 36.868878967020294 44.50670476575589
405 900.8391172648167 443.0053253015561 36.49874279242677 43.48937510108832
406 896.4073306850514 438.6094810526061 36.084074752223586 42.04128548069968
407 891.1863279688881 434.1334530480893 35.637182463865756 40.24308194989002
408 884.6128197672723 429.2594641633215 35.149013613483376 38.209028859137526
409 876.7416831698865 424.61283742422006 34.61180543900281 36.00276978675949
410 868.6133025924452 419.33327363128984 34.07517056350634 33.7996270950788
411 860.6358524646836 414.5024524990447 33.55383876984374 31.53781196331572
412 852.9600125159282 410.3326282974338 33.07235175385472 29.201336877755868
413 845.1375970412945 406.5430118810465 32.62286131205212 26.784598359166683
414 836.909127446113 402.6898689146334 32.28846411809303 25.975427869999088
415 828.0357909394907 398.4805418319892 32.0066017723073 25.228216118278958
416 818.7988458440389 393.9161021445307 31.766421995599647 24.652715159212725
417 809.714489501492 389.09247759823353 31.546154143157963 24.37333179272902
418 801.1402178134476 384.1209749779442 31.314622507621834 24.395343816556256
419 793.2873114800141 379.1949340954302 31.223445030969582 25.349957047733756
420 786.508658687933 375.04807063683603 31.520273536026068 26.565741866880327
421 781.2159670285397 370.5949028432397 31.902539806016943 27.55889597445472
422 777.0372788836564 365.75357443081225 32.32597796088713 30.04448486554229
423 773.3334128997263 360.56382796761403 32.725046847710544 31.763272814491366
424 769.9340429499351 355.3223617792927 33.115533099078334 32.95798643815649
425 766.9305800807415 350.35725622101097 33.50985676050008 33.87768049943082
426 764.0401967336929 345.95530310072417 33.89673852920336 34.59153160230634
427 760.5025260914697 342.19060183433845 34.18924716085965 34.9672788446721
428 755.3541909896045 338.50502937509185 34.41209655880972 35.139289426594196
429 748.3520572164236 334.78330075276585 34.59163380084949 35.20699197489562
430 739.9790576786602 331.14192106742615 34.75293532330188 35.228272700559955
431 732.0856673095673 327.8193407405989 34.92724777710229 35.24592101482783
432 725.4883878683717 325.2913707177982 35.15305214966846 35.320862916047766
433 720.7758876604084 324.0493783372314 35.45724081029942 35.501092842160226
434 717.96561137136 324.29701008230865 35.836377168225205 35.771129791670674
435 716.4359765915609 325.65820129482506 36.25242286138394 36.06812776162957
436 715.1950282149953 327.2878866833459 36.653603718029665 36.34511513680255
437 713.8041699850867 328.40119334242127 37.02105842310877 36.628371923005474
438 715.7795093424961 347.2455886029315 37.85290206991771 37.60304506932881
439 706.3368964716792 309.14003077640893 37.26906950189138 36.649396993811784
440 708.6525863943866 321.6578077359618 37.83419759853368 37.71147036475731
441 706.7914001149923 318.9637431596396 38.080088336987984 38.40283678835644
442 703.9931223858931 316.3257581524113 38.363642439957665 39.15078361137524
443 700.4682425281028 314.6053976152572 38.74197817363667 40.02891120598881
444 696.3984655689145 313.38849953038687 39.19513995677883 40.937839170351815
445 692.6282824780645 312.1902894714443 39.68875542298803 41.778049180333504
446 689.482756000216 310.7887289011871 40.20387888516335 42.52777569168928
447 687.2457497873587 309.0763074549309 40.727139004452916 43.185799252325566
448 686.049756432382 306.7927113508515 41.23707188838942 43.7226544540509
449 685.8073547873033 303.7503372916313 41.71143908910753 44.103097352121594
450 686.3321210163335 299.8796131543471 42.12982094426321 44.28176781776816
451 699.3126051627809 288.00935618687566 42.301988807411924 44.27713061013463
452 671.3857904506208 301.78403767829417 43.4108951182552 44.30966519097837
453 689.396548357081 281.31735778166905 42.53705690718942 42.58989077159498
454 693.0397001737683 279.86336613719 42.78147400261308 42.59877009856401
455 695.587106166599 277.6196258389719 42.75031394260681 42.253134622893946
456 698.0686315657495 276.6798702903554 42.72723955462133 41.98818044349398
457 700.320552080336 276.68846585892646 42.71140365181539 41.89983907953145
458 702.6322449922638 277.01209834747607 42.70559718865914 41.961848624862746
459 704.6795980561936 276.96482982149024 42.70793665734808 42.14682814748488
460 705.8070472593405 276.7247443868324 42.75196190033656 42.51627063827015
461 705.6845880921038 276.7746999189537 42.88422852219255 43.12176122396971
462 704.4599947983559 277.3006268828382 43.13406611075053 43.85714885209196
463 702.4629847926998 277.91919473677456 43.3630781874778 44.860454370934754
464 699.9829543275025 277.704258243099 43.48040671369936 45.99800241994888
465 697.2930014448852 275.83326970790336 43.501743707555505 46.86359351205199
466 694.0915656156552 272.7718205925093 43.39851843693995 47.39302321944609
467 691.3676031370846 269.2666840146301 43.19911256322283 47.638666687661036
468 689.6213828730152 266.2526814368111 42.974965071328754 47.739819823732944
469 689.062637421735 263.97099478022835 42.78407180319329 47.81715613011456
470 689.8067355593788 262.31873201942386 42.64958414913607 47.91949790366373
471 691.6974964156291 261.2211119635134 42.5745787667852 48.043974757017246
472 694.3600279071495 260.64956305463227 42.56159421638129 48.19467506787609
473 697.2933952042706 260.39314900668546 42.60261941472758 48.373707021453974
474 700.1131286682013 259.928374351127 42.66018963701762 48.51751105915759
475 701.4718499357745 258.86582909364944 42.6838010567215 48.50533133353474
476 701.8431984526019 256.978698039806 42.627512991448924 48.213584616102395
477 701.3813903779891 254.25269172275853 42.461434430076224 47.55487604637294
478 700.3483170820374 250.8822773834033 42.183894802645064 46.4984807832833
479 699.0725411341363 247.24818832671224 41.830966266255906 45.099307525930996
480 697.7535122716358 243.4957742423414 41.44612156394784 43.426751955237386
481 696.5630186390671 239.7302376143876 40.94614750120535 41.81690934881176
482 695.7097006597074 236.0648332440005 40.406574849303134 40.201707771444525
483 695.3443404487945 232.70499581673712 39.98599532439195 38.418009261508175
484 695.4706228487418 229.92688290366686 39.70159126420518 36.80818082131245
485 696.0017496302725 227.99277357707152 39.56130458675306 35.642735632726385
486 696.8842952584346 226.95478982110888 39.54166476114934 35.011439942136214
487 698.1117673728727 226.75999390401546 39.614263752640866 34.8879742235773
488 699.6520927788649 227.21199879258376 39.75588242801296 35.264427337704156
489 701.3535646313186 228.1111227121828 39.94265329625915 36.13668001087076
490 702.9208970776822 229.30492500237318 40.151920461908475 37.422798402737364
491 704.0404040560924 230.71488438695502 40.374057876972195 38.9773674538657
492 705.1126546808867 232.2211581838787 40.61681998738296 40.60426662203242
493 706.0671461689375 233.75338726685712 40.9229232284966 42.034259410515574
494 706.055973729774 235.11453683381225 41.18405835009019 43.51576351469203
495 705.9379714645775 236.2056278912407 41.40800174960146 45.11726305144378
496 705.8900721677925 237.02919385294055 41.735858521779264 46.55364747884733
497 706.2150348685612 237.82816946411674 42.18606599783391 47.80923185086535
498 707.0642417267476 238.70734316837198 42.77229073216182 48.884392959053926
499 708.8634529162157 240.0245043839349 43.49487834267441 50.288056814278335
500 711.8578981295591 241.96454021575911 44.3225294568642 51.54419402414107
501 716.0247052714013 244.35519455485286 45.152911435838526 52.44308652324474
502 721.1662459717594 246.79089646405035 45.85713645953685 52.65346437199153
503 726.482416725218 248.47662064095704 46.29607630424561 51.79364211500614
504 732.3386357518589 248.55175561509932 46.33106526018023 50.291084352219926
505 738.3467132960695 246.94612309675747 45.99241577825865 47.59519225714856
506 745.0201410377591 244.54133917810492 45.12321682152395 45.582434162283654
507 752.2095788899331 242.05513750035286 44.40689757854899 43.812982940723295
508 759.0776534678944 239.52421899483792 43.84972931144575 42.90622804979878
509 765.2804361913588 237.24516031290355 43.460298529107185 42.74436918632944
510 769.6056167574297 235.2322028331523 43.18120594394901 42.95700539276381
511 771.3060983252986 233.3635768169766 42.943549092434885 43.22609031699962
512 770.6166891641546 231.70267790558262 42.7226035203094 43.36643568004132
513 767.8181042985569 230.4063884763343 42.52100845692743 43.47801927355818
514 763.1086939484268 229.4388135200393 42.27936213543596 43.768775529685065
515 758.1452072722244 229.47356473731043 42.138930936266426 43.99171110121312
516 753.7448603737829 229.75922074562246 42.10664703942195 44.1407243221199
517 750.1558781492672 230.1400165659733 42.17256601726344 44.24806262125275
518 748.0030123286167 230.20836534253925 42.3042496758128 44.334344030638086
519 747.5141275322915 229.7579261500314 42.46095698779947 44.38976294016173
520 748.4917168808074 228.80678643679062 42.614402373736574 44.442281712770445
521 750.3528396821223 227.57577724750698 42.74848184496925 44.545982142509146
522 752.4737944992606 226.5876067346763 42.85292891880369 44.70541928321208
523 754.1545152062424 226.09212290216107 42.91652430105521 44.84750817490956
524 754.7380070827371 225.85051532564572 42.936312795565236 44.9123122230708
525 753.8466092079224 225.8217242521697 42.9300053747978 44.91035961136539
526 751.8630438742773 225.81487304341496 42.91875076355448 44.87273178927901
527 749.4978384131433 225.68873500339149 42.92147495073318 44.8365738547686
528 747.5891662848825 225.41122006754898 42.94880806510337 44.82766712218441
529 746.7480501291111 225.16955680850202 42.99476205174862 44.83876460264968
530 747.149861460001 224.70589703884448 43.05030171943621 44.86401022683244
531 748.543899863777 223.92383821354053 43.09541806511015 44.87626931771868
532 750.3882008574149 222.7971704725286 43.10007787597621 44.819865353106955
533 752.1731391852304 221.31445571040206 43.05629847282414 44.685158802211916
534 754.5561107242983 219.66311904993273 42.95567788067688 44.45395267491512
535 757.6038189139371 217.5941613659889 42.81782599252454 44.14672224136445
536 757.7050126295451 215.54506267616352 42.68004007716446 43.818066252471816
537 756.5587487755387 214.440860898951 42.58222314799249 43.55616945774535
538 754.0487560167837 214.15669053970151 42.57064589338798 43.49476722437035
539 747.7534789784692 214.44346233372966 42.63885260407581 43.639797219371154
540 744.2481987150568 215.4817996206176 42.759514382512826 43.921265171166326
541 740.5895402326147 216.87981505242425 42.896153006592776 44.2234730116813
542 737.1327524228373 218.70265660902797 43.03163858289075 44.4779321885405
543 734.3639555497315 220.80676984123733 43.156728810859946 44.65634379212911
544 732.555363337962 222.99109382846936 43.27229522839976 44.77659410339338
545 731.9331791671849 225.41307002915602 43.387102192789065 44.86547405026432
546 732.1260351183403 227.86204932884243 43.49641659829568 44.92195537513
547 732.5284411811754 230.05349570549782 43.589796212481346 44.94217302318446
548 732.620235193072 231.9730503101512 43.66218405503625 44.93388723430364
549 732.2200972786044 233.62459230445586 43.71492059354553 44.907004098117305
550 731.4216121805773 235.02983806810954 43.75733107793417 44.88357957684707
551 730.0586543048616 236.35940389988266 43.797711486441536 44.87533170730645
552 728.519584600886 237.11874106528487 43.854378536443704 44.9008437942452
553 727.1435986306456 237.2512313312389 43.93360158995631 44.949186986632085
554 725.9156482601354 236.8266591057106 44.02785371128438 44.98295066385578
555 724.4513602011657 236.04341168517024 44.10893518217014 44.928884631411485
556 722.9057398798886 235.2647295064172 44.14385695656025 44.721401436453725
557 721.3503150565106 234.5592392554733 44.16622287500466 44.4500664701573
558 719.7683610209093 234.0259005856479 44.20481727319054 44.19360928751947
559 723.9538988213053 228.70508874733582 46.73804120942924 46.483461497712305
560 710.7081647162494 242.8500019384706 41.85087347222936 40.706267821713304
561 713.8848543874251 233.14279272092378 44.044462997447425 42.86729524065123
562 712.2153062388797 232.06927127927287 44.134399523640056 42.79030440862325
563 710.3787522363082 243.3351439401613 44.14588567943696 42.78152558934995
564 710.1176763105159 218.28496069847216 43.774083024275356 41.352990896251086
565 708.9004337891511 228.56132520273187 43.67118047056761 41.0143925760186
566 708.6308515070406 227.30519325207806 43.50519079033511 40.29758535269728
567 707.7642731097084 226.2633976094486 43.31152593554542 39.57427841173561
568 705.6895078535828 225.7382837040409 43.11514364874156 38.900768422507255
569 702.5341995949838 225.63636294028606 42.910112498285905 38.26572288273933
570 698.4184084203939 225.69607946210232 42.686434004851975 37.6072139646192
571 693.2446152525109 225.70134424761986 42.43664386293606 36.88212260984976
572 688.2299661496928 225.42484655747506 42.179596829065275 36.1226790166638
573 683.1815619421907 225.3213016118106 41.96898236357716 35.38101804166179
574 683.4238146367967 226.0869941651188 41.85945104474828 34.73319091152463
575 681.3223054233559 226.1399233777589 41.85895797013889 34.180792532406066
576 679.5646445392096 225.99375348878937 41.94935367607098 33.71704713942445
577 678.0977080590443 225.648370988472 42.09155887164295 33.32178724472398
578 677.1511773247337 225.06751093111595 42.25806061827867 32.98122255653652
579 674.7167717506418 224.23519654203358 42.43137329535185 32.66114577813751
580 674.7531324267974 224.3683150375378 42.60528195817808 32.34393715373876
581 676.2620106537657 225.07306170040894 42.765803886986845 32.11886467384652
582 677.3347056727409 226.12886001840874 42.907224883614404 31.854387656444153
583 677.9374189855077 227.49769092185397 43.03143823012533 31.5718173842733
584 678.0063509000099 229.02831230589987 43.138482587451385 31.306074770953757
585 677.4883953675595 230.41289506656167 43.20172443436834 31.038329920158773
586 676.5205918750521 231.21335189923886 43.16855252105743 30.68674388245583
587 675.1689770940544 230.96130817613889 42.989891780355784 30.17187968324873
588 673.4371766910468 229.32336450311803 42.64940002278603 29.462140107564778
589 671.3880768973962 226.17892268784257 42.17002949872287 28.569064980575327
590 669.2006465086886 221.6217514152127 41.57559452910215 27.540095252974062
591 666.6040529440078 215.8981355686364 40.864455205876226 26.484064218471506
592 663.9494265192163 209.2603811415899 40.069215721495716 25.326858802834266
593 661.0009265435332 202.3182231305721 39.20941193521286 24.059854856276953
594 658.1720073191095 195.44848884437278 38.322202768925315 22.787211840991507
595 655.1020257588877 189.01580305407353 37.43415843973862 21.670112707535807
596 652.204769560086 183.05288271976423 36.600587133585776 20.625144464585244
597 649.2879194891597 177.55742794865995 35.851861920805625 19.69059060942717
598 646.6533051790518 172.12717672350666 35.202385487586625 18.921928171703353
599 644.6613738767553 166.47645615658203 34.663543014645796 18.187734150005394
600 642.5941199130538 160.74599151798193 34.24717891647843 17.47966244663513
601 640.8639447400832 155.62719416234202 33.954513478391206 16.83152037594442
602 638.7533601733725 150.46107224314508 33.656389651507524 16.311084488822747
603 636.4484328720981 145.36624801391605 33.333183699157445 15.722160121234449
604 633.4731318132966 141.59166958279698 33.167124409267736 15.152436046377998
605 628.1551984323921 129.8820877046068 33.05357655578433 14.714851685708073
606 626.4569009169469 143.64732152182347 32.45607739333717 13.780570353078291
607 620.0942995768067 132.85966805241608 32.764269460173836 13.5993883420682
608 615.2813837035615 131.24018304718507 32.79364575426519 13.309043688124289
609 611.632359815519 130.48847672555024 32.98855994046015 13.127718834439703
610 609.2601853327477 130.34722988411087 33.572059358566115 13.162388736457666
611 608.9254806372307 130.58169998817874 34.292001058446985 13.259222188050831
612 609.5411660294934 131.34917450557913 35.159238482250174 13.534771389182541
613 611.2813664589153 132.20506557095646 36.07165133567385 13.947116841023576
614 612.3811627218317 133.50431243839955 36.906132025263545 14.542071999321326
615 614.2125145442195 134.9155458703095 37.66338142447765 15.087739435724728
616 618.4329279182588 136.60946303759016 38.34647821688996 15.549153029354466
617 620.0920325419719 138.40565951813528 38.990172052343524 15.97443818906499
618 621.3136543553748 140.27806106571288 39.59065753135828 16.35868330827935
619 621.8558181814224 141.91256818017212 40.30522184194505 16.8785849460797
620 622.3448020014714 146.7480354999084 41.03174503883794 17.370596075586793
621 626.889564635828 151.24670668491328 41.59510397844433 17.717548725685266
622 629.7805942410455 155.51200218662038 42.106703602981625 17.991594090942666
623 630.9074306123346 158.94689454173948 42.621128088296196 18.22802267169512
624 630.0746927376115 161.9181656627128 43.1061480635027 18.4034836807969
625 628.6236355962088 164.2468531033844 43.58150458980434 18.537664336870524
626 627.3863405866337 166.36210780237508 44.06315166886097 18.652340837322107
627 626.4112271873195 168.28455317371342 44.55211885721805 18.76541629145009
628 625.2568656654918 170.88604357568883 44.89574700717055 18.804467800504934
629 625.2878681161014 173.36392870004795 45.205675839620596 18.83860456014628
630 625.759909259473 175.27389671435566 45.41141269433199 18.807723579394864
631 625.1900272529801 176.69632307952656 45.42706525964952 18.637319745002863
632 623.707151155487 177.56148594703166 45.24333951923141 18.301227179902074
633 621.3405501695876 177.90392816086208 44.922575439727304 17.824056687591817
634 618.4647198242221 177.97860914203793 44.527975321249315 17.2772470850646
635 615.8142509437539 178.0983439438314 44.137207571132066 16.692445305572637
636 613.902713374742 178.37808292524278 43.8459706129555 16.190621048676412
637 612.8565617726978 178.84453896434337 43.67131437472378 15.90568614280209
638 612.8414902302936 179.5338588296368 43.5353014726553 15.691906032375272
639 612.6975704521174 180.36096998983476 43.35563535443532 15.505090322708368
640 612.2340540330644 181.15810538203047 43.05697468460653 15.275176395987904
641 640.6848616474197 181.69336621739598 41.313972394911815 13.919530818793392
642 579.2581129971276 182.208541421369 43.12087966180986 15.687416396809363
643 606.9505042119865 181.0882764314533 41.25065480427922 14.006207719773087
644 606.6155993811641 181.23547924539858 40.42878974901326 13.753125005241657
645 605.5580764379406 181.2994109088976 39.59624927067037 13.503207492443238
646 604.3127905906066 181.8803370320774 38.86092345159152 13.302126138613195
647 603.4361100756133 183.20365784644022 38.29541813522274 13.19456297708506
648 603.2811076898369 185.14456396397122 37.88791427912841 13.206227237952303
649 604.2330685092065 188.0989741432294 37.70106689020801 13.283544961138594
650 605.2382911846295 191.35110757473527 37.662284275842254 13.419061822319383
651 607.1066919974135 194.74240694606834 37.73957499248247 13.606038267566646
652 607.1130289570859 196.21007974103648 37.141139849741194 13.597243079902622
653 607.5936134647534 198.10887449126676 36.81152905229974 13.676938851855232
654 607.2576637175895 192.65377708571557 34.620320926894045 13.094444306451326
