 Trunk Shoulder Elbow Wrist
0 601.2079579090141 186.8780543775671 28.393093819568676 10.064585974433193
1 600.9974183477788 179.65064749556984 29.71578905705799 10.59831442895245
2 603.0959253783803 175.42289755715194 30.58659986282824 11.763983655264946
3 605.6812451781402 167.35321707157948 31.89384070010515 13.128882177928315
4 606.433860399622 160.84979078631062 32.3640075502996 13.830232722270619
5 607.1797010003881 153.54478816935924 33.296540645266724 14.64959245942605
6 607.4366617982255 146.3802863922407 34.37420975871441 18.139352463200613
7 607.3872884316993 139.06917225070384 35.11622160797205 20.15882586415542
8 606.1205844994766 131.89542080655244 35.57866991423303 21.436875893634674
9 604.5675528088668 122.10571450119383 36.593747078590575 23.288419858482317
10 601.8855677572276 122.8826585433037 35.321078013063634 21.96233008091661
11 598.8888089796828 114.07000698015702 36.13388340777074 23.3894246476251
12 596.0426291121533 108.80714709543881 36.19209632921724 23.662127507682758
13 593.6253936884054 105.50831731392594 36.19254337527548 23.744667595794716
14 591.8512713415839 102.32305435348546 36.18807302463356 23.756117261573415
15 591.165858004176 99.08982766350876 36.23073943544673 23.795480518161703
16 590.51948453929 96.3321467069917 36.337165015416076 23.86995256132397
17 590.593650807252 94.40147410855329 36.514690985570404 23.97628955869603
18 590.9416917845724 92.37355734849093 36.7700156705602 24.131209514267724
19 591.3892839069615 91.056508715034 37.07308765365327 24.282193104055853
20 591.8138534590652 89.77692549388966 37.38369345528858 24.4538892274842
21 592.3458491737274 91.80233222098845 37.51920693990281 24.30824681415403
22 593.4449566486652 94.53830082610631 37.607387896109095 24.36943373578064
23 594.8957107456185 97.59777207525963 37.49379550873306 24.208508557843647
24 596.3372890630842 100.65529277319882 37.23962510813609 23.951757872875305
25 597.6170769795997 103.6800610142017 36.88047888335855 23.591547507129743
26 598.644675951138 106.66970241845823 36.46056912275814 23.158186393522207
27 599.2977152046573 109.56633753087698 36.02536328982362 22.70247301178806
28 599.4239618570936 112.23560460816653 35.6336140551449 22.346894956710006
29 599.5864350703135 114.50233957440278 35.282656314499576 22.027768185260058
30 600.3870932986794 116.24774798181623 34.954406890818476 21.65215781969281
31 600.3568849326007 117.84188416184938 34.635417406774046 21.181741621780457
32 599.7269962768486 119.15183663403205 34.34299197279075 20.698112074538983
33 598.9534227610249 120.29258816793305 34.09393598232183 20.250023261710528
34 598.6316680889913 121.68420322087923 33.90043567040459 19.863365548383896
35 599.0732120939551 123.25887547608865 33.74166966775169 19.519185109931264
36 600.0577717668808 124.41544121340486 33.59221154647624 19.195229593152494
37 601.2849076245061 125.25083168328719 33.490593373812196 19.043154776705382
38 602.8721937200928 125.89323815897768 33.471690677499794 19.095160413584058
39 603.9663538213309 126.40490537464956 33.543159025306025 19.37466975285283
40 604.7269632238488 126.97633659020983 33.68708708408317 19.823743665127655
41 604.7428083034097 127.50961103731406 33.91607525450796 20.508561381705317
42 605.282293040958 127.70072186428197 34.162084758090096 21.1814111234845
43 605.6042152394436 127.93439952221401 34.40241709860605 21.793331916237758
44 606.1720740455075 128.46107336966676 34.659761003918604 22.50932983755349
45 607.1923836927463 129.24349289032426 34.9145069765188 23.124307145602998
46 609.0579129638246 130.04907749359654 35.21163305167717 23.793883752010913
47 611.5119254516377 130.92383829272674 35.56878978834179 24.545401834692623
48 613.920556068053 131.66332587788372 36.017862623804646 25.455306026898242
49 615.9054694018897 132.12597477866515 36.5583289362057 26.511939583833904
50 617.1031417947797 137.176149306744 36.76672016183813 26.959514209685526
51 622.6033822283107 127.19011092833041 38.06740975703553 29.078743946953324
52 624.2965714115292 132.24052381263985 38.39071864730947 29.849589485627984
53 627.5764337431733 132.4742479998919 38.968481190625944 30.910135366585614
54 630.3832897968739 132.53727360590617 39.49264803072984 31.84538642262013
55 634.0934730259623 132.61819518998772 39.94961950767273 32.64047700911197
56 636.846547717887 132.9454453379002 40.31691238075745 33.24473968736756
57 638.6050122421859 133.31900461957906 40.60640653600269 33.69239954388232
58 639.2984808571862 133.5140601073914 40.824783856135994 34.02035717026302
59 639.0847103262986 133.5880596720328 40.972513337358365 34.26070608163202
60 638.3081027703364 133.63765371146076 41.06426203450207 34.4837061491532
61 637.2586737801722 133.84169937608445 41.10320542574408 34.69661537563118
62 636.1662087686034 134.0455273559169 41.09677624142203 34.931776348608444
63 635.259722354283 133.85099289069115 41.04536397536431 35.15373051576036
64 634.637309822164 133.01446133478404 40.92931175904797 35.22480742150594
65 634.1470205330764 131.65874975349027 40.72637500255893 35.000980222432375
66 633.5577873563702 130.14690966925883 40.45163212541112 34.505956022703515
67 632.9953876304733 129.0093229946301 40.142715168795206 33.90874964956457
68 632.1584822530427 128.6748113228548 39.82316700481928 33.36561453326142
69 631.0287693886033 129.022349914035 39.493814730762566 32.954864933895074
70 629.7299252644384 129.6184029574515 39.14632583258411 32.695420064912255
71 628.3924757499277 129.98625462707474 38.811623432641376 32.63616275928384
72 627.2240786925705 130.20743458458097 38.52586662989138 32.79000050607073
73 626.6350132916576 130.35462182417362 38.314068444861135 33.12942259400887
74 626.0225078466661 130.49406112160705 38.181178873988436 33.56490166203609
75 625.1474123338706 130.56085616369865 38.14338913122922 34.03437826447602
76 624.2735450014457 130.5362852745367 38.21201477281934 34.51752794459359
77 623.7336028782765 130.39275702600926 38.37828889297046 35.023118667386534
78 636.0474684949794 128.0269678176363 43.11092787220869 40.74953005514716
79 607.530355325357 141.20683094695178 33.973029470617824 29.720536823418207
80 623.7285759170127 126.15709671124134 39.33518754683003 36.38667983408985
81 623.1146561683838 130.0844791412091 39.311332656644986 36.51261694098314
82 623.8603461832136 129.00196906949472 39.646446679647475 36.86814145434492
83 624.939106097305 128.89034489163134 39.78791286368712 37.02021262005635
84 626.4076697943741 128.6963784999775 39.90206994818887 37.17530136552296
85 627.9717393886182 128.71604428856094 39.989574409120614 37.366001000770645
86 629.487223112283 128.86299043637266 40.05838467903314 37.58011925891631
87 630.8303630155577 129.05613220044572 40.11188736879798 37.77628622876328
88 632.0689790506343 129.23360719736903 40.162437105977666 37.93590529562173
89 633.2184358291632 129.34779915766495 40.22702386641352 38.08101409566481
90 634.1429453117934 129.35556030192453 40.32247419825795 38.2646457082256
91 634.7394455755121 129.2096705812213 40.448665551979076 38.50868470911532
92 635.0513216328925 128.7402857121173 40.578896559655874 38.766860365888455
93 635.2674957924406 127.79151433632272 40.677773387351074 38.98368899005011
94 635.6384935331643 126.30678020697621 40.73701423150124 39.15644303058385
95 636.0312768419117 124.51438322293312 40.75946084633968 39.26425877013481
96 636.1339535989819 122.75932747846572 40.744234808469926 39.22569055969776
97 636.0666287209916 121.41378361976606 40.6706885309371 39.150252712485276
98 636.4339692059805 120.66334984644855 40.56749695418181 38.919808812720554
99 637.2979493274512 120.54530714583454 40.45559804539464 38.70018269562456
100 638.4601153176859 120.9358413715255 40.37592438837791 38.54940608497685
101 639.7931415692187 121.72762913229295 40.36216238871953 38.48447714956323
102 641.7245295214309 122.87951338543 40.41892260092933 38.526159854694576
103 643.0369837714136 124.55673957191937 40.52657301412462 38.64248932799125
104 643.7960103157327 126.17830962777086 40.671032505477015 38.80798817624576
105 644.1016338164949 127.65655846073513 40.8004601498059 39.177128478566715
106 644.1018053703455 128.89512524673145 40.91366793622081 39.57224690685068
107 643.8489909676459 129.7676760352538 41.00621747766134 39.933357738979254
108 643.3232618932276 130.17451209964798 41.06492777269661 40.17017540717915
109 643.3597589666279 130.01091845227674 41.08151865235067 40.249406594399204
110 644.1134632286388 129.3260370053565 41.06296218003552 40.225920921383185
111 645.2707676170028 128.24093101605163 41.01743861786873 40.14744753680035
112 646.4079433676058 126.89482598911643 40.94744486249232 40.005780616223895
113 647.3641121077433 125.44971298548693 40.86509757032543 39.804177283743755
114 647.9645120282757 124.03350191199138 40.787997035788095 39.59348283860545
115 648.3357231058707 122.715850456629 40.73831971889969 39.424245660694524
116 648.6717165506255 121.40338337698353 40.70835551437841 39.25784501231488
117 649.2174738208477 120.0596366963966 40.70056504614207 39.069411791201624
118 649.8272412223288 118.74749707685027 40.722489514607076 38.95722900275671
119 650.6025488938175 117.63290066704305 40.77383177119087 38.99682838157415
120 651.4843355143461 116.8220441046485 40.8153746920801 39.088077118397784
121 652.0168024545576 116.37518791572809 40.821696080608625 39.14033044763653
122 652.1690203851298 116.3129999724311 40.81630553776764 39.25775586647647
123 651.940117535228 116.62922970103376 40.82783752521391 39.52742740505386
124 651.2285199765362 117.12339969896487 40.85278240608907 39.80056313686033
125 650.1360591323622 117.52784989313629 40.87339491342559 39.88732514292014
126 648.6876180357982 117.76781916053662 40.87909142883912 39.77638632756153
127 646.8897647396066 117.89310385247009 40.87336910105888 39.599666905421515
128 645.1121135794364 117.97676259739154 40.86461569128501 39.497468922536456
129 644.2568133899789 118.05449606257527 40.857833843434996 39.5428916621178
130 643.7514010627856 118.14525474923725 40.85578297159182 39.724441831888164
131 642.9170460564146 118.25330832668887 40.85159276064647 39.92466392884209
132 641.8920267629916 118.36768759033438 40.82682962891661 39.96927392663836
133 640.7895725635857 118.52940173247632 40.78101175008237 39.80002992534201
134 639.7570740966587 118.90512028885348 40.739763341840394 39.52681093258307
135 639.0933947234772 119.48467548970933 40.72554759371336 39.38552609534168
136 638.6616811207589 120.19098685201361 40.74606291866393 39.402822931517505
137 638.3376731463943 120.88306206640927 40.802288837751846 39.464216689903125
138 638.1436910482996 121.4083040162128 40.871815029159315 39.556054023556484
139 638.2879261415144 121.63966608696725 40.92951610497569 39.64423798712191
140 639.4669607889855 121.55699138562233 40.9714340881616 39.739132661198894
141 641.0061432602139 121.25255999674293 41.01837995247885 39.831021192226984
142 642.5707735191849 120.8238036811363 41.08018026224643 39.904447117493014
143 643.9052317720685 120.33914127119787 41.156768257797495 39.974650575447775
144 644.9817940079391 119.87180691025945 41.25261743110658 40.07676711524244
145 646.0289594161716 119.46927655889114 41.35427290512068 40.27845252027323
146 647.2056021443184 119.10170688615875 41.43463715163443 40.55172598840419
147 648.5089340450132 118.74876013105938 41.49340940158421 40.66529610673642
148 649.7693195782061 118.44707066153626 41.53689602860452 40.572073804464345
149 650.7493943206209 118.24833023005453 41.565440166271536 40.4128414770095
150 651.5441962844204 118.22481800573249 41.596939012133774 40.23831703455269
151 652.2816110428109 118.51424450415308 41.66721587186715 40.05580536527321
152 652.9524775873464 119.2164428399911 41.790949436541084 40.02806067646089
153 653.574329115937 120.23077825338092 41.96139744810846 40.19541797628684
154 654.1172986291175 121.35581634882818 42.1602851326152 40.509562879172535
155 654.5934026309261 122.49882733600131 42.37452128209647 40.88846300608163
156 655.0812334092124 123.63713196397369 42.59430743926853 41.2473458535138
157 655.4921705924203 124.72853286084867 42.81134863183215 41.55029270978906
158 655.9786281277791 125.76692806586618 43.02720929539111 41.8326165483004
159 656.73948296539 126.76084578519529 43.2483051066676 42.14947466085124
160 657.709578028649 127.63259230232984 43.47033660440278 42.49600633238612
161 658.653273875326 128.32662971046457 43.682291139787814 42.7947884569419
162 659.3049811990616 128.9262319373796 43.87265394987894 43.08980053965296
163 659.4635490700377 129.49009934597842 44.03336725154751 43.380973119354934
164 658.9351726918028 129.95707398090778 44.153720012407106 43.54786521386481
165 657.5537203751352 130.2744818515597 44.2201527368422 43.582416645689726
166 655.7996208004215 130.48703897290034 44.23918206630769 43.48864739193479
167 654.0382090648371 130.72028080231854 44.23079828973024 43.35995992092406
168 652.4150445238517 131.09075482433053 44.21581447495532 43.25026592708732
169 650.9748520158481 131.7023534679863 44.19893065594106 43.04183527702105
170 649.7560145867477 132.68685401668031 44.1651580097518 42.71916877928849
171 648.8729859507879 134.13160905414486 44.10235483550871 42.26323850359166
172 648.4737550949455 135.9692487765285 44.00413508403922 41.675479438036085
173 648.5908262225587 138.00811351821454 43.875930956572134 41.02965427891212
174 649.0466613535255 140.0238310663291 43.73163064766857 40.43027916504952
175 649.5221922258037 141.82331144525537 43.585608946373284 39.92945441300284
176 649.759910765709 143.19960446587922 43.43826285587488 39.53231793824077
177 649.6552304646725 143.8096249514938 43.27389947328624 39.21231164793627
178 649.2705773184383 143.51631938289472 43.07911833910108 38.90513163014442
179 648.823866177911 142.67081191051648 42.86612427059932 38.58185377934139
180 648.503038588017 141.82691298816735 42.660896431075145 38.27940299775023
181 648.2114844282472 141.3892564417256 42.47117884920335 38.04427017386306
182 647.7634479529682 141.5066058161136 42.28498378923454 37.901325598234735
183 646.9509453845867 142.14964474608348 42.08987384645798 37.857591645241435
184 645.6457118149933 143.2025820251123 41.89211498576211 37.94196071543556
185 643.7955278848976 144.5362781522062 41.71684756643063 38.22557813149039
186 641.4238036707898 145.9892448968894 41.578826119749166 38.715710648772244
187 638.6662764722598 147.44558057298815 41.46139440897888 39.275339048121126
188 637.0624975767125 148.8860650295279 41.348888568699735 39.762805636353946
189 636.1864417919152 150.25683023883053 41.22780707940553 40.07651337849533
190 635.4093327978144 151.41282793602332 41.040213867359 40.065731742398015
191 634.3218570982577 152.26417592216453 40.72494017965815 39.63635669731978
192 632.7640411349654 152.9962084743909 40.28679226272786 38.83566168070314
193 630.8624798588115 153.9179951196681 39.782156814831794 37.81944887412797
194 628.9852851482626 155.16418284356195 39.266310274051925 36.739662972202886
195 627.3399947662589 156.6542773280921 38.780128239643204 35.667506845026814
196 625.7128204385268 158.2510008213307 38.36725062571349 34.68249454249496
197 624.1779735343505 159.85584206372118 38.06083793764987 33.908985639396654
198 623.1896948660541 161.38437101848425 37.85864795331221 33.424797294307396
199 624.1330954127227 162.8095094207231 37.738124451625715 33.2334897815531
200 638.8621933243891 96.91458320931413 32.250901931861975 22.804390707665565
201 629.0690463047325 232.97844355757394 43.44191004808073 42.71790170445818
202 626.3782999138054 168.85183118701974 37.55068074514678 33.850357627259804
203 627.2628854776298 169.71596195887489 37.614756223061555 34.52034384738894
204 627.6901567034481 172.0171961699696 37.66971333100226 35.30714484613926
205 628.7879031421759 174.37557760423317 37.73867767613913 36.07276708724077
206 630.4590152883402 176.49558891909606 37.789131311094614 36.62779800288095
207 631.8827323870167 178.14429753068063 37.795723018015146 36.90769716895694
208 633.21199338928 179.41111099509845 37.74021151723994 36.93040352244342
209 633.8387640121398 180.5470657011638 37.63641155672455 36.751248966727005
210 634.17230323081 181.79374244300197 37.51630734566279 36.453288414517566
211 634.670191610805 183.3006020343933 37.40655416574072 36.135854443857575
212 635.6741851632036 185.09205642480293 37.32392831800808 35.868793648218556
213 637.350990752609 187.12367005407162 37.27929078906545 35.67539681413619
214 639.8605257668656 189.45180073280147 37.26440783189685 35.48923293824837
215 643.4510572483902 192.1179159862554 37.26710215089127 35.20681918438611
216 646.9498211364231 194.952820106276 37.3141090936395 34.8773308390686
217 650.2657997876158 197.8831847467918 37.40935321850797 34.559644296089516
218 655.1989316912999 200.70131290204787 37.52861023571574 34.236983315761584
219 666.5395825937923 222.73551813034746 37.10526622467142 33.125247922048885
220 660.0193655124632 165.70958242308987 39.03763457971824 35.34588321383097
221 685.4071817626001 246.16036319148927 37.201264394192854 32.79801457695069
222 679.3407932919997 188.9429258540555 38.59454230711535 34.328547411925086
223 690.9832828874843 210.6958129375904 37.98986213424992 33.35837971918362
224 697.035589561991 212.69744199296682 38.08285988943805 33.554230335147075
225 700.9012531200133 215.12202341559396 38.17612620799586 33.68033385491229
226 702.9283381969839 217.62429255028778 38.26418190176134 33.75530710262106
227 703.6630136205488 219.89026721736562 38.32169374004 33.830071522552565
228 704.2285309783812 221.69710354217688 38.34100198685542 33.90222113169811
229 698.481400516935 200.88020271997968 38.670039506184956 34.60640047396755
230 710.8924608901642 244.80636488103147 37.76269047690825 32.64708214767217
231 705.8890889464698 226.6179205153237 38.18314238402762 33.74854157705714
232 706.9183831179363 228.13402544205644 38.18741827725366 33.525062229160376
233 708.5540698981562 231.2766191387197 38.219520920418965 33.14019558074284
234 710.8801763337814 235.2069239330241 38.27186498169279 32.671382182060675
235 713.5307788734298 239.66887780994838 38.33221695247528 32.20928860159872
236 716.7756883563839 244.38340255592828 38.4485820279453 31.964170881959298
237 720.6107686644659 249.07465579536793 38.577386265628746 32.02954360668534
238 725.1478434205391 253.61583960737897 38.70283672979941 32.41639419662129
239 730.5725262950267 257.96174333072287 38.8647917529075 33.062182212295085
240 736.267397826591 261.9713715676825 39.008425734701255 33.83765851144178
241 740.4763978826355 265.4748757483719 39.14200511344898 34.788267498130246
242 746.9045898872921 268.35182727102745 39.291844652862004 35.911074842479344
243 769.0851372844274 402.95238278024715 46.86385034547434 44.673554241053985
244 792.5538292728437 108.01579867802535 33.25876479670228 25.867381343516453
245 763.0601766517242 296.9450709034606 39.42239555841241 38.61257406174338
246 772.2168147100455 267.803685106295 40.44258361411171 40.17407985222686
247 774.5922876775275 274.8986864606338 40.485774814976175 40.433656057945235
248 781.1900039525406 274.74165161249385 40.65161750145261 40.56253141173663
249 786.7920740203351 276.8387327448095 40.67735318946381 40.21459961389565
250 792.633468766356 279.42950830286264 40.672653617662746 39.48119896137362
251 798.5659638026865 282.9177304386993 40.683000257351225 38.488793648200726
252 804.9167827217572 286.96139590471154 40.767680959197925 37.41881314993526
253 811.5680314072503 290.9973383304349 40.9042315442855 36.38937044526007
254 818.1040773925529 294.25995191870896 41.15910853366188 35.48121942716966
255 824.1765188345561 296.6157081952921 41.409019510596266 34.63328538571657
256 829.6767214619371 298.66269850035195 41.63020807147205 33.772502348969205
257 834.6928817489638 300.9247858758187 41.81871218284081 32.92178362599595
258 839.4814519768897 303.5181566123583 41.96668425275745 32.13090251843359
259 844.3023056710317 306.33014661428194 42.078744775709204 31.425812500481314
260 849.2801871678315 309.11315486253073 42.16445305042844 30.873608999022924
261 854.49679563017 311.54581991904575 42.23658013254392 30.53701797350169
262 859.8275616603129 313.3449693785126 42.29712640278132 30.54200469011668
263 864.69451280022 314.8472243692438 42.38184324214669 30.903368118499767
264 868.625817098274 316.808628460887 42.55675649840177 31.538941947452674
265 871.8358980868804 319.3877298960973 42.841174608413134 32.335499723818735
266 874.834519066809 322.0554814410879 43.17591272047471 33.13860838439462
267 877.8493421130192 324.35711385973076 43.47028296051176 33.79665104180709
268 881.0189556469792 326.16570281642174 43.650997965091776 34.222008564533354
269 884.0937414769669 327.6886978018727 43.70273181663618 34.43225158440402
270 886.9287249076876 329.55724911403536 43.6712551141504 34.48391868406874
271 889.2504381515562 332.40316029942363 43.64941247277232 34.38403859020564
272 890.6230531693609 336.31620512053865 43.70986794128139 34.101617734100294
273 891.664449611467 340.9322899640228 43.87142807913171 33.59687775515113
274 892.8885522070335 345.91293982041304 44.1375122474294 33.12876655747628
275 894.3869671575221 351.10259877269436 44.52236352769017 33.342431668178406
276 896.0778963834888 355.6976382984111 44.92570853524471 33.546054926902805
277 897.8621624284648 359.52073218009474 45.35336617124072 33.78389276621742
278 899.7398672301587 362.45577184438145 45.768430103995 34.072107054007574
279 902.9092235686381 364.38782449637733 46.15467210492192 34.409127144658804
280 907.0094633597664 365.2448553462383 46.52923608248889 34.74299618961617
281 911.4326715448318 365.13487254288736 46.86049216618448 35.02568160580399
282 915.7729826558095 364.65113971640153 47.13176792718374 35.28521540312218
283 919.8367541723877 364.9603898797202 47.36492515583058 35.45873111031456
284 923.4237856147598 366.598639815144 47.597366717246885 35.68402322310709
285 926.8160025647065 369.60670415507144 47.81350710522296 36.06830174083701
286 931.1866160050221 373.27243718296927 48.01692276546759 36.645299445100136
287 937.751219981917 376.6592041323414 48.29748078338285 37.36006261658745
288 946.1440871624771 379.17079585374114 48.5643633452656 38.056316001779486
289 954.900801159106 380.62426958964176 48.853718029183455 38.75293877845362
290 962.9041133966634 381.4335678087577 49.18118302230087 39.45313896952788
291 970.3535582962553 381.9550568609237 49.52762674490929 40.08126996166175
292 978.2221290756748 381.93792036242604 49.86385361796605 40.63923099469223
293 986.9233158173541 381.5749181946841 50.1225662240395 41.05050370528368
294 995.9143152506997 380.7151743006551 50.24239828114321 41.31895840456188
295 1003.8241630114029 379.42555800403386 50.169571537679126 41.41050984136767
296 1009.655181914541 377.57266824620143 49.907332948949566 41.29633031123103
297 1013.5552863533591 375.17045297087066 49.52523987906681 40.98683783364152
298 1014.8794184405753 372.64542741512616 49.12276627642673 40.549594873809056
299 1013.2648575082073 371.54259902314953 48.804050286626115 40.12677461063227
300 1009.3551420728623 372.25902659347383 48.64004609915894 39.88853155318835
301 1004.6673322151364 373.91598461932983 48.626268436413696 39.92144724764492
302 1001.2910378838512 375.44100735383256 48.695450599680626 40.21002741714393
303 1000.2416926199679 375.8777551281947 48.78812054737996 40.686234952846135
304 1000.9111532085024 375.7530444061864 48.89068429870981 41.26310208538023
305 1002.2754423840984 375.4777381234489 49.036753907011786 41.90153328360394
306 1003.6776890942555 375.5279444459351 49.27072789082247 42.56598495245281
307 1004.8174255367891 376.51938170601176 49.604474022640524 43.190763459314226
308 1006.0854379266323 378.67523462726285 50.01497877509868 43.721694660150874
309 1007.5720783096059 381.6920350965387 50.46186609683625 44.15218636663192
310 1009.6291072146921 384.81628146008467 50.89451805303041 44.49319029834684
311 1011.6725135908107 387.22910517690707 51.26775879411076 44.73855203479393
312 1013.4149669998005 388.5074528753786 51.61420447718467 44.88782030353518
313 1014.3055474402596 388.86167233233215 51.934697240826075 45.04152503004545
314 1014.587306784403 388.96332907441865 52.30734391283302 45.23251463329047
315 1014.4447119904638 389.5564394336412 52.713230179253 45.416861924728984
316 1014.2270987395926 391.1209485647795 53.10784008808127 45.54051356628222
317 1014.6140687401672 393.70374358429973 53.473337938076504 45.626001340144576
318 1015.8981710455545 396.8271226354849 53.80098088366851 45.72008902104615
319 1018.7622952451471 399.65122446565806 54.06513681443981 45.804308076829415
320 1022.167427977181 401.47070211044326 54.25537110320254 45.84710254583383
321 1025.3764939974253 402.3653817285716 54.40919949106214 45.904890077124755
322 1028.4552475650482 403.1289783741904 54.591345596636664 46.08438642880142
323 1030.8864403834377 404.2998298429687 54.84906434505641 46.44520944038992
324 1032.9728414753733 406.20797889996413 55.160128466151136 46.94045428189304
325 1035.3327138924521 408.37403922295573 55.40977246210426 47.3674770152104
326 1038.4845946147136 409.8422473222592 55.44957477964932 47.47379216184093
327 1042.4346703016577 410.0155458368828 55.21973329367703 47.180226581078045
328 1046.8852812835248 409.08665948793964 54.79682904066863 46.645872526438545
329 1051.0341428820202 407.6334940683798 54.31567266197079 46.096502508493934
330 1054.2194661858175 406.10803556811084 53.880827178396984 45.66695546539038
331 1056.0539089956021 404.7353792153526 53.546073826327515 45.395840676783564
332 1056.7785084952097 403.5093464975524 53.31994006950945 45.247230580388106
333 1057.0930892476224 402.1738877994662 53.17240801913817 45.165261398509145
334 1057.4902893127078 400.33246795466414 53.05533404602577 45.13417888820454
335 1057.8324444647074 397.69666578057354 52.9287574088976 45.188571078020665
336 1057.460128134832 394.33535216504214 52.7815404126007 45.355245320287636
337 1055.6462412846156 390.6980324770282 52.633891629224735 45.609852902602206
338 1052.003801959864 387.35582743507285 52.51610622642072 45.89681009532526
339 1047.1950271936355 384.70082408901334 52.44180795294144 46.160869167135345
340 1042.3271234300744 382.7970146619874 52.35252402042514 46.49562337927772
341 1038.251570214117 381.44631268939935 52.27528735480433 46.63795919423513
342 1035.4440249285794 380.39411075096547 52.19027845861975 46.5076867627277
343 1034.1493226237856 379.58262139524044 52.082070892240196 46.14689194682215
344 1034.7060559195784 379.20282525770375 51.961929837625185 45.67236972405768
345 1037.4247156315632 379.521161574043 51.8319359793471 45.269362596018546
346 1042.0920643945185 380.64211443668813 51.722819620358244 44.93284588933591
347 1047.852309374094 382.40211826408375 51.64946047739872 44.63561837494614
348 1053.7399354472182 384.45862260887344 51.606193414796536 44.410029053923786
349 1059.1753233114998 386.40785341340415 51.57464159244598 44.240006303565245
350 1063.6760956123449 387.87911267561054 51.526792547327425 44.049161498865146
351 1066.968854516521 388.639684630793 51.45090771123997 43.81522168518967
352 1068.935618641109 388.65726296399197 51.360743149156406 43.598800901385125
353 1069.5509912017303 388.1200933786197 51.28131637149188 43.435544352127124
354 1068.7440934733454 387.2147778618582 51.23602180608197 43.30504490145399
355 1066.6941644485105 386.02211226300307 51.242872031171714 43.21526276539657
356 1063.911294299635 384.69071830250476 51.28594967922261 43.20327816660085
357 1060.866565207521 383.27761305457256 51.39117148830043 43.23166641916657
358 1057.6074707264688 381.84813704226144 51.51978521387197 43.2330934042418
359 1053.7367528129357 380.7196301714879 51.68297368441333 43.233814032998794
360 1048.8984940010237 380.361570622452 51.915554218487244 43.35400651061346
361 1043.538758685943 381.07203917986993 52.23001561134403 43.6547003849578
362 1038.6689618337825 382.6700509627253 52.590369508584146 44.069347158120415
363 1035.2939364578863 384.522730495858 52.93082650006688 44.46798608366154
364 1034.5312279810985 385.87612283784256 53.20591216477307 44.76642294785639
365 1036.2590695464582 386.1929899832966 53.42555053935506 44.97446675466086
366 1039.6030267016347 385.31660047032545 53.54766688225179 45.13475273913974
367 1043.3283835364361 383.5002065906276 53.585201661936864 45.2246609604532
368 1046.9299512096377 381.32925280111533 53.538867358916285 45.20072305305288
369 1050.0708072667378 379.52960505163776 53.426418240485425 45.02007277077293
370 1052.2426433886167 378.7029650357215 53.27894077102739 44.66322604294435
371 1053.4025128703124 379.1499357346865 53.138101939163896 44.19080255136506
372 1053.9208808227636 380.8736990417609 53.048365822408314 43.72395286728414
373 1054.2719281270504 383.69435173552364 53.04405319094447 43.360444365545284
374 1054.9216665793035 387.36073077308794 53.14491617847889 43.168097988371706
375 1056.3181237010522 391.6127826576763 53.356814116072236 43.2281662407401
376 1058.6231656640853 396.1954648276601 53.66627346564997 43.58808742148471
377 1061.5231198233093 400.8563007546315 54.0384818695837 44.20282763125364
378 1064.3862924101795 405.29867925428 54.42075055220497 44.98529298300883
379 1066.7545094791506 409.0590898079011 54.73856603846118 45.860617908137044
380 1068.6853145239359 411.4931610981864 54.91391281084023 46.72491495464633
381 1070.512710351676 412.197269559851 54.90301189762759 47.47310995638276
382 1072.1639353824826 410.9157587230683 54.73717888374169 48.05000986803884
383 1073.7401279965839 408.3233583332085 54.4874206967149 48.448786169544334
384 1075.3657305636777 404.85661557026805 54.191803666993586 48.749186940587016
385 1076.757289734917 401.0267711017389 53.90059714460578 48.85673173806591
386 1077.3902723730905 397.41465819428623 53.67987428643649 48.66266814649673
387 1077.2446819442616 394.49302746390885 53.561989934863625 48.189816417266684
388 1076.246577679441 392.3377672681963 53.5309835653984 47.49263013395952
389 1074.167458655805 390.57421659327633 53.490541382078305 46.81617577214032
390 1070.6821917968373 388.6034585350338 53.435024900874055 46.1282308399385
391 1065.6159559226064 385.9139959764133 53.331220566482 45.53169868366014
392 1059.344455987666 382.4158267799661 53.16625959095052 45.052930221027324
393 1052.3303893355953 378.5276123070505 52.95284504081033 44.665419350122875
394 1046.029657893676 374.9450776428314 52.72790044108683 44.36420040161997
395 1040.9762453138853 372.32722415188056 52.53856253423086 44.177547916515785
396 1037.7560524996536 371.0845293156957 52.41686986851358 44.12047459228436
397 1036.812818742828 371.31246193162724 52.37120826610228 44.178405408654015
398 1038.249685042498 372.86507409190966 52.392397257056224 44.32324840012539
399 1042.0003598683943 375.4645553092703 52.471841110386414 44.533320084289535
400 1047.5626864985782 378.7779545273876 52.60167170538794 44.783797149656216
401 1054.085647603996 382.5004538969106 52.76718187435154 45.04223939176198
402 1060.9824626282716 386.41346630753895 52.941919109948884 45.28257082980094
403 1067.8989679844747 390.3872792713774 53.10157669330059 45.48516683374618
404 1074.3116672532456 394.3671970831634 53.23802697565327 45.642556080070925
405 1079.563226463438 398.28538685247645 53.36169106278849 45.76818662167609
406 1083.4095379566477 402.25833762834543 53.490990347688566 45.893094435273476
407 1085.9271416467727 405.94429515583886 53.636848681763624 46.03830230471447
408 1086.8395917655873 408.3722507479903 53.787450086596344 46.190316877379395
409 1086.2059599879778 409.34662835228437 53.90493601433999 46.32030625835595
410 1083.9342744588726 408.84607772424107 53.964722734484965 46.40539018260302
411 1080.3352676269087 407.18120948297667 53.967814170637475 46.45410114212005
412 1076.2599583411566 404.936078247377 53.930127612602895 46.47664300754655
413 1072.4989098832007 402.7557544497546 53.871413416374274 46.464409423365176
414 1069.5414846071965 401.1092507931189 53.81665556785585 46.42139519505611
415 1066.9780350501248 400.1485626709431 53.78173884347108 46.37258519642941
416 1064.7272199595222 399.7776180429872 53.766510652286215 46.33589854894486
417 1062.8894609318586 399.81161576011516 53.770566721221186 46.319950800355564
418 1061.7720583228026 400.0078831491463 53.79276096562558 46.330543505874324
419 1061.6676138599566 400.0871967741537 53.82453370839706 46.37092784881948
420 1062.483029390837 399.9198449019916 53.859072745497734 46.44042688083605
421 1063.82171212346 399.65160099864374 53.89482100558402 46.52145594301984
422 1065.3860626508633 399.5858539054344 53.932879191138305 46.590343822719504
423 1066.9991504319112 399.6293487883977 53.97425331306196 46.64070016564092
424 1068.5214605063372 399.669477287118 54.01328960605196 46.67500895286384
425 1069.8932062668894 399.54013225234894 54.03985254996186 46.69084378280414
426 1071.077587135177 399.12370703151623 54.04463288422186 46.68481323786515
427 1072.0925455101399 398.4107645368635 54.02281653791262 46.65760339900225
428 1073.0750507721425 397.53638098865684 53.98316246754831 46.63036791042183
429 1074.0713357598017 396.7806860994783 53.9500711710902 46.63955592835913
430 1074.9447585926039 396.47161090695465 53.9438058988786 46.69540542471511
431 1075.4344163213398 396.78361725615434 53.96213437638306 46.76679917721841
432 1075.1491891114654 397.6287368624231 53.98533061423176 46.81270836000788
433 1073.9520240455606 398.8151046961512 53.99257602929458 46.815506493108394
434 1072.2696813761117 400.2661132780219 53.97419242830477 46.78397280987875
435 1070.659634865601 402.0122379433663 53.94197466015396 46.745944479309856
436 1069.4252139213725 404.5039128594281 53.92845035968651 46.75035835744683
437 1068.6546493746634 407.2976016530658 53.963029156503794 46.83379769925637
438 1068.1787824065475 409.76601521497673 54.042421501606306 46.99010968074716
439 1067.7929355399285 411.78104792710917 54.13502216719727 47.170578385642166
440 1067.5161540599318 413.23371611820124 54.21333332823114 47.31700090694143
441 1067.516206246539 414.06843457169964 54.274945213914506 47.413190168210754
442 1067.8090854844713 414.2243964788206 54.330225098236646 47.48512497299137
443 1067.9319524945538 413.6052202611652 54.37464982695153 47.544801622220845
444 1067.587288003389 412.19017337520603 54.38738782392625 47.572979181532844
445 1066.9706720852323 410.12594569196136 54.352989430231254 47.5564289217647
446 1066.4953925139953 407.68224176832484 54.27053825528364 47.493563488980136
447 1066.2221748470113 405.2442222716688 54.152511654928226 47.378920038085134
448 1065.8894232806533 403.31985128801585 54.020637592017934 47.2110814420606
449 1065.3735094300803 402.2948295992298 53.9003525669355 47.01545736229011
450 1064.812003252302 402.0754985150315 53.82243004948671 46.85214757318911
451 1064.3741662945886 402.6156652896489 53.81811475361045 46.78555406573945
452 1064.1170016521787 403.66795848444826 53.900739642239486 46.835601998788746
453 1064.0696154303505 404.917557778822 54.04969304907683 46.97789932430264
454 1064.2797597492424 405.97290510031905 54.21558603273885 47.1621805684079
455 1064.638986942505 406.67122193792494 54.34718847496161 47.33233545430694
456 1064.8047692389819 407.1912498104328 54.4223261831635 47.452504092740384
457 1064.5211046916552 407.7488785821039 54.45273324475102 47.51690179925302
458 1063.906224986028 408.29791224849316 54.460403516622065 47.53846848764986
459 1063.281747114103 408.5599988807789 54.45452028063688 47.532320889285884
460 1062.8534870411595 408.15824936458296 54.426533497869066 47.49652754500847
461 1062.6736804129239 406.6178523490581 54.355662084638446 47.40228200777787
462 1062.8571111118847 403.54329381923867 54.2247864106937 47.217796071916744
463 1063.7825590710902 400.01366508190847 54.039574743691674 46.958857323951364
464 1065.9025105941043 396.1090115221511 53.83048452333723 46.6637870663744
465 1069.1502435187028 392.639284915631 53.631167840240934 46.38824552686018
466 1072.9819513330287 390.20293836202273 53.47650999051667 46.186371811320846
467 1076.7715521992723 389.0666599576931 53.39377737771446 46.09197694398167
468 1079.8848110018484 389.17318319851034 53.38647938935789 46.09854622539606
469 1081.9024323919298 390.2518302904453 53.43401611105763 46.17327975415846
470 1082.9536481020602 391.967081052288 53.50480741595858 46.27790368158031
471 1083.455133865058 394.0489325427885 53.57256248881228 46.37660904230777
472 1083.546061966608 396.41255514393646 53.63426335998371 46.45672043778413
473 1083.1152058721382 399.1295570159235 53.71039792418715 46.53985766319688
474 1082.2568600659315 402.1646250840262 53.815132492123446 46.64766434581698
475 1081.40732918568 405.6795048130877 53.93495587394747 46.77952441773071
476 1080.8979046166253 409.01369596602274 54.0445074741483 46.91491156096939
477 1080.5875220845785 411.2451591629575 54.12383038971025 47.03133128636542
478 1080.169170751124 412.2754814075496 54.16406331337572 47.11624024396963
479 1079.4919846330963 412.2067890551137 54.17481375860914 47.17434516224826
480 1078.6344054249073 411.3386487248583 54.17608142012441 47.22814156529511
481 1077.6201727662058 410.0070589271974 54.178845143934666 47.280487458023806
482 1076.3353408781616 408.43198832686346 54.180395657376096 47.29862054312801
483 1074.731588162182 406.59102805957684 54.16992243280191 47.25185300842979
484 1072.880103759692 404.2461836821951 54.138961112834764 47.149150901078315
485 1070.686234839412 402.0974682638381 54.093344638871685 47.033646815239834
486 1067.9827752199703 399.78381232463573 54.04997742320181 46.91548342802407
487 1065.0667967885556 397.5333327100331 54.01399056960622 46.79357386621594
488 1062.6575655491647 395.5303772115028 53.98197836964935 46.680845429648116
489 1061.2473522835496 393.94912045185714 53.95827218900853 46.60273979948235
490 1060.8933107175203 392.94876064524755 53.96105625911481 46.577935789263
491 1061.4318713447105 392.57079686225296 54.00141293965853 46.604050871315344
492 1062.5079094565751 392.61991802165653 54.06427765353278 46.6565818900433
493 1063.6854184633867 392.7202486420744 54.12686266490086 46.716343969288054
494 1064.812170091014 392.5495603390433 54.17540398089249 46.77776478875098
495 1066.3924670253916 391.9953091612915 54.195749008346766 46.82548995401864
496 1068.7551367282974 391.14711656933184 54.17372621630746 46.838491208459914
497 1070.9577116163484 390.2588926423419 54.10962102241407 46.813576098920535
498 1071.73630738161 389.699499886666 54.02224664342995 46.77055985886358
499 1070.065527443717 389.84764140972044 53.940605713567884 46.743438556981125
500 1065.9673919639617 390.91433407781767 53.890660365523495 46.76227571435672
501 1060.1523951638712 392.75729646511473 53.883155892669585 46.83469716422886
502 1053.7059117678139 394.881204778152 53.90880815713548 46.94210388310378
503 1048.1667658283245 396.60163689949735 53.946037032892676 47.05006253370514
504 1045.0966661451373 397.2031354681932 53.967593968233764 47.11943295678359
505 1045.6147825442724 396.1359141099994 53.941233984138904 47.11672751566384
506 1049.8744936495361 393.2832687892114 53.84349359716467 47.02869122974496
507 1057.5876934442065 389.13341792946807 53.686527398488984 46.882786574157116
508 1067.3642364052487 384.66066442925325 53.52499481125004 46.74910697616393
509 1078.4949436256518 380.9129839793753 53.42479570849985 46.70357695319988
510 1088.345606124266 378.6103310649603 53.423028844684026 46.78207294288989
511 1096.10842069625 377.9846152406792 53.516293557344454 46.96900627969693
512 1101.9740736075364 378.8108771092433 53.67739588646383 47.21390054082854
513 1107.3014077173536 380.6078355555268 53.87796780328011 47.44667240820527
514 1111.5901173005973 382.9637128293837 54.09877908509753 47.58887389929699
515 1115.1662341650554 385.82682321455167 54.341789689663074 47.61108937550612
516 1119.1702428258163 389.53934204242864 54.63887242081573 47.61313392327318
517 1123.617443672061 394.4228145814713 55.014221392030265 47.768415662646376
518 1128.1850326675442 400.2863612492046 55.434959917687955 48.15410606109499
519 1132.2359915153763 406.4307279990245 55.82972353964663 48.65454527841826
520 1135.1516390950271 412.0601066223162 56.14942724938951 49.08678319609482
521 1136.5084102807705 416.528897943991 56.39690131933587 49.34365175718652
522 1136.4879034954015 419.3931979321281 56.603911460516386 49.4376722098592
523 1135.501078336054 420.51146032897196 56.79583977507464 49.436257946529594
524 1133.9354522609317 420.11657261464575 56.97222460766974 49.358938083497264
525 1131.9418087780818 418.6954069820426 57.11731859479398 49.1919972890129
526 1130.169572793973 416.7338913654202 57.21659889231734 48.97385940504479
527 1129.3618470018837 414.4974098808758 57.265505267916055 48.79457825503481
528 1129.908647941763 411.99892010381274 57.25975988836545 48.710996645318886
529 1131.712298952187 409.15633344689286 57.177808865744055 48.701066198486934
530 1134.459992650778 405.91717931509856 56.990753040190036 48.69774098772766
531 1137.68713035708 402.2010669482161 56.668379111529376 48.650341286266006
532 1140.6413053576773 397.90368927776456 56.26215733307477 48.511758687080466
533 1142.4180620826194 393.0963780607538 55.75406520579328 48.26101967405116
534 1142.2375841874984 388.1539462278964 55.20598157392938 47.917709317414634
535 1139.925234162006 383.5950046189827 54.64384170956015 47.620190093794236
536 1136.002851437026 379.86456982649287 54.15132460481309 47.49371852378935
537 1130.9042383813062 377.2196649894511 53.750841471298166 47.54277804294416
538 1125.699587396963 375.61794179544114 53.36928822334192 47.694761693970115
539 1121.2300744802628 374.62479740101185 53.01189323364819 47.81802639743436
540 1117.5305718997429 373.6264229418004 52.60831443685475 47.878500147959144
541 1114.7123775185305 372.2289937919967 52.15443783089956 47.862360331158705
542 1112.366460207659 370.458138506247 51.67761328240636 47.78626665890511
543 1110.3745733455464 368.5861864699723 51.21039598353251 47.6798709863031
544 1108.8314844029035 366.84932701089366 50.74823092081357 47.53655985609637
545 1107.3905419350951 365.27571166253205 50.2522151871803 47.27836836434146
546 1105.8176309366208 363.6486655915269 49.748782556837355 46.7462134706188
547 1104.2084150818682 361.6644022478898 49.188144588458314 45.92226737503307
548 1102.5434228217262 359.1848673198555 48.58651679863824 44.72908483655308
549 1100.4931928588742 356.3478530512283 48.22896405586292 43.24448836048246
550 1097.4116889453687 353.48622859111583 48.089330062539815 41.49486524902198
551 1093.1961047649813 350.93917162520944 48.025902861439285 39.792306122073114
552 1088.3093766098991 348.8188812256889 48.005248556448095 38.53183099368361
553 1083.4436637530825 346.89416370479364 47.924671134726495 37.900245342119256
554 1079.177843872501 344.65130958373084 47.73859940358677 37.65882218172837
555 1075.8026296190699 341.8531193651155 47.49574012477392 37.384607198057076
556 1072.749482791114 338.37541015403554 47.219608550306255 36.883386790990706
557 1069.2802250595732 334.17338386873877 46.93397772810345 36.14694290806673
558 1064.757184758588 329.87230203702126 46.67113768026213 35.2587988709183
559 1058.4275675438253 326.4140712870647 46.36237212637273 34.34657508322165
560 1050.5932371603192 323.73465773773046 45.968145302591516 33.59228471046139
561 1042.173669615545 321.8491660303533 45.609118161191894 32.84669576360922
562 1034.0773907932708 320.77841441544126 45.29462299400712 32.15733849334682
563 1026.7578679295395 320.2870802736344 44.987628655370315 31.645579008727996
564 1020.4278421046523 320.0135008427883 44.761647372329385 31.373382165887673
565 1015.248050845873 319.9445042101483 44.6018203898782 31.372896027271768
566 1010.738555294175 320.10472781936403 44.45725602755559 31.578289662399257
567 1006.507070647103 320.63471810331436 44.25781009042207 31.8796603482209
568 1002.3223380346916 321.9129061658955 43.99110844553832 32.21443638637121
569 998.2089417593872 322.5308914439964 43.66848215641063 32.53714714009021
570 994.2225473838158 321.712374056185 43.29917008231111 32.85723657120235
571 989.9332476498367 319.8830766652834 42.82773570666803 33.25541040043033
572 984.6069431303263 317.6612120831532 42.28451913370524 33.692349737235936
573 978.1740977592501 315.4280701924688 41.75282014326947 34.07676496006759
574 971.5235641518616 313.4114576764916 41.25322218961787 34.412033633332804
575 965.6769053276508 312.0378137475913 40.836631156389444 34.6809952353202
576 959.7443303831776 312.54840116233333 40.640790001979106 34.9673290891545
577 953.3923021587503 316.50307844839307 40.643531021285256 35.213902531285555
578 947.1087978165642 323.48975290845215 40.74575946835149 35.25964505257147
579 941.601431966093 330.03076376810884 40.816868713519035 34.90858916897725
580 937.4240751870798 331.9500542087373 40.71684699425746 34.01615367916339
581 934.558548191943 328.1639823505579 40.4129645084236 32.757459123071804
582 932.3137917892531 321.11512246207155 40.0040170129641 31.43658258487857
583 929.8623275067736 314.3176722855838 39.72235480227096 31.128247963868713
584 926.6872481146477 309.4677733235364 39.63888494629083 31.840785450768905
585 922.658231820437 306.3061379073583 39.578466952828016 32.44247148975786
586 917.705631928691 304.3448049642061 39.54151765242419 33.150334266856916
587 911.6448889390185 302.70232150268964 39.48010053314089 33.8576425855251
588 904.7406160809153 300.4040966787714 39.305703549109786 34.291711690958834
589 896.2549417941995 296.68240167487033 38.9021872276402 34.18286136822713
590 885.6772548357745 291.4382115724644 38.22663876298234 33.44994155726138
591 872.9218142449255 285.46116791965596 37.4170268442118 32.30931353694486
592 857.8460087747244 279.94950906616145 36.702228977838445 31.123503291923925
593 842.0908200492719 275.644985916223 36.200065127795845 30.08949540528177
594 826.8206633394167 272.48330659436465 35.935721712074404 29.352050119888524
595 813.1793240865552 270.0255276734327 35.78185999178168 28.795312944351387
596 802.0836338608159 267.97296468288914 35.67269156010183 28.45223902488459
597 793.5304059505415 266.19071589530284 35.5890806161006 28.263114443460598
598 787.1822881938774 264.4978948524428 35.5536490942454 28.162877442568316
599 781.5696272630661 262.80274105099335 35.574778851535875 28.202653361605204
600 776.3480342840445 261.20753292697214 35.585600794369675 28.321019704629588
601 771.5177868702157 259.84287694466616 35.57027628340323 28.541438859606558
602 767.6579398217303 258.7368472578739 35.530083286872 28.878716593197968
603 765.4307427686875 257.8623548499389 35.47346743701579 29.34405520734935
604 764.5801285411293 257.0722259302078 35.40307434636702 29.942917515351105
605 764.1681637577867 256.06333887479155 35.32779907987437 30.712874732513203
606 763.280694201039 254.7282542746902 35.251990105678274 31.597383439194086
607 761.6027343349443 253.05300935501822 35.166948317195086 32.411592358493145
608 759.4374422076168 251.23110836430257 35.05472726782326 32.93045245316069
609 756.9970446429179 249.6625283890206 34.93258277959652 33.06858651609959
610 754.8183433044355 248.65541492508473 34.85442354772801 32.93026766026618
611 753.1440943907363 248.22414467584593 34.86610486140503 32.72342481418313
612 752.3023308389752 248.0940672782313 34.98245680001813 32.65184165723493
613 752.4269875546677 247.75505596196402 35.17761352242652 32.78927676473887
614 752.7764302324266 246.62651260197086 35.37959609116608 33.02511513200159
615 752.7167683878728 244.3690479186615 35.51133637123381 33.16680130367386
616 753.2844734161943 241.11923127945983 35.55473748905044 33.063651565076825
617 753.3889223407507 237.4220573139823 35.55257659603488 32.68013498433963
618 752.6808305963596 233.85042413877082 35.543929802130535 32.14170620410414
619 750.8822481700939 230.66415474449053 35.52614998376909 31.642015791316904
620 748.1462519790583 227.85837119588913 35.48750939495975 31.26105588742302
621 744.9154669999732 225.37278536258822 35.437484841228915 30.94047081135804
622 741.631151054261 223.17222957836006 35.40074082717685 30.603516112901918
623 738.7774689670451 221.22607169178954 35.41698522113772 30.254280909780384
624 736.464043443416 219.51234135691632 35.52468208240146 29.992651569726874
625 734.3330780900125 217.98805099508178 35.734331541471434 29.962551002810113
626 732.0198764784888 216.65574086283186 36.01213139993854 30.227610409203635
627 729.1526098576079 215.47038260599524 36.28233094173799 30.71470734766542
628 725.983055001641 214.26785144492226 36.46275832491282 31.265571372017696
629 722.417386859834 212.89330178762097 36.52760897174871 31.745304564363536
630 719.3343850158093 211.2600625461138 36.51101563385295 32.1121137885294
631 717.3304753273967 209.2595555588459 36.44895292819464 32.39324076989959
632 716.3067677116774 206.80156434534135 36.357364200476546 32.613665358843335
633 715.57781755417 203.97336239195582 36.257922374872116 32.8116631798381
634 714.0943067862991 201.12531805054402 36.188031334015044 33.063684993454245
635 711.5484050965979 198.71534976636036 36.17610979182674 33.40032468955735
636 708.1015319626714 197.00094496314418 36.22000990212459 33.727191285393964
637 704.2088494054656 195.94368383037605 36.2968550925704 33.909061592646346
638 700.4682143709632 195.30973948271404 36.382917258786904 33.89553344430601
639 697.5471502497666 194.76319230851306 36.470084009557986 33.75278107463045
640 696.1943019337034 193.98930472404965 36.576265762136714 33.60731730348429
641 696.6529114567447 192.77418167633812 36.726655873822295 33.54969391976467
642 698.4566060636155 191.02721394939553 36.924978465888884 33.626532817435965
643 700.7643974443149 188.79856536748693 37.15374490232035 33.892880720044
644 702.7407643350539 186.23036427901297 37.38443412318571 34.33718070166553
645 704.0079294250526 183.54188815324358 37.58999814054428 34.81740997485391
646 705.1646282536244 180.95676101979086 37.75715903539443 35.16791154669368
647 706.6424579459579 178.6183853974215 37.88951782988598 35.30952584665364
648 708.2053756150443 176.52923178145613 37.988813590337216 35.23760508227328
649 709.2873758269018 174.65920775944576 38.061013582061065 35.01669020355938
650 709.5225448401845 172.99272368740338 38.12155553264262 34.76710084533265
651 709.1077375219738 171.5556333079605 38.18719036063621 34.58258398886413
652 708.3406065553227 170.4369664488511 38.27218755847591 34.47472883740541
653 707.8270088206162 169.6990927248437 38.38409834963616 34.376927371629804
654 707.9422311678717 169.26065599995317 38.515053427345926 34.16809658896599
655 708.4795473694826 168.97817979443928 38.65798430819544 33.79641497362802
656 709.5413906457718 168.76652504451678 38.8264420064597 33.38194494633431
657 711.065999963319 168.5450932175702 39.03394908905499 33.11642706868713
658 712.9973240265638 168.18777950548042 39.27136646429969 33.12333551859717
659 715.531552601691 167.57916732851893 39.518841507838324 33.41912570994712
660 719.1576596392049 166.89634510709064 39.749768291110435 33.89112373086214
661 722.2929979956837 166.02134095119322 39.981728787797536 34.49139524808601
662 724.2400311723427 165.13480407298707 40.20510250683125 35.12431305076541
663 725.5945211668804 164.25553865358862 40.40361125957047 35.73891290896142
664 727.2763557304107 163.40436607258064 40.564636752786285 36.320232625144996
665 729.6305597729322 162.60552066086333 40.69433390486697 36.893984231604776
666 732.3568019860477 161.81908243974235 40.81412980546658 37.50278822799577
667 734.9396000931587 161.0002598305636 40.935303760291134 38.157386443349104
668 736.9061621364094 160.06838262551804 41.042025561667856 38.824333700730335
669 737.8117867160861 158.99745922059793 41.12289730846861 39.47460170990705
670 737.3255181335936 157.96559876725814 41.19876939455921 40.10226572659469
671 735.3003683144954 157.04190851362907 41.28431728384631 40.66811432427419
672 733.4077943999115 156.02886469885954 41.36005578179793 41.10162584318951
673 731.5431738605042 154.91352921951005 41.39303077942755 41.342299114865426
674 730.0270355469672 153.62322829132037 41.37999803824059 41.36920653114816
675 728.9482444467387 152.207864299715 41.325323474563994 41.15106011282452
676 727.9858413737485 150.7324659065101 41.24758356955408 40.73764844555267
677 727.0333876868605 149.2852525962218 41.16687043507003 40.227814260991806
678 726.0479623906494 147.91683322659847 41.09552602276891 39.691653100124554
679 725.0378230992387 146.60294730586253 41.036840980059644 39.18748689374993
680 723.930392180679 145.27716235138936 40.98401431625713 38.77843996722428
681 722.6395747456762 143.89724652538655 40.93146871108744 38.484240759455105
682 721.3276387120495 142.4456680796162 40.87935019537587 38.28517472500351
683 720.2998749898377 140.8760550519012 40.8165432451585 38.15980607799157
684 719.5391543902015 139.21460436487502 40.727851071607965 38.086266700073146
685 718.7012503220933 137.68180372434966 40.62372377513984 38.04428185303627
686 717.4764007965697 136.4969842347412 40.53842526145186 38.01808329062062
687 716.0385238426281 135.67881523321074 40.4935743356616 37.96132591053861
688 714.6825384082539 135.107305943372 40.47044701721541 37.79124895473041
689 713.9073488586134 134.6963369241897 40.43144306069672 37.49377864402682
690 713.6586656761096 134.44283624185832 40.37088227903248 37.196629965557065
691 714.1263415081709 134.34367308744842 40.322045154874125 37.04284731382384
692 715.440158856492 134.3344962360251 40.318237994442036 37.05687214092557
693 717.9471262987851 134.24733594530247 40.355295520210156 37.19000631343344
694 721.0200288223342 133.83798523990316 40.390439514074785 37.40435512981539
695 724.1254585670383 133.04901985425792 40.3920650345497 37.68722251357864
696 727.0223494201646 132.1683585968179 40.383093668605255 38.0356708657654
697 729.5727494528278 131.50686991554812 40.41397619562902 38.44006200975163
698 731.8142811366561 131.0892625128239 40.505613827908704 38.83177173556333
699 733.8472477830388 130.69613270699583 40.62064632044137 39.10011642081079
700 735.6581978931222 130.17800952429832 40.721744974177724 39.20382157846178
701 736.943137164962 129.5491413112099 40.81518100002129 39.22872548803776
702 737.6018316618216 128.91848027574738 40.92744733627103 39.32106007696061
703 737.730486081795 128.39829318013508 41.069172704206544 39.534950543200026
704 737.3129167067775 128.0183292579144 41.22521322058948 39.76777418865891
705 736.5498391291644 127.72086200005387 41.37173437644346 39.90123735736098
706 735.4899068526125 127.47711330797317 41.49697727161693 40.07166602892928
707 734.2037143044054 127.37966638483638 41.615448617567566 40.229100871419206
708 733.0545741864543 127.45328762345363 41.753322140862664 40.342014007933685
709 732.4676896147021 127.55855549979565 41.91053065467984 40.448787611836515
710 732.3370451318317 127.56195885212537 42.06818397584194 40.56567027560023
711 732.3703254255857 127.58042706452991 42.21921903812704 40.70830361698384
712 732.6317640616502 127.81787021245404 42.37416849974863 40.93205374881132
713 733.3458961707955 128.29923167774962 42.548124721619 41.17552708091441
714 734.3645706642822 128.8508910984487 42.72525320771082 41.39872766719162
715 735.4625349485998 129.20067856602603 42.844036621870046 41.41223729280462
716 736.7099675897376 129.14051266237527 42.845401176571585 41.04975742679055
717 738.214257380352 128.68759494151195 42.73923292138874 40.365079612577176
718 740.3517387875629 128.05535229717523 42.58037814369468 39.54897663471772
719 743.5736886899493 127.32206554260628 42.415006899688635 38.777602789329045
720 747.1890092298037 126.44522283218225 42.24942004212754 38.13322192783585
721 750.7022665628009 125.3832662295996 42.06563826379736 37.55978933790982
722 753.4331521743054 124.1793229521473 41.84814329396365 36.90931194419377
723 755.0489322778122 122.9045855030061 41.60974996176344 36.13486907479609
724 755.1959223300328 121.70954081115747 41.394764829722405 35.44130753801546
725 753.2820786730339 120.79690084016788 41.26043146801834 35.19883247363277
726 749.9980118159972 120.26629879393653 41.23262999802339 35.59314125390063
727 745.9564657329958 120.00309867598415 41.27918153105155 36.42566674682672
728 741.4094193939587 119.80696350328971 41.347547185601165 37.355976011593825
729 736.6853872113003 119.55421874769605 41.40709298070837 38.06380922412028
730 731.9019773860198 119.18240317412064 41.41704760372592 38.83101073552913
731 727.3913629290572 118.69866097045913 41.380820041653166 39.218633660583855
732 723.6717432509361 118.16826204843001 41.31354663127011 39.21420396810895
733 721.0529545653097 117.68604327118977 41.23468206749417 38.918793073593186
734 720.4871876128567 117.31570920438836 41.14815010841349 38.782700541607525
735 720.7033989320331 117.11294870417234 41.089413446075916 38.52369615427104
736 721.0008124460587 117.10556716791622 41.08069435197835 38.42662518853237
737 721.5566360732101 117.24356256097806 41.12573961053543 38.56972532636551
738 722.5219725510331 117.37837555347926 41.200067840352915 38.82819626806074
739 723.6655080189574 117.38208307109286 41.27715526642312 39.054029289279455
740 724.9084476820613 117.20324287351659 41.33931670486502 39.21248682908504
741 726.1054179243142 116.93963234205835 41.3833430052508 39.29343162595748
742 726.9524824786556 116.73194041214475 41.40631943023429 39.29373008720612
743 727.2895256441535 116.68349433210936 41.40742490530274 39.22843463161611
744 727.1111862507307 116.79015980807075 41.386637427644054 39.13070849301226
745 727.6914872300364 116.97696128817215 41.344622319779326 39.027641974205736
746 728.6179246278099 117.1787302823855 41.287907352853544 38.93013407629687
747 729.9885665244396 117.34148445340519 41.22650542993245 38.835424668435756
748 731.4913309969531 117.40231676883475 41.164706896055606 38.73125312710848
749 732.6214156512835 117.33418225307739 41.10517594819886 38.61641599323832
750 733.5145365677753 117.18712312974975 41.0581732611605 38.5112466266178
751 733.9793407317469 117.05768387146473 41.0372067506843 38.42914586056332
752 733.947493041729 117.04856047065212 41.05228674720881 38.3689604495185
753 733.4449751519893 117.25596532927028 41.11097711124511 38.360654680359644
754 732.5527231819975 117.71587173221431 41.214334952755365 38.44989002303265
755 731.5656459699625 118.33614332170404 41.34852510576097 38.62984250935813
756 731.6978263604475 118.93076236847315 41.48806523303182 38.835554356111736
757 731.7419032556706 119.31743953369707 41.601627887286504 38.998998627998894
758 731.7344653928603 119.38273245603416 41.65667173154439 39.050041931920575
759 731.354656428579 119.126427935531 41.634283298749054 39.04772771758514
760 731.0081892215098 118.65491212597796 41.546604337165185 39.009360836452075
761 730.9394678358497 118.10592154242812 41.42591792772249 38.94177262075369
762 731.1727928671564 117.59552650055045 41.30759916100666 38.91076647973804
763 732.2503136842112 117.20166151802817 41.2241349028134 38.92907751732102
764 733.8051582534837 116.94215136111757 41.19446563214009 38.97245591704281
765 736.0112410159502 116.7748517071166 41.21839215232267 39.021915067352154
766 738.4267899365176 116.62720046016712 41.28063564347888 39.07409745686015
767 740.5759249045292 116.43700142078987 41.35878857482988 39.12779945512798
768 742.1756911394879 116.18604006552299 41.43095036755826 39.17788364900969
769 743.2759088079729 115.90374198919329 41.482032597947246 39.21508149984804
770 743.747085520062 115.64762459637281 41.508643379893016 39.23791477244674
771 743.4283828864492 115.47492237273478 41.51791092370722 39.2556570047377
772 742.6688422335691 115.40022606975042 41.517660582162904 39.27222423670458
773 741.9521966081619 115.36597522875833 41.50898146344983 39.28079057580909
774 741.2166489879905 115.27815625051058 41.48953211241006 39.27349139397719
775 740.5626967048873 115.08047418800469 41.458847849922414 39.24310232906131
776 739.8938915200268 114.77244607072527 41.42020058566152 39.184800612322256
777 739.167238497113 114.36280453294344 41.37861342624287 39.1049399861281
778 738.4400069842653 113.84806923650794 41.3369140780009 39.02249140208149
779 737.7501299986264 113.24360669801497 41.29607614256447 38.95745643689661
780 737.5779751803991 112.6005062581506 41.25765236575453 38.916969128063556
781 737.4897147137882 111.99299771004151 41.22484744598506 38.89500225076345
782 737.3099759865542 111.50217229718632 41.203539778761105 38.88429255524074
783 736.9324629551134 111.19509466203492 41.20077592464964 38.87898038708537
784 736.3948796340549 111.11793875377889 41.22173565471598 38.875766674533196
785 735.8705072006273 111.3025000304233 41.26913813244105 38.88605084796165
786 735.5815893092384 111.76469948689808 41.344659520617135 38.93099008193628
787 735.6858258231424 112.50032584343376 41.450570883626675 39.02299064120965
788 736.1935097345278 113.47149363722973 41.587478603658816 39.16153232240169
789 737.649513912156 114.60337486349043 41.74971206202408 39.33518481522554
790 739.7019469345634 115.80728720645543 41.92421867096074 39.520961296718156
791 742.3821394940973 116.99005763595467 42.09397266944084 39.68611768891461
792 745.58225562623 118.05711627880468 42.24603585429966 39.7924201390519
793 749.3749179132265 118.95460810902884 42.37251393696623 39.800848248986036
794 753.8009348104405 119.63671245706048 42.4588921301593 39.675952300976824
795 757.6788300466777 119.94609921657437 42.49724070435656 39.432731000011934
796 761.3036966111487 119.6803054729322 42.471471431370574 39.197177823163265
797 765.4661017096424 119.27595990244531 42.357477985716216 38.789202470647055
798 767.4038338790454 119.61557757702182 42.071186527817986 38.07594267418567
799 806.9119757822052 119.00303438186612 44.89711023977167 40.711886244683946
800 737.1572377517374 119.26105816953346 38.62028723258253 33.1078954676062
801 755.6950386528624 117.13637864806154 40.82820885889945 35.283025872228066
802 749.5253058310548 115.22740532079736 40.579307955132485 34.617527984666246
803 741.9976708251454 113.74097771439732 40.35557782623556 34.000036862712754
804 738.6102025996518 118.5428485067999 40.125175502658415 33.60422281323317
805 729.8698627973203 106.59252976893977 40.11754804902473 32.890098841726086
806 726.6006824862028 111.33877546817104 39.90443525015917 32.564840516800885
807 721.9430490995802 110.95171778214204 39.74582263291526 32.113756537332975
808 716.3421666013729 110.6895946669665 39.56491074830423 31.625718530195417
809 708.8846086056859 110.5029366818162 39.40564438129211 31.15575669835997
810 700.2273344144338 110.37386174587544 39.32427201423946 30.793971201381545
811 691.0415479059767 110.36941604641741 39.356124352499386 30.609757727872612
812 682.6356393897183 110.41662439362167 39.52195062771314 30.625794127875686
813 676.1051948348697 110.46383126262538 39.81571600766953 30.816378915930773
814 671.4756474899291 110.43302874343611 40.21744161198656 31.10032998858999
815 668.7183365412513 110.19151631918758 40.69638403138044 31.399367673422937
816 667.9940918887456 109.52836349460128 41.21233479251693 31.65464880836704
817 668.9149795140312 108.27366487716617 41.72173469588589 31.82264820838282
818 671.049727854628 106.4696987542418 42.17968681403461 31.84369315017712
819 673.8184872384985 104.36562499585807 42.547830119575885 31.68276332075842
820 676.5465411629258 102.165869827528 42.818146359251784 31.402639723891138
821 679.1073684538652 99.90909333470849 43.01818244218717 30.98961909148339
822 681.6181244097163 97.55784105021574 43.17981735993345 30.487464059236768
823 685.6906121844169 95.06477243341419 43.30983900204723 29.891271182625065
824 688.7712209746003 92.3496205742812 43.40663697237158 29.197362968024297
825 690.2436308896886 89.68125104024838 43.50004315559411 28.530070912605836
826 690.0800043656833 87.6241286005945 43.59502819630586 27.964134243052293
827 688.5600867510326 86.18259529833593 43.64778211351887 27.490058980759386
828 686.1192394932344 85.39431245088122 43.6071166834986 27.01299810688563
829 682.5929096241745 85.03306009673187 43.4216088755072 26.46887360715297
830 678.8275080751322 84.98350356701941 43.070484820163514 25.86079652948303
831 675.1337963810862 85.43724830110327 42.55123381749151 25.2067224260768
832 672.2576716471659 85.68567999919946 41.8800613976842 24.52708384780483
833 669.3445517758477 85.42500340078774 41.09345867917865 23.85969780172968
834 665.5715705786477 84.73939873189998 40.24617396830429 23.255295756696153
835 662.8973369038007 83.61341904242347 39.39923788890436 22.747998955035268
836 659.9518007611687 82.56894113461746 38.525122545699794 21.93775877621154
837 657.0333871623951 81.3438802908812 37.73993853536492 20.96454229654755
838 654.3770383023998 80.04949500323545 37.04431017311536 19.73181455681462
839 652.0598951500311 78.70282439803469 36.67217411170863 19.315108740849883
840 649.6642937446505 81.64461103386887 36.505846949859034 19.229268611879622
841 646.8585660547703 84.55806659882772 36.478602518541926 19.246026547562355
842 643.282331244431 86.9789885984547 36.50959923944635 19.332452737954277
843 638.9247280687691 90.0130263630367 36.49025416335681 19.22563577787338
844 634.342740565668 92.58236118801683 36.403825767833844 19.053558963575007
845 630.8837293920611 94.87190103860029 36.25481660345616 18.834968807125136
846 628.5203065436183 97.45380083172267 36.08816084120124 18.571780866885927
847 627.5416081434515 99.90232651161753 35.957044755370255 18.31374673501414
848 628.0290063058198 102.1629146142717 35.91375875492903 18.108668841897625
849 629.5916704215728 104.18772238851204 36.0001979605166 17.979011094061498
850 631.7927627840974 107.19087624702523 36.25364511313829 17.962009325801354
851 635.0927059844477 110.21852162136115 36.669607960642374 18.04906204932734
852 638.701045275281 113.38821337833382 37.205694419926104 18.21721407924326
853 642.3768678304184 116.53947170105286 37.79680934575554 18.433301597106382
854 646.3472477690638 119.71171699943284 38.366145309109015 18.647262673349452
855 650.8751692107082 123.40315197641328 38.82280763324198 18.723271921894014
856 655.6536479940239 127.54758303253725 39.12240732531102 18.602709463297483
857 660.8402857574529 132.21390221372522 39.20925923662517 18.361692459650964
858 665.2061033108325 137.35092047193703 39.114741195107484 17.999044002048063
859 668.4126529701814 142.64738751704144 38.85120217377881 17.479799854328746
860 669.6343447395782 147.99133430459364 38.42928371521653 16.767680953301905
861 669.5520317994591 153.25146897966522 37.837809045227424 15.784421265287584
862 673.3608391973552 157.982941866277 37.06686274685184 14.452590344612117
863 663.3964321198179 163.51506338787186 36.54596484669888 12.649445363372688
864 667.2048859813611 167.82427211550385 35.89185593768973 10.443111350981955
865 667.1912692178431 172.2560988137599 35.32431312826315 10.234847014198872
866 667.2986748240367 176.38599828537784 34.84763491939399 10.095930190465467
867 667.6292942456039 180.16843275214845 34.47359220011188 10.052269124869358
868 668.4679703976625 183.56687193775562 34.19313097259403 10.090843083534272
869 669.9922614001275 186.55645626997668 34.031463884407316 10.09440892899396
870 629.5045767926302 194.71611439021714 29.245312410619874 9.652732351683857
871 760.4494209615026 184.38019405983937 43.36160165022515 23.506670535185467
872 675.9905480702532 194.9845292281323 33.900808224351394 9.969293320127342
873 678.1685523554676 196.8600342613639 33.9792543859945 10.026817888885343
874 677.4960941621825 198.72747363811624 33.7962194349886 10.164956693865086
875 660.813462840278 205.49599543696692 30.47121333432954 10.178795992760923
