 Trunk Shoulder Elbow Wrist
0 639.7201232815586 236.5530820039632 24.771923978114945 10.53467488271729
1 641.221090107516 209.09821262911802 26.943713551123892 9.771995376316497
2 643.1866620000152 198.97673437853044 28.417168991644285 10.577551191603042
3 645.7562655094475 187.52637034508524 30.60127566880507 13.708339908355027
4 647.1440504353399 181.12682521786016 31.39545118335594 14.962771620616563
5 650.7384314841092 174.26455566557928 32.25189527483775 16.036456732696834
6 653.1748286384494 169.08768701560896 33.39212473825207 19.164486349130136
7 653.5531450156844 163.81847617233518 33.89817209988393 20.854510197568395
8 653.9433684023284 152.77826743354404 34.87058553777542 23.01526723826407
9 646.8243763960362 157.83155210811483 32.734484233531994 18.444217705532914
10 644.2860983858195 146.40337092637247 33.16457557160124 20.1141076569809
11 639.9575236319446 140.04446997546248 32.588545113886916 19.060011056326783
12 635.4058566683751 133.83147968967234 32.0268718910505 17.861067358956713
13 633.6738442709536 127.9591412258227 31.562802702229515 16.83327125505776
14 631.3411746788432 123.1564165607544 31.246989865450175 16.071202212513725
15 629.6318231673662 119.30038985744676 30.99716899066953 15.366752412852533
16 628.1327524764823 116.09439492041952 30.834739930229002 14.6248069298596
17 626.823934580173 113.25829624985077 30.79978556230925 13.971215531720576
18 625.7939590918611 110.55612953410561 30.895808502851718 13.745590948135707
19 625.000784647454 107.69788640239778 31.118523005463526 13.85857849081484
20 624.4018710482798 104.48069066492913 31.44749229238527 14.155125248517523
21 624.0174199927618 101.02345431904763 31.86878695302036 14.65427909926635
22 623.8549026463817 97.48946147826234 32.29497923905697 15.200437179223822
23 623.7148513018955 93.70580988988328 32.690581666693255 15.91314251800907
24 623.6410028759205 90.00433876838439 33.06654398512558 16.70204330975519
25 624.1280660590675 91.49568387288669 33.330363012299465 16.84165762557026
26 625.6091196755636 93.49275312397387 33.55824599085388 16.87161739852829
27 628.0010556845831 95.93438449587916 33.86085494918784 17.453800036231335
28 630.7817951024655 98.32006126690506 34.205960009795135 17.997189757155066
29 633.3647360264383 100.63444345625206 34.62686384134534 18.48789384485404
30 636.0982527638655 102.81445286506784 35.15748109453507 19.0769367224499
31 638.4597923450615 104.51103402030375 35.87708759529159 20.54783087035479
32 640.4663133997844 106.1801328530322 36.64826106726586 21.82906479169298
33 642.4313030075316 107.49266635310939 37.4019180045869 23.073856268554852
34 644.7270080364607 108.47831862768399 38.09349415891248 24.276214225797137
35 647.4177879657467 110.17077076604983 38.65341549526635 25.29201079062488
36 650.2492622021535 111.56546138013148 39.00726124070158 26.058064050080482
37 653.0129275359798 112.65440155516457 39.16101033885729 26.64675501579491
38 655.5743664625207 113.40093821936868 39.12449464588575 27.012745110368673
39 657.8639179298445 113.73608760420946 38.93682857712441 27.148579036841436
40 659.855666789745 113.68121993288378 38.63859382353963 27.077539006581606
41 662.1157136250029 113.16725990121763 38.26495073537849 26.866096081805345
42 663.4605905240469 112.51480847659813 37.847734285771075 26.586459273387028
43 664.006554301214 111.82018999762043 37.42711485430239 26.301874175924365
44 663.9670381891567 111.13811751348328 37.04750127843142 26.069139093787243
45 663.936259664323 110.60836057327747 36.75935334832002 25.973827877084762
46 664.0900112334206 110.35095080674814 36.59052347365236 26.061389191742208
47 664.8178533518366 110.55258209432274 36.536718730957865 26.327030828366276
48 666.443476941469 111.26501017003959 36.563559362869256 26.692231860792802
49 667.7183151984267 112.61913186616258 36.63226097646406 27.034281940453116
50 668.3964213166661 114.16792892956484 36.76086796350444 27.391190677424394
51 668.5512927705337 116.09594180767914 36.94508806739147 27.77765810285882
52 668.6215564071023 118.22246257581978 37.17315607042081 28.232285149140534
53 668.6382014614792 120.203514762095 37.433800930884 28.748162363682532
54 668.5474561282876 121.55827594198955 37.733615835721025 29.319167606372474
55 668.4481950145451 122.0495918206508 38.092098789049125 29.97701776703629
56 668.5935211539509 121.95504726814146 38.513529290400314 30.731533280304497
57 668.9690283227906 121.26506617817944 39.00068591650601 31.59023156748012
58 670.1886349715909 120.22568206835253 39.53187704963202 32.47064003160005
59 673.2551009182971 119.11989491667144 40.06987330778178 33.27415424399823
60 676.0984056198505 118.04325468714751 40.589577457363475 34.001708984584994
61 678.9601495468213 123.17559898588219 40.68796970481325 34.40198269252066
62 682.8522557355482 111.3801579677846 41.808146815229726 35.45175163841233
63 682.8014213389431 116.3072518394418 41.86030701930081 35.954181047819624
64 683.898379949311 115.88727178935794 42.13186593631178 36.49908677616052
65 684.6024673248137 114.77173891888742 42.35268071373639 37.03253322419849
66 685.2541019541495 113.11731560041933 42.52191507895888 37.56857542083031
67 686.0540034710823 111.0533829778388 42.63605803409748 38.06724174605192
68 686.7635350525242 108.80995750453869 42.68118066488796 38.46765400169373
69 687.1130998373161 106.97324045866443 42.620973463227436 38.707173020123065
70 687.116880387575 105.42963719837165 42.46824417946967 38.84208068074006
71 686.8468142807747 104.12299775361778 42.24127609099564 38.914519824583515
72 686.5088284367588 103.17045497319954 41.95898036380253 38.92949400296533
73 686.4800930366187 102.60935285819355 41.65105710859801 38.87377252897283
74 686.1029143722084 102.29042793004785 41.34207472469997 38.71008855198467
75 685.524505594391 101.9260879354712 41.046922713065754 38.40352980192715
76 684.5265803502307 101.39610733762008 40.806509968325116 38.02754830331317
77 683.5725653347953 100.91483285693947 40.692382349393625 37.75291269376193
78 689.0545051005101 101.6061449022712 44.703877651892036 41.9432889182491
79 674.1880025984965 108.44128641437838 36.52214269530753 33.085588379385776
80 687.6864366736465 98.4794786647266 41.350406513574654 38.07306079878444
81 687.4034128834099 102.75199238884709 41.56285353425174 38.84927402610914
82 691.982003663504 102.87153850221166 42.013495322286346 39.49159116523049
83 696.0315062893239 103.30396581612446 42.217262628037076 39.76390480821127
84 699.8543563998351 103.14915736955898 42.300769755702845 39.80550463535388
85 702.8593095785488 102.71986323716449 42.28064587677535 39.749507015902324
86 704.991887048152 102.13832526852485 42.19276262852334 39.667476059105965
87 706.5972637018613 101.64235438033623 42.07222839846017 39.5825111404641
88 708.2041681977836 101.3952943107853 41.95689522608233 39.51250031831912
89 710.1399586303639 101.39763028968339 41.8647254477806 39.47155596979187
90 712.3663142070188 101.53320675291498 41.7910327055358 39.4680581359717
91 714.5121705209277 101.70638963606513 41.73571112845095 39.50874013030749
92 716.471795383102 101.82676131957749 41.70640420125191 39.57272418247126
93 718.3975347514222 101.76342792669388 41.69419642775507 39.612222022570585
94 720.4068853874343 101.4983650396101 41.68919712461304 39.60936558495388
95 722.2997733481513 101.12916040303112 41.69508284970798 39.57432692984789
96 723.5038153167811 100.65121103492868 41.7016897921559 39.494587507678936
97 723.4172019794834 100.04480457483612 41.698752358160554 39.359725260844016
98 721.9585564467346 99.46721739464398 41.713691951396726 39.224161679207576
99 719.6550510453302 99.03780742376144 41.77346315897144 39.169139937482555
100 717.1490246540939 98.63549054299897 41.846796515587904 39.18887035513237
101 714.7294457220436 98.08445797777172 41.886827317423645 39.222817711414365
102 712.375024953375 97.45489576605584 41.88167277043238 39.2432659124492
103 710.1051824163166 96.91310610881803 41.853924680865276 39.28419476650177
104 708.1811071621428 96.53531728760096 41.83161015250187 39.3890381720666
105 707.5330116230415 96.3154329659387 41.831382181782764 39.55850652567922
106 707.8578246366518 96.20212375666975 41.84862783616135 39.737274402206666
107 708.397462162083 96.15223977885881 41.870449307424714 39.87415309523741
108 708.4659743387097 96.17256112569635 41.89167372216576 39.968614958461906
109 707.6886478173459 96.29481330809692 41.903702772335215 40.020497305441594
110 706.3281784329699 96.56109448781022 41.889626366329104 40.000308200101784
111 705.0510144046474 97.00868490925997 41.83943936635601 39.88331430906328
112 704.2415018276133 97.61881405339048 41.762624247016305 39.68447576590156
113 703.653077642831 98.27728467314142 41.68890838351106 39.47196829695574
114 703.0056853323536 98.77865416930716 41.651070661822224 39.32606488240056
115 702.258712144275 98.90578730654143 41.666224163067106 39.285871948454364
116 701.4513989162062 98.54472969142641 41.7331775819315 39.34503786500638
117 700.2362253317702 97.73118852761212 41.83115549403622 39.44716862491568
118 698.691137327122 96.63218908866482 41.92360676467901 39.49961684174925
119 697.4095070398279 95.52469065415073 41.98515389996789 39.470168495245375
120 696.2340995606287 94.72922161443549 42.023279061046246 39.44248217258186
121 695.2831464327007 94.45527437840737 42.060254649409636 39.49491063742226
122 694.8303536585797 94.69515030138503 42.10919140447394 39.57068785412551
123 694.6825286501041 95.29568856537215 42.17844557017468 39.55351401651033
124 695.9884493183299 96.09466795984662 42.288616864111475 39.47708978322712
125 697.5420823634853 96.97014475794927 42.47217301832979 39.56543138318999
126 699.2802500569245 97.86982079008106 42.73449731319729 39.63421033317815
127 701.373460681751 98.80127587776484 43.06585533274559 39.76033959735903
128 703.626021671606 99.75788391194929 43.43147517554339 39.98239206296317
129 706.3479096893769 100.69913639461781 43.79223484295608 40.28564181197461
130 708.8871251301064 101.4028483182301 44.09916219584426 40.62490280456019
131 710.6029824817047 101.80536206158403 44.344704307425125 40.96952068273243
132 711.4759533137975 102.12601438968147 44.58095596696551 41.354768959768435
133 711.7512852369895 102.5761571198429 44.85839857143314 41.73800712292738
134 711.8012280597779 103.12010894247547 45.183704457777296 42.26326239125681
135 711.929428860017 103.70585172552066 45.51933490227461 42.806544645944925
136 712.2277088582678 104.46634252737138 45.83004430232746 43.19816931808274
137 712.5575978312726 105.55091429301172 46.086107586501186 43.3981330821861
138 712.6541114143893 106.91736712225952 46.259832368660696 43.425926721103515
139 712.313158177244 108.4177264889526 46.349890667493824 43.397876437877954
140 711.4398622086734 109.97969441880349 46.39869467635459 43.666753095633474
141 710.0262731520797 111.59330200791533 46.41420563685353 43.937222218065465
142 708.6262006978255 113.24100668164607 46.41439513650388 44.200496594699125
143 707.4583409377811 114.91544709289653 46.41695682966441 44.48723125453503
144 706.208732051541 116.6074721718091 46.44138634562364 44.83515954120544
145 705.1546523873687 118.34926530495237 46.48651910500929 45.211685892179474
146 704.6238941173614 120.0707458846659 46.52745856995308 45.505734469320956
147 704.7304222298061 121.62478594661786 46.529209608791625 45.69347528151677
148 704.3381863658783 122.8499292019472 46.46647980396834 45.85692223783536
149 703.1973584639236 123.74835338897829 46.28259475171835 45.73564596355087
150 701.7702800368287 124.47291660490538 45.94563674862093 45.27247759613733
151 700.4241630657397 125.18109573232479 45.471836709602506 44.42980207302665
152 699.1435576077148 125.96516632181219 44.960621127147505 43.58585937220653
153 698.1188019066673 126.86369516941522 44.408939330262086 42.533496989311026
154 697.5391820397542 127.86782664377743 43.818921701142486 41.37939336838839
155 697.7024665309103 128.96507691080757 43.199191495852226 40.22370119165541
156 699.1667383656412 130.1249619318148 42.57501583738468 39.128960826500695
157 700.7343910737395 131.2614974575918 41.97105128060829 38.12365309120276
158 702.2178334731464 132.29889453921567 41.41547564913874 37.25189937607051
159 708.1854075250267 93.58590812752335 37.81348409494794 30.399971745297794
160 694.7813973544935 167.8594629987617 42.97197292828406 39.842088871813175
161 703.0246391916771 135.64972757555682 40.37744136469814 36.192549923509084
162 701.461911035643 136.081844517245 40.21932821714698 36.25710159071989
163 698.7290271461965 137.00075641097436 40.046001134934656 36.2956746465649
164 695.4456790206178 137.75084452230274 39.80848574100485 36.179282455778875
165 692.1704602331702 138.310680127443 39.522328777013534 35.92910904980892
166 689.231627624189 138.69635155392578 39.214519840872676 35.6066887154943
167 686.5962742847737 138.92248363870854 38.899915076351185 35.26751052837301
168 683.9593359466039 139.03620128881747 38.58768495982724 34.95951567981628
169 681.0832987853299 139.14691097648426 38.28505885917533 34.715646951620016
170 677.9617894426482 139.44739635557804 37.99970656688808 34.549762845297394
171 675.488048215073 140.11620053521995 37.75036241278976 34.47176466160247
172 674.1487543025444 141.33755093615537 37.5482022465859 34.45840092251692
173 673.3126593865943 143.02726365061667 37.39460384719704 34.471368536075275
174 674.1873162763028 144.98073282445878 37.268105693990705 34.43378667302272
175 676.0492184373443 146.92559316112977 37.14890743518446 34.284644676640866
176 678.8081816451493 148.5865026007078 37.02934020332673 34.004849505892196
177 681.87233006595 149.91087006429314 36.923857447037484 33.659660898943145
178 686.2592103444482 150.99254820167477 36.85772204601582 33.359587690934426
179 691.5044413614189 151.9598785485394 36.83363820811047 33.14491641994112
180 696.3551210391154 152.92468186327008 36.83480156605492 32.95518364619828
181 699.9636158338257 153.997794270581 36.8533050105108 32.72066125122579
182 702.0208843699475 155.25760743072718 36.89242724837013 32.42595506217169
183 703.5024592968276 156.6517833329003 36.94454124260136 32.09120148830454
184 705.6328891945487 158.0745043126773 36.98189013386998 31.734882003708766
185 708.4163603184418 159.462873863091 36.99405587421783 31.404870859553178
186 711.2808644527647 160.94375016266957 37.00724495210711 31.178109625906245
187 713.9321211398259 162.8233640168428 37.04301898077376 31.10295666009189
188 717.0401129063413 165.25465694413998 37.10192019705489 31.193694313290873
189 722.0272108253423 168.20131489705543 37.16448119971983 31.432069454689547
190 728.4574879209671 171.63309556319413 37.219161743993624 31.74836079951681
191 736.7934614327658 175.543341710337 37.25261279161312 32.078302913465464
192 745.2926578948283 179.94066971876236 37.242288721534976 32.429163201227034
193 753.0760065308116 184.76400928700735 37.17051881648059 32.879335619407534
194 759.3551126359301 189.76863533560564 37.05337298611727 33.472009127838376
195 764.2303144922361 194.54948385813273 36.92973013987353 34.135845549077274
196 767.4714709799416 198.7626632167406 36.83185046995982 34.75275842899913
197 769.4232994035905 202.3042313089503 36.789227558049305 35.29517590824426
198 770.4208161645014 205.26791618129144 36.828477526989985 35.83247005086403
199 771.6375125455558 207.7631872752601 36.94433220224491 36.39065402029149
200 772.9327184927187 209.87543376706745 37.09811230673256 36.895082864072386
201 774.4788366010333 211.7571257103902 37.25152040263394 37.28713845748576
202 777.2597917342653 213.5826149916444 37.37399537603077 37.597982280792706
203 781.418019136779 215.45110532850242 37.442801185691785 37.87604725006892
204 786.3827280189354 217.4058602661898 37.46992268236021 38.11103028677647
205 801.0672965970601 245.43607748468284 37.28118867926184 38.040515225634906
206 797.1857043229097 168.4243197647419 37.978804969001274 38.096818520450995
207 820.2006255251539 275.277412434043 37.339200239550586 37.468883599231845
208 811.7558946401864 173.49923777408412 38.30021992567622 37.79199659862497
209 830.2618824299154 281.58025769704204 37.81075900340201 37.300591679905665
210 817.5801065590891 179.06182591130278 38.50078739414463 37.338933936846516
211 839.9643018113691 290.85507987646446 37.97832811557711 36.575715694484
212 816.0909229956992 185.91205646458778 38.5197770434102 36.529899834163075
213 846.0544126895784 300.71998892412523 38.079681115746176 35.28846908173723
214 819.9044613321794 220.00357809781303 38.56736270334442 35.34255887963972
215 832.3383776468335 251.7344712043625 38.55060888223598 34.44458240672175
216 834.5515836561375 255.0385706141387 38.71842583450285 33.71752064610795
217 837.2390912921371 259.5244628750753 38.943403582483825 33.17030722215331
218 840.6757724157912 264.27104832338136 39.25341015785864 32.82788706061315
219 845.2338271828023 267.84468294718044 39.61459660853255 32.603894479054986
220 853.0448029792691 268.8442366284682 39.94535822548223 32.38853473280428
221 854.3737887910836 238.78971141577455 40.10942586530549 32.371640095830834
222 883.4199588503849 322.31055125051336 40.12850093932291 29.056189963703474
223 864.0176884861474 207.6853454540689 40.0746685146241 31.43796014024391
224 891.5786329654181 291.8737107676792 40.19583955039055 29.553971377545437
225 894.1674376853522 268.9201228606404 40.23536719811653 30.42068908769166
226 899.2669747272653 387.0294021326034 45.95934652142663 37.45767566479127
227 961.1167102450008 132.45046509303594 35.97798472171968 23.330441832237543
228 926.3540286703345 307.4013258305744 40.80856037593195 30.848568817177572
229 937.8293986146499 278.7513310925432 40.848019825313635 30.305577629858835
230 944.6125435569173 289.48802383687683 40.85236906751712 30.36403486940396
231 952.9542208390989 291.2422771938426 41.03222364111469 31.12006815704571
232 958.5524491116453 294.2578391447199 41.19195812955263 32.28198867486332
233 962.6410087264669 295.66014640034814 41.30343377877107 33.6138590644244
234 966.363823661225 296.006957453845 41.34795577783442 35.05196191335739
235 970.7920791034471 295.4898595789623 41.356196769173174 36.477400879357226
236 976.5352571792428 294.4610137298517 41.37898871228315 37.818910815331776
237 983.0527754007553 293.297641760849 41.44769166734321 39.00050629146876
238 990.5900731545946 292.2796418791057 41.555117987482284 39.93740543647844
239 999.6044900374459 291.53520989642027 41.66159461647926 40.54033012034064
240 1007.3151790713665 291.15004670393415 41.72785468909501 40.75003123212402
241 1012.6026559180618 291.22982795491885 41.74163520612299 40.573492964766864
242 1015.0677438405171 291.69778104080996 41.70921194380202 40.07324333342067
243 1015.1785740920507 292.0862480500371 41.64402914436269 39.348685995442374
244 1014.0153049882709 292.60120975824606 41.554353931534045 38.44817604275653
245 1012.8470206305046 292.6722840596743 41.472081058192295 37.46349878948546
246 1012.6697538086219 292.3658610240864 41.433411169832006 36.493347255294466
247 1013.576606663657 291.84854343285434 41.46013591044022 35.69053585166917
248 1014.7201372976305 291.31872101380566 41.584483163765526 35.138598690354925
249 1014.9913846473621 290.9635874714452 41.8031811517029 34.95080309169747
250 1013.8148862153798 291.1538342102788 42.107761990656705 35.064772991460046
251 1011.4948086239154 292.20799231414173 42.48875371862648 35.385827094233825
252 1009.1801799790818 294.630388844461 42.931348101471464 35.84364295700374
253 1008.3742398368832 298.62340860436825 43.402456865784075 36.387021690552714
254 1010.3912991188757 303.829424159117 43.8525733013198 36.929602806814955
255 1014.7965216350718 309.49491694543696 44.22874022174086 37.335657089960506
256 1020.953618283346 314.80243184312263 44.497482077715226 37.49474377656416
257 1027.7633732445697 319.68577404107316 44.666912159007786 37.419113325472544
258 1034.7183844674312 323.8515092223831 44.798663672824674 37.318969134566565
259 1040.7957322494683 327.3788374938673 44.97682302324181 37.49296525441663
260 1046.2328931777508 330.5014680650976 45.25939050913323 38.06688026349667
261 1051.7345132677642 333.3638010949833 45.65093559572747 38.89563562131317
262 1057.119897527337 335.9752800571324 46.15676134245545 39.745577581596386
263 1062.2926712170233 338.20259977628615 46.43362014932717 40.95171370444684
264 1067.2917221290145 339.9204521512096 46.67038477580753 42.082788734617026
265 1071.8599757872935 341.1160644213517 46.86278114901023 43.04738888040247
266 1075.570666239133 341.9685713130774 47.01385920284298 43.76475458592439
267 1078.1944600354614 342.7708436061432 47.12129972626645 44.22285072072669
268 1079.878448463889 343.31471919988496 47.17134917397688 44.51682676289877
269 1080.8525741673648 343.52633992003655 47.14535590097317 44.744362394940886
270 1080.8524948263787 343.25152697609417 47.036146563316606 44.92964126362215
271 1079.3428897517736 342.4913151601483 46.85942208867395 45.03285221523138
272 1076.3546014472402 341.38082323693646 46.65091720627567 44.9878710134977
273 1072.4575203987247 340.25792751787833 46.44928021904702 44.74107745824802
274 1068.7442038812044 339.347190522649 46.28399905782374 44.27814921236554
275 1065.7404537418065 338.8871260922824 46.17389536080993 43.61472500905847
276 1063.16084266648 338.68632941553784 46.12316737864788 42.79222187753962
277 1060.4629050589856 338.50807458309055 46.11612955452092 41.86909972219113
278 1057.3872893017785 338.1429455510219 46.13085611765097 40.911793762350364
279 1054.1387375297693 337.5947144223042 46.15882886035985 39.97464427784876
280 1051.2054641969867 337.0835391225426 46.215002493134435 39.104261889176215
281 1049.1667911128404 336.9491207449918 46.33326366642382 38.389421991301035
282 1048.1104607305197 337.517519320418 46.54183107264145 37.9639989189619
283 1048.904029004971 338.8843477826368 46.83674741896959 37.85999645549761
284 1052.0578735244258 340.81552400842287 47.18439779817415 37.95314370595994
285 1057.5937190386583 342.9446100383267 47.5567404752946 38.18723331116947
286 1065.0206038883452 345.00341311531764 47.94452456679896 38.690015642209616
287 1073.747652977411 346.7794510547918 48.32820292402718 39.5222083651126
288 1082.4252521024928 347.9680011642438 48.65514061859402 40.51493911963119
289 1089.7959887575971 348.2753140900913 48.86283645832221 41.464597269277085
290 1095.240290727219 347.6495635257748 48.91520556042621 42.32533366880807
291 1098.719843618089 346.224224618141 48.80679227579868 43.13092719136506
292 1100.4974900243321 344.0614741455936 48.54113955065636 43.82774461146905
293 1100.7845910404997 341.17199173124726 48.12789459096522 44.267692538477746
294 1099.777754132943 337.7626179574603 47.59957765126951 44.318290399276364
295 1098.4283987355238 334.30012965636945 47.01308206911832 43.92124898460805
296 1096.7675139309865 331.38139343322274 46.434680934823334 43.0863244071886
297 1094.4415688363683 329.540249650498 45.92299235203868 41.88114651601294
298 1091.0467834667281 329.01751643391265 45.51697497184529 40.41779077062609
299 1086.6083036302923 329.8183762395846 45.238207085711494 38.863319628770086
300 1081.4372818233105 331.80733318202437 45.065872351060776 37.41357983283489
301 1076.0916728192262 334.36085074368043 44.98364279131384 36.39184421542129
302 1070.4287524609908 336.9359880823525 45.010538923845786 35.91298361539252
303 1064.8536262958303 339.17401421228914 45.193150743602494 35.882897987045084
304 1059.342504892057 341.15720427431995 45.526921353106204 36.348681037951
305 1054.067095493101 343.18573399585586 45.91592286767241 37.49502084188149
306 1049.7777376759907 345.2575678924046 46.337743463205584 39.17082816100236
307 1047.0043568050583 346.9323161653205 46.75119120997527 40.900051415915804
308 1045.862068213581 347.70222710927504 47.09099463367913 42.269109417838564
309 1046.0501495880992 347.3078064418328 47.31100707941275 43.02254714031369
310 1047.4059815521744 345.73069082946864 47.39321575659987 43.12500157154132
311 1049.9721332916558 343.19132618649206 47.355403710075976 42.72768950597622
312 1053.600962007172 340.2231213009108 47.24529802740148 42.09794146148016
313 1057.9039345460083 337.53263973168004 47.147257772118586 41.46866798772331
314 1062.5550529553354 335.6897583299601 47.07308944126351 40.989742901744194
315 1066.9714891773547 334.93130100537047 47.042291976769334 40.7051884309892
316 1071.0035130494787 335.14818683471884 47.07450042647347 40.5978149175257
317 1074.3614379871385 335.98410557686776 47.13858598168038 40.58687577230871
318 1076.6960355128126 337.0717614555615 47.16484998046302 40.58171014291198
319 1077.6675974395862 338.26165879069066 47.16078157582514 40.55226714675628
320 1077.5607089659002 339.6350317898189 47.14358391037372 40.53744611947136
321 1076.7846048676417 341.40776807535394 47.13646405342595 40.579814221353466
322 1075.5096854160724 343.803221751976 47.16017700663429 40.685473058339554
323 1073.8659896953332 346.8833863361549 47.21575021684543 40.82295692750255
324 1072.1864603376498 350.5087864873065 47.29848835922827 40.963644297822974
325 1070.636766674511 354.45006057182223 47.40695137077969 41.12458605971378
326 1069.1443872994105 358.4595257343064 47.54171911476836 41.33432181617267
327 1067.8016650158982 362.28064726960173 47.69912345706336 41.58480438092564
328 1066.5996789581295 365.67132567443383 47.86674280035847 41.84290186258843
329 1065.3330730543487 368.4608504271397 48.022070532260635 42.069599954078406
330 1063.8018043748045 370.6254397159351 48.145516123698215 42.23146533041843
331 1061.885150606761 372.26390006612905 48.233270398735165 42.32271612132526
332 1059.3727173420034 373.49903979938176 48.28879086377114 42.36224429045664
333 1056.038246136018 374.4690246972631 48.319698403478945 42.377548968742595
334 1051.9348686909977 375.32184110761665 48.33845811629656 42.38994388233546
335 1047.4015605745658 376.1322908805024 48.35587253701612 42.41602885844672
336 1042.9543514264215 376.8828305327279 48.376762405069286 42.475550333449654
337 1039.2774611593825 377.5114199330151 48.40462781448004 42.58059500977765
338 1036.8921088382763 377.94642435184676 48.438738554049614 42.7227814747095
339 1035.679078871633 378.1599403526474 48.48292098755344 42.877198186908245
340 1035.0190365324966 378.18410316150266 48.53672130114677 43.01456946665768
341 1034.233695048125 378.0609185535227 48.595914753053954 43.10747013220227
342 1032.8111656495773 377.8154656242534 48.65270239708171 43.14849644731562
343 1030.6387881414462 377.51545837248347 48.69903380301794 43.16444266235575
344 1028.618188087554 377.31550160181786 48.733009267019554 43.19153018522584
345 1026.9480546717914 377.354836921026 48.758816656244285 43.23792865935879
346 1026.0018587726024 377.65108680937533 48.782911249475156 43.298893882607295
347 1025.6117960776755 378.14797648509153 48.81343218331742 43.382119098324544
348 1025.5013984277648 378.7866865607372 48.85489845256834 43.479109589627974
349 1025.6950351632045 379.52151287707414 48.90478057776488 43.55877267905298
350 1026.3579403494407 380.31909890606846 48.96114607217449 43.61294313749651
351 1027.6918663616905 381.1428629074276 49.02564341306084 43.66244906482157
352 1029.356503054283 381.94638276360354 49.09396072280719 43.718325886603424
353 1030.7577515168846 382.7052712040534 49.152964382250865 43.77163039799157
354 1031.636027230719 383.4509876054844 49.19187676720371 43.81243548647913
355 1031.891545617883 384.25975291502874 49.21115038194299 43.83360105091734
356 1031.4381280451944 385.2308897822117 49.2213912560499 43.82765937193375
357 1030.113714917599 386.4399310248405 49.237809912364774 43.80021777131317
358 1027.952880295282 387.82647786658845 49.27155355502486 43.77699122570513
359 1025.3020143118003 389.1521726642741 49.319551144447004 43.786163808095175
360 1023.0386240305345 390.136422552131 49.36568633212717 43.83629772053561
361 1021.7835576701762 390.6173221933012 49.39900722358134 43.91076703503138
362 1021.2994363817618 390.56443131894554 49.417589114407576 43.993704933806754
363 1021.280449967707 390.0167683290883 49.42215661152137 44.06958600509144
364 1021.1521313394455 389.1021084157661 49.411944864511845 44.10502765061895
365 1020.6860238732364 388.1045351838991 49.3930857361075 44.083178095183456
366 1020.1698279080163 387.384723049461 49.38132483791822 44.05067703788791
367 1020.0890693121478 387.1456645546606 49.38867049573184 44.06649460469641
368 1020.5980334955599 387.30641075865765 49.411548856621756 44.12796789253461
369 1021.4453596541977 387.6014176497804 49.43591341009999 44.188500951270015
370 1022.3340926092361 387.7820860900335 49.450106701319854 44.21690435277508
371 1023.0062249588422 387.76800638405916 49.45226836501145 44.2134620976779
372 1023.2306364104041 387.65689345503876 49.44955289759765 44.18534663009037
373 1023.2403056949196 387.6252966961318 49.4523188809618 44.13614199692226
374 1022.9299592865328 387.7996245219032 49.46547547227647 44.07954862012053
375 1022.5343668871225 388.18642497524223 49.484516047985274 44.04929372541877
376 1022.2726086532265 388.7108534729721 49.50122053137586 44.08419238562402
377 1022.1874226164792 389.26963538069623 49.510463652571694 44.17248827679241
378 1022.4996558080004 389.7553340553371 49.514112822845014 44.2333181517084
379 1023.4888424854935 390.0944585708402 49.519689740177974 44.213412474259144
380 1025.1143826378802 390.27386309354426 49.53263277101025 44.15828548250569
381 1027.1577433750206 390.3543010040701 49.55329014813788 44.14405387722567
382 1029.3506528989576 390.46241053495316 49.58034642314079 44.20760472107912
383 1031.8532443457536 390.67774333423165 49.61070794253375 44.33547249825298
384 1035.1182462640827 390.92282379328344 49.638837857971005 44.4589381319098
385 1038.388611380354 391.0613880920677 49.66053372614166 44.50524277667643
386 1041.398455048545 391.02920151508647 49.67279166573582 44.462735471096366
387 1043.9570070637692 390.77624419409915 49.67121725892589 44.362394892653256
388 1045.9397827852858 390.23140757626675 49.65383337463443 44.24351213572244
389 1047.3167131950102 389.3914072971589 49.62419797502701 44.145599098111006
390 1048.1620018348447 388.33441421392 49.587585770257796 44.081279154343754
391 1048.5594950291752 387.1669329471908 49.54829834318636 44.03181005579228
392 1048.4955119267977 386.016010833415 49.51140088806598 43.98902736977928
393 1047.9229622398923 385.03823969811816 49.48338761825622 43.96894437662987
394 1047.0632520419017 384.3902256114745 49.46737602627057 43.985429698626014
395 1046.3808072278548 384.1722026394231 49.46112107481348 44.0431376187111
396 1046.0419829430502 384.40761139025267 49.46520241528397 44.14715783096481
397 1045.8289350289187 385.0551870433804 49.48366523539523 44.285263007961596
398 1045.3941181415457 386.04179979724296 49.51692656117015 44.413400962439596
399 1044.7871644074987 387.31756962393274 49.56580321772607 44.49151130362525
400 1044.0222133728166 388.84813560145165 49.634948595056265 44.523707517472864
401 1043.0664606700104 390.56062284057407 49.72439487130429 44.54620369971346
402 1041.4845652037661 392.37244973482245 49.82522408398958 44.596239421815966
403 1039.614254660673 394.2311032873092 49.925460640636906 44.695690564539014
404 1037.4707653619746 396.03861905421013 50.01312555138078 44.84080044675142
405 1035.761019167376 397.61896658906784 50.077108438555044 45.00238088050845
406 1035.3365774536173 398.8403056739752 50.11323927517569 45.14954353273239
407 1036.8578178138582 399.66792104049586 50.12258587724524 45.26366877744307
408 1040.6145615350413 400.0696017829389 50.10235572292484 45.324282057008865
409 1046.3406805167695 400.00336717457714 50.04924745188193 45.31343411136527
410 1053.0667557413574 399.5393079817553 49.97146279160677 45.227744304166514
411 1059.6831500701287 398.90500870157143 49.88633481717328 45.072638715484935
412 1066.1724890868538 398.3831126545606 49.810650432638084 44.86108779187112
413 1071.8195858376916 398.2013249887287 49.756516593003234 44.61246510877872
414 1075.8489334241735 398.4260122385968 49.73298852419071 44.338011002186065
415 1078.1903278285292 398.77687344655726 49.73651925649797 44.028724803291965
416 1079.1089355663084 398.53924416545493 49.74858594119721 43.652560869311955
417 1079.153526648076 396.838362251854 49.74088516081694 43.222171108832086
418 1078.9373542157077 393.189512281158 49.69471396966187 42.81642217814716
419 1078.6792963998287 387.93696231094947 49.61387575872514 42.50586396500645
420 1078.4246747022657 382.2058355724013 49.53810847849051 42.32424552879152
421 1077.7769098792958 377.3758971420378 49.531246323801895 42.31077440710568
422 1076.5323245112086 374.61843716816736 49.64898387428687 42.50510554343485
423 1074.797614423953 374.62697711169955 49.92064475972911 42.9221829817582
424 1072.9935107896408 377.1676928966581 50.341693468566 43.53548630967695
425 1071.7666826178001 381.0326297271146 50.86335728191021 44.27303809698624
426 1071.6505375725405 384.88801872964063 51.41592946104805 45.03744682073163
427 1072.7814271046182 388.04358858099073 51.94311306875862 45.72881164794033
428 1074.9474797186892 390.47012732529504 52.41787631679628 46.25303056184788
429 1077.8320656303224 392.4475592578649 52.83268341521298 46.581533403960776
430 1081.4454407083792 394.25628398172216 53.18296636587859 46.781349599486205
431 1085.7054246359191 396.00388644680373 53.45407464503906 46.93315179326885
432 1091.1621571420312 397.52918048655675 53.627800671061195 47.05505005643545
433 1097.3518428842567 398.38365742382183 53.6891659448403 47.1383350292769
434 1103.6431076201713 398.0175010404122 53.618453834482274 47.191396456648675
435 1109.2893387126257 396.16009372589747 53.412844576679696 47.22796404537248
436 1113.780926803678 393.05987215505564 53.10144427288915 47.237810408649885
437 1116.8329424661451 389.3690107886025 52.731066538344024 47.18141070412735
438 1118.1043890579572 385.8434488207294 52.341800049078444 47.04981432539307
439 1117.7077533843965 383.013247188022 51.95937636990042 46.90543036820262
440 1115.6594425587014 380.88529016939674 51.590038150943556 46.81798241419368
441 1112.0426133480646 378.9821906503153 51.2218949576709 46.76429997154251
442 1107.3290382642604 376.79325872988414 50.84404476432436 46.663615964132426
443 1102.2911195039583 374.13608955646544 50.46427324381991 46.47829256837799
444 1097.1603047596489 371.143542590088 50.10040453646927 46.19046692016608
445 1092.322126034649 368.0700312312358 49.69928274459843 45.86184166557402
446 1087.9825298093938 365.12191100754774 49.172595814310256 45.62201766812914
447 1083.5598867976805 362.3838412430453 48.740412085172565 45.26953663081367
448 1079.1408498554083 359.7701151131402 48.40571183348176 44.94365725941084
449 1075.2752533193666 357.0238872504733 48.0985052918017 44.70259096371531
450 1073.0205650081173 353.8404747627363 47.76855285167851 44.40145004408874
451 1072.3235125571084 350.1244808019875 47.39333710824196 43.81542646087144
452 1072.4016558131195 346.1472616074529 46.97772787756251 42.83954453155631
453 1072.0826935406553 342.4276963864018 46.48986220259345 41.71695356986738
454 1070.9419405665394 339.3688111250015 46.04026392787873 40.631062272212354
455 1069.0229709652338 337.0816818167262 45.77851867804152 39.72126309562185
456 1066.9608022756208 335.435948837552 45.516795213174476 38.908703747401574
457 1064.809773746687 334.21672803396456 45.2539518954657 38.22661693905975
458 1062.4180936033883 333.2590032287547 45.02388246953279 37.74687332854421
459 1059.7098690655234 332.51139808244034 44.78340502744071 37.560186230927975
460 1056.676569797502 331.94811369444983 44.54128683058719 37.66271379114355
461 1053.8725691041002 331.4217956625686 44.300692951218814 37.8725395885787
462 1049.89758270581 330.6860086908425 44.10866208756606 37.93628268476717
463 1045.9728618332947 329.52954256242657 43.838413174025405 37.63342222983007
464 1042.3659747587478 327.7832831636168 43.57383967494511 37.1119706137159
465 1037.9132353644284 325.3352383433518 43.37315314895592 36.561048248085946
466 1033.0907619195234 323.0386391103771 43.184376765147796 36.00870567625584
467 1028.1207080075817 320.5424834417942 42.98882619148909 35.47021293101699
468 1022.9899257513243 318.14834451032164 42.76494772277933 34.97485382950251
469 1017.5567246836981 316.17725041879805 42.49666139192051 34.56193172493817
470 1011.8401440255261 315.3032016548119 42.19973272073871 34.212679684667116
471 1006.1063313783328 314.40174371822525 41.91086869715995 33.8657580557858
472 1000.4521458152773 313.3558692112119 41.619720021328895 33.58867931064523
473 994.6168057374206 312.1916945567137 41.30010829482726 33.40099807648664
474 988.136490119677 309.9116876818946 40.91252697446667 33.35852021295732
475 981.7258420282534 306.1351929652197 40.455223574065556 33.42114728262255
476 975.5353093205804 301.4929239100085 39.96144157003328 33.5153129940622
477 969.5714021521773 295.9683330063009 39.49211234430629 33.73882943180598
478 963.9843416920388 291.07114527200355 39.151908830399876 34.18489140334762
479 958.2669315411156 288.0533604728735 38.90203109116133 34.77432080884115
480 952.4899577332408 287.21155040356706 38.73537886535753 35.43901232083802
481 946.5165905554375 288.8358506014576 38.64024347991305 36.08297209727795
482 939.6302813767038 293.0044127755941 38.62780476003979 36.67940780588163
483 931.3589763314634 299.1037332373746 38.664548140203976 37.13446376276115
484 922.4795231250444 304.5240059658411 38.65279591324276 37.24256146450732
485 913.2989391446599 306.2684259659395 38.498693286646684 36.801768133651066
486 905.152317185195 303.6257796809538 38.21764021415786 35.761086182371194
487 898.4513049909758 298.5864961369362 37.90133570348307 34.38372638521911
488 892.518944991599 293.53597194646034 37.619767451574376 33.02935061566042
489 886.3331444519234 289.4568275839337 37.378662209996136 31.936194672475676
490 879.2465622771086 286.0757020506167 37.146706063148976 31.1785600633561
491 871.1328888675973 283.00458827768205 37.0240391958667 31.460987649738993
492 862.6008480795267 279.2074985289276 36.866504222243904 32.01216371534988
493 854.498298801099 274.41067047093276 36.69157278632856 32.59074536804965
494 847.9133341926841 269.1677091994468 36.59232363021559 33.0918354616975
495 843.0535186306349 264.4641027099141 36.63374447214557 33.50206506281955
496 839.231051841977 260.8947135361836 36.78064055339624 33.854476661487176
497 835.7702620520804 258.32389588698476 36.9233134562407 34.061756622096205
498 832.2561286219644 256.2673021524674 36.95804934036505 34.03886481695087
499 805.0809803257494 368.7324793238079 40.77023227688327 37.39378364682284
500 841.1249150308764 142.1396947233056 32.66710214373697 24.806567575601253
501 820.4680472611897 247.28588745166445 36.5112433786774 33.04310904086294
502 812.6627968447136 247.9522941842765 36.18240861498661 32.57613699242517
503 807.4073047021664 246.39528070911658 36.07562884617476 32.43935443393779
504 802.6616682606237 245.29449580576488 36.05370815202167 32.57847705189665
505 797.564527664497 244.78881090085994 36.092929417760914 32.97896042425616
506 791.8071839028677 244.75550046196412 36.18807668460579 33.55890866778451
507 784.7185689633623 244.8652712444265 36.32345841336472 34.165673053564014
508 776.8584979225702 244.70428695019078 36.47020528437495 34.71593049587834
509 768.6276502632801 244.02676570568778 36.60038666008006 35.15759041798335
510 761.0821589661023 242.88484201266309 36.70617599825437 35.495513781791004
511 753.8459581964607 241.47958295239832 36.79442754884638 35.69915671346514
512 747.4955068384138 239.97365418164156 36.87681834929693 35.77111773378957
513 742.4457664263751 238.4708985108432 36.977667547075484 35.82565345908571
514 738.7943447303943 237.04008625568886 37.12438195813695 35.98321642164615
515 736.8899137276836 235.6012997107993 37.315571563173705 36.23075198655441
516 736.5662600146626 233.8105733715158 37.515990008290004 36.45709091168872
517 737.4891004956548 231.26628004989712 37.6890755922914 36.580875241586085
518 739.0189580916107 227.86217214720872 37.82080204677015 36.593749857685104
519 740.2765173210008 223.85848162987253 37.90745702670208 36.52043392462933
520 740.7090824279602 219.7677695908176 37.94055816148509 36.39101893898813
521 740.1057226337101 216.19728191429013 37.919804991037836 36.213494893124164
522 738.1972029296193 213.4826497911743 37.855502597768954 35.98256535065512
523 735.053833784511 211.5136117532172 37.76819593648295 35.699332017458495
524 730.9921484980923 209.9289726791775 37.67839598088655 35.39708465105353
525 726.9768148532788 208.42319120116252 37.60423452707917 35.12607001917081
526 723.3651693135621 206.8589334802979 37.56065228185975 34.94436640970752
527 725.5598605710985 108.42478997663639 33.71639674734475 25.544389144715836
528 723.9016661580573 314.9432096333482 40.870000022545355 38.84889531522765
529 713.5493647588744 181.88453190357052 37.74560771327508 35.025305972883494
530 710.1656604123567 203.0037102685488 37.41688929671795 34.7103034327284
531 709.4029863371651 197.88844269416364 37.578696563329075 34.6622070736162
532 705.9251478040411 197.4959765934677 37.485469844554025 34.37893025649014
533 703.6488234668308 196.0356135541224 37.43096401409397 34.18023356194864
534 702.273612148547 194.71871200998322 37.38169739730606 34.118211460130944
535 704.2976964067839 193.29881207580016 37.37676453044334 34.26079905845541
536 706.466965613511 191.94723429474314 37.43700507158149 34.5789915409913
537 708.3845521480544 190.74786885445127 37.58051859589029 35.02080073592263
538 709.8245142683688 189.56874629550754 37.781182519615214 35.52986862283219
539 710.7456394623938 188.2037707354523 37.98263361698241 36.051893963267254
540 711.0737788366177 186.68392560022096 38.14193685133416 36.519296599811014
541 710.6559499386184 185.17904693193685 38.24944507887103 36.87547686315815
542 709.4883964630844 183.74037611003553 38.31891358520493 37.10422026321206
543 707.7607527620119 182.2862083911482 38.363031596562074 37.289942766836724
544 705.7281384022915 180.71713570789927 38.39487630074738 37.433018786313234
545 703.5020375712002 179.05013556185622 38.42285779791153 37.51536447362163
546 701.5418111348164 177.46064190968025 38.45784445995407 37.50365543921856
547 700.1170764152756 176.10532806475936 38.50059869565941 37.383744014601625
548 699.1272236006138 174.93839911744521 38.53099976447842 37.149103861981956
549 698.4495962193346 173.85492962790752 38.531500664375464 36.78501774240109
550 698.2269911729146 172.86111910953278 38.51670808698377 36.28547241131973
551 698.7716215036929 171.95832515831046 38.52547812576799 35.660894609808715
552 700.2497398095693 171.06920164885668 38.59521744960866 34.94666546167839
553 702.38055597726 170.1201011603954 38.74947061814744 34.227042694460124
554 704.5576141111533 169.103952745138 38.993530887826566 33.67117247128347
555 706.4928354246938 168.0673050125456 39.31797517358187 33.36372976651721
556 707.9924590640677 166.98956364347453 39.67698021880141 33.36722143554038
557 709.1315201845321 165.80102573832005 40.00107044254546 33.536428556464564
558 711.0996158240696 164.49819503444948 40.255759147115036 33.76625505577783
559 713.1865384331442 163.2807739819034 40.47559738050461 34.19272415191987
560 715.2944422271981 162.33400978957445 40.71396745333855 34.991494955221356
561 717.4765180686646 161.66082327806348 40.97845174716129 36.09606906113515
562 719.404195540548 161.15222171879321 41.23764510769576 37.284313527515025
563 720.7442367760498 160.67936215982428 41.468841483699606 38.405250048863984
564 721.3218783625193 160.15190729515075 41.6718935996334 39.43556046531407
565 721.7458435892862 159.5572258675833 41.842796213014516 40.415348890421186
566 722.7125014623136 158.92173963871855 41.97434748266537 41.293522638929645
567 722.7661314081296 158.2741920276648 42.05676808516271 42.01662629984209
568 722.3504327286138 157.6446633397495 42.08872991478971 42.509423960997886
569 721.827803876612 157.07593910597683 42.08479510554969 42.81738752925827
570 721.4117516888389 156.58988937652086 42.065585214352026 43.14087002238078
571 721.1444089099535 156.15156648249524 42.0385900703961 43.30962568556146
572 720.96821032701 155.6829062993002 42.00071267599463 43.30365167379761
573 720.8693655617597 155.13034459557846 41.951994874224646 43.106914176022336
574 721.0378356937699 154.47375039321335 41.89239410962772 42.72413182941701
575 721.6037326952624 153.71328424520783 41.8198224020343 42.40329234263198
576 722.7910504441714 152.89105971348874 41.742695394521206 41.88545640038965
577 724.2008089174684 152.05720935404716 41.67616648847659 41.239472298232165
578 725.7964090413406 151.23701692208553 41.62987865579544 40.55792733118707
579 727.4967212372121 150.4013941924171 41.59981161408397 39.90746355962632
580 729.131361674395 149.42879898594708 41.568859236274186 39.309287449880486
581 730.4564770880261 148.1389943216315 41.511809129004895 38.77714089929346
582 731.2322939907639 146.51047082006258 41.42354557016816 38.33992302199628
583 731.256427045238 144.8056043045676 41.343706199707796 38.0375150187195
584 730.6474142059011 143.29212407371853 41.323307423667416 37.82928744086255
585 729.6730485891994 141.98667046757774 41.36283722001671 37.774816485062686
586 728.5342479896793 140.8294723389454 41.44549096649743 37.867602745249265
587 727.418020289245 139.87457671437187 41.56208228736847 38.04016165271225
588 726.4734292115238 139.19278313514272 41.71299875874721 38.213319854134234
589 725.7114554864326 138.7659665415123 41.90292861404741 38.38510141618244
590 725.205034492671 138.52049964015416 42.12881179583277 38.62448991163959
591 724.9485412989751 138.43028871275357 42.37244397210485 38.98526584002238
592 724.8952911304356 138.50567687214317 42.59056780586658 39.42663334442684
593 725.0308231547498 138.6590004237097 42.7144974455581 39.83283732461733
594 725.4349560345556 138.71907745963372 42.686223044093936 40.09643659141266
595 726.0592300801759 138.56076573004262 42.503548183540026 40.159248180831135
596 726.8010909957496 138.12761239653216 42.228818032023845 40.04192440861742
597 727.6985181874894 137.42742554927355 41.9519798421151 39.89078585018526
598 728.3984103905523 136.62771918812894 41.732742171955714 39.883851729287485
599 728.7896227873093 135.92796332319148 41.59773604982453 40.08211647575739
600 729.0960863539087 135.40292155337985 41.525378047914906 40.351783050337595
601 729.0804035302576 134.8520922152347 41.455820711654 40.43330776784707
602 728.7442829596724 134.0103418710311 41.330053970961586 40.45363875994917
603 728.1132073340978 132.82658332843678 41.14549514669036 40.09540005538762
604 727.3195982269667 131.42127837497844 40.93786502766088 39.6715599962172
605 726.5521219853184 129.87208300036235 40.73882241645802 39.280818381396436
606 725.9537622809062 128.17966573301192 40.545039487330165 38.909723166561285
607 725.643538399989 126.39312113259395 40.34972910955713 38.563883981009035
608 725.742463353387 124.67571075058648 40.14958453918953 38.23198257691782
609 726.2666494397398 123.17546056540927 39.94395674350364 37.91094301915212
610 727.0598498597024 122.04471041350936 39.75302299495912 37.63551799657406
611 727.8870859114479 121.35437730666135 39.597903190168076 37.43573695342608
612 728.5461074144471 120.9918841469201 39.469806781679395 37.26240127478123
613 728.9302417135024 120.80397395605387 39.358847159376346 37.04923883512698
614 729.0911863975582 120.76552062858994 39.293872971375 36.83303178734552
615 729.2136983330241 120.9754123653344 39.32919902184487 36.766837153853864
616 729.4496812003214 121.46568970878175 39.49248261185287 36.945725848418355
617 729.8206846570074 122.15264592188554 39.76163478236864 37.296651199481055
618 730.3079211922345 122.94596804780961 40.10642514323349 37.736099461652394
619 730.9622855541492 123.79463562754249 40.51812263789394 38.28531462652224
620 731.8864727778669 124.68084135735067 40.99451667228573 38.96867351274705
621 733.1475079474743 125.6171377871043 41.530297701197924 39.973937650017625
622 734.7260598821376 126.64447831025205 42.1260169914975 41.35588353026023
623 736.5776839978437 127.80350286605298 42.7856032870641 42.86111364572074
624 738.6635314347764 129.0232640550771 43.52184460264478 44.55988529720213
625 740.8328543069252 130.17273435803827 44.28409501003266 46.493991235805275
626 742.959406463801 130.91868367865595 44.80393120253165 47.45232256969762
627 744.9838082386597 130.96213668863697 44.94028053094989 47.18382945879956
628 746.9244750690872 130.16487560765603 44.674586674605884 45.76653965529884
629 748.7980662566006 128.74983054547045 44.23506639620545 44.43809128573576
630 750.5185421286818 127.0262171162371 43.63089125338407 42.610581691259725
631 751.9362228569312 125.2514958027163 42.96349766306106 40.94300938795613
632 752.9369440542623 123.55575498724579 42.31462870163138 39.063330871083515
633 753.5928748639818 122.01402441816454 41.73083167206663 37.22223127742944
634 754.4489611830012 120.74262711739945 41.25775892897147 35.682349316656556
635 755.2671682516622 119.8249166476566 40.924848856028774 34.62970334365953
636 755.8341279461688 119.27786373056178 40.74511797573845 34.140243295766574
637 755.856714001463 119.09574358110436 40.73058227358115 34.23121665463726
638 755.2191133298699 119.25265209593827 40.88774180911104 34.88984088555097
639 754.130337570773 119.61934362851433 41.18491955508584 35.96273589155367
640 752.7479048025082 119.9283856049918 41.54592163303843 37.03784476428027
641 751.3081658899796 119.86689041119259 41.86406024224695 38.24490310932359
642 750.1939619244905 119.30784470894045 42.069240908029506 39.14099837846247
643 749.7137575739299 118.38638141699572 42.151041897145184 39.597125331888876
644 750.1580864618178 117.34829564837102 42.1477642498566 39.7561665151782
645 751.4695218918048 116.38699332196771 42.105444708827086 39.75117116453419
646 753.5737067581483 115.65376493311942 42.05575083404664 39.672815812892125
647 756.1707261596069 115.2767738858351 42.01185110089646 39.58429118741502
648 758.7555159848445 115.26062295960598 41.97346993394978 39.51761083771343
649 760.9680651248084 115.55452611347089 41.93786762101611 39.47429996967328
650 762.6342864933622 116.07550461483847 41.906866685113535 39.44810771781781
651 763.7398716066881 116.67185645549681 41.88398365420032 39.44187298860184
652 764.4603420739187 117.19258411458142 41.86821298936515 39.45748306575264
653 765.0071774453197 117.51977940166289 41.85445180484799 39.484449365470745
654 765.1866675133346 117.61735239407719 41.84112707059836 39.51835157371649
655 764.7907375172944 117.52611544775564 41.8356197355475 39.58430697499003
656 763.7402356820703 117.28822357587184 41.844284653277256 39.70753092854021
657 762.1175472080622 116.91987554622385 41.86589100692084 39.884639929713686
658 760.1074250342258 116.44196978291909 41.89765880019814 40.08933617333164
659 758.1403426250245 115.87213606944485 41.928067738169226 40.25016560955605
660 756.6036537108617 115.1717226925571 41.929525555242364 40.250600794801095
661 755.165452449731 114.30901345516025 41.890600002324824 40.05569815671831
662 753.920756486021 113.3851725379656 41.8343036320694 39.78082849174335
663 752.9793087628881 112.51387099196512 41.78390305546439 39.641303879842184
664 752.4091982678602 111.74500817179661 41.73500692255916 39.56788028207503
665 752.1433291806808 111.15060610793418 41.67488973731265 39.47711025094524
666 752.1432853307268 110.82516056293557 41.60631484945371 39.38413792801941
667 752.3433668706347 110.84876662794792 41.53950305524652 39.31878693459897
668 752.8963875687917 111.2352759920453 41.4836810981738 39.31262441002934
669 753.3981511214924 111.89648852923436 41.44080914020526 39.359712645826136
670 753.8083241849215 112.68713762960367 41.41863342671542 39.43820443115118
671 754.0295214107365 113.48980546043252 41.43889951060712 39.53212710975097
672 754.1726776692086 114.25193135632368 41.517170032454196 39.652190454792574
673 754.2232442500591 114.89670006234539 41.63654001664599 39.79580155268377
674 754.0963924183799 115.30398083976976 41.7547391041391 39.90972736009085
675 753.7237329561017 115.42161136993597 41.83739490182036 39.95575325748984
676 753.2180997439189 115.29842482005515 41.87953600507859 39.946324162321815
677 752.804356235887 115.0468157875744 41.89155835885852 39.90851226322543
678 752.5677894336067 114.78468211619946 41.88229706754208 39.86875459993725
679 752.3447013669598 114.5996314056382 41.85667478470892 39.83474375617938
680 751.8935244960417 114.5444405376329 41.82452962292255 39.82063189197759
681 751.1406529837332 114.62310726092787 41.801661905545735 39.8408243545733
682 750.2374376644545 114.75760038882188 41.80014208787975 39.90051546725127
683 749.3264872352523 114.81713754118606 41.81624694852431 39.96091996424925
684 748.5428691812346 114.70925001721871 41.83661160892695 40.06458734841955
685 747.9154306100295 114.43100652137659 41.85465346135108 40.14926824410608
686 747.4709267636168 114.05415330151952 41.8760218385774 40.18227641729798
687 747.4068230882195 113.72762079066725 41.90903846929107 40.18868052045328
688 748.09556089401 113.50414340978482 41.96646964693162 40.23034489216993
689 749.6883707350652 113.41219317106886 42.04024840076384 40.28394570578342
690 751.868438281114 113.39579487256732 42.11266507759224 40.30255650854281
691 753.9793476102918 113.31171913704837 42.16465874452715 40.29082965018295
692 756.0458959306386 113.01677970921702 42.183375802668415 40.26178199599292
693 757.4387785935218 112.52062407926462 42.17598080446062 40.23274853453114
694 757.947042782563 111.97559231290916 42.1691185379436 40.22097628610976
695 757.4808720126468 111.51012120173922 42.18063566570317 40.23203047784024
696 756.5563316284318 111.12334232192792 42.20323286426936 40.25076302269941
697 755.4607971737587 110.7924807120938 42.213302164596975 40.2393773713934
698 754.418764244126 110.57842045663425 42.194023598138116 40.1579941545389
699 753.4122627463743 110.58251463969631 42.1473666843247 39.99994449222829
700 752.3324620532297 110.8301298395198 42.09096750902765 39.81432156301927
701 750.7682846975104 111.19351375472498 42.035956847193454 39.646290898274536
702 748.5268486680034 111.44854296771966 41.9816409456832 39.50225910136652
703 745.7905077082289 111.42751740750275 41.93859995955502 39.41625652119436
704 742.6794601922307 111.06709515812797 41.92002852660845 39.42484261583022
705 739.6452172051577 110.3653083573697 41.91169955007794 39.47268171951155
706 736.8193275880468 109.39273154361736 41.88781462727877 39.472876486066774
707 734.8970515042835 108.45219814363686 41.835589897019545 39.38376571879157
708 733.499844307593 107.9114519330023 41.76163517003214 39.206206756945924
709 732.2670254265056 108.08669162248589 41.67380258607726 38.928135518078044
710 731.2051778113358 108.90322713875524 41.623101837994625 38.61230005376278
711 776.5017278526833 114.41506547319663 46.57893826864638 43.58327223161815
712 695.8483777026393 110.79490082689664 37.152502917953235 32.5275377722741
713 721.4291047788503 113.18499614677363 41.61947514903555 37.39812718810117
714 718.5002156118526 113.96945589901485 41.74865962159658 37.09448403812578
715 714.6701269226708 120.264151407873 41.687653417815035 36.78306632931688
716 711.6801157633839 110.82977072552919 41.74622082105544 35.86273592818227
717 708.2176143383689 116.64130403769886 41.595260570972854 35.43835187791033
718 708.4802780230866 117.29698740223697 41.456267623240365 34.78979751336143
719 707.4648586666783 117.63743678293577 41.26729464774197 34.08584231543164
720 705.1047733918684 117.64448119042392 41.05888423131556 33.37181256626323
721 701.9410666335923 117.31038782892858 40.86038748567731 32.70748538622888
722 698.8322957205871 116.59851140893429 40.696681582314675 32.1117816821224
723 696.8772848347069 115.44251411280152 40.581593421937185 31.601100276996654
724 694.011016921874 113.9010999755598 40.52565115749876 31.168767843979474
725 692.6157643854722 112.10128292732468 40.52476342008577 30.800350655180996
726 692.9810172811973 110.26773923540537 40.558370743741904 30.472615747847172
727 694.1026895360636 108.58004123207941 40.59863314646669 30.154865940975345
728 695.9344842813414 106.85397337868157 40.627612223682554 29.81182827877432
729 698.3797253384595 104.7148951390749 40.65846942080875 29.45604194670265
730 701.1503156721747 102.16775638319982 40.732200266688366 29.197087844691936
731 704.0911142388695 99.61157690674573 40.85900137645947 29.034762402994065
732 706.1595121145153 97.37256385591253 41.02900468945736 28.976784790128384
733 706.9359423191457 95.50861653735572 41.230257094364866 29.01208564403501
734 706.1830857698607 93.90341641318754 41.437166671669445 29.070710111127003
735 704.2258478493943 92.45927636815719 41.61890694388065 29.083528623979745
736 701.5309298721085 91.41599873977239 41.77471728719697 29.09772196073212
737 698.7074477701207 90.79591677378815 41.871912847538134 29.062446430220128
738 696.7082185353746 90.48024289702107 41.90471433178718 28.983658240543708
739 695.2956320165189 90.79881509071728 41.88931387666572 28.908145534583312
740 693.6054193019357 91.1235210487147 41.81138729423085 28.794256794360766
741 691.4053060176126 91.4706061682985 41.66068833242447 28.61533274502249
742 688.697422710474 92.08663959928292 41.43267465498955 28.329929081220115
743 684.9332331712048 92.27036669123179 41.1377591530029 27.965164561405427
744 679.994096952444 92.0801072873174 40.8024763430211 27.515018635199347
745 674.6535975752595 91.41957875390295 40.450032519464465 27.02428873739173
746 669.2723059553823 90.68160898150293 39.99933899208769 26.19255621440292
747 664.7018833878567 89.63258331867162 39.51729921943561 25.249897156201023
748 660.5892394074338 88.3048754607083 39.00804077461429 24.201179686150063
749 656.9061488216673 86.75321988359046 38.48763657882156 23.063962305408104
750 653.4482750353011 84.99425340634953 37.9863734055371 21.791372521367883
751 650.1642793483328 83.26943740764783 37.56649284766026 20.97618166157105
752 647.5505494345691 81.59741630807294 37.267611765797184 20.675437269379984
753 645.4543418119135 80.08987372674979 37.03735830763212 20.610933194190665
754 643.7989380053215 79.89753495912548 36.76887495676746 20.365218554190424
755 642.6741166889743 81.14956748053717 36.44503264217132 19.95195322642284
756 641.9388620106979 82.55929886727033 36.061427141312336 19.360806198502935
757 641.3788778655597 84.83849067848803 35.620636116867736 18.69847234951552
758 641.0353538112746 87.21708028680311 35.17368459958896 18.064892191560396
759 640.9975780512136 89.85246043589105 34.75786150055779 17.440163390076027
760 641.1431175365675 92.66500311279833 34.411941648358415 16.84029892126594
761 640.9567931781507 95.45072553176472 34.17110407015515 16.288243912123598
762 640.3806753804412 98.17719093844961 34.03723015771794 15.904904259675964
763 640.2181609519647 101.19637351318035 34.046374610949236 15.706567646970985
764 639.9781362085492 104.67781331804431 34.22269155080984 15.668994440668145
765 640.169353230998 108.48593692185369 34.58042162131651 15.870519244695833
766 641.2414696532425 112.692355110736 35.09231764384114 16.3099150981478
767 643.4363459097873 117.26477075639053 35.697389007855136 16.92314885977649
768 646.3636716945946 122.06351882610795 36.322913241911415 17.60729928122743
769 649.2742936657945 126.49070954259015 36.874542208068796 18.275228246615267
770 652.3714323015533 132.22008154151908 37.34175983367855 18.827549389116335
771 655.6395546285012 137.8474925274592 37.68997577939313 19.182691978770894
772 658.1420332406059 143.1726506224426 37.92066220375137 19.317535738541736
773 660.8814428520193 148.02844771295443 38.05261458088152 19.223677771451648
774 663.4398097616145 152.39195180139512 38.10048904594939 18.924444818865762
775 666.0288224484531 156.25767690945125 38.061023449686864 18.528940185122174
776 668.3190638230636 159.61841526716324 37.97366911244796 18.085528409905425
777 669.7954583627034 162.72589308312712 37.83728009604112 17.612993889778853
778 670.5400550614125 165.6367716071109 37.65196164742884 17.103271802283466
779 672.4261508767668 167.66908657368896 37.229891084817574 16.332930753253052
780 668.4665581893911 172.4717670319327 37.452345004327434 16.11532908370544
781 670.2724782887036 174.7587969835278 37.073692545410594 15.147620451572077
782 670.4118123078872 178.07915086545333 36.929019050246715 14.137359206824478
783 671.5856395841524 181.45458354437045 36.760024976308365 12.611074873154394
784 673.1059532337921 184.55382912101433 36.490892353628944 11.171038507740663
785 674.7113520347782 187.26025790128023 36.060021678336334 10.889084031657667
786 676.0708083623043 189.4836555957822 35.566520804458484 10.576094195686014
787 676.82566257693 191.29105344470585 35.03393887852818 10.262387768131909
788 676.7341343161545 192.96584229926268 34.49439840657806 9.908973645268658
789 675.7223073653863 194.45320164723165 33.825969489391255 9.752970364411942
790 673.7651174487305 197.55058765439028 33.17359871704835 9.755329462849076
791 671.1261943989634 200.94993572171094 32.497252771399275 9.734872711404172
792 668.095449120522 204.16685068495823 31.80906309946341 9.696736273533045
793 664.8943737757069 206.9087639977697 31.130249539551286 9.662388871472396
794 630.7385440353698 235.9282383966693 34.27750137795134 10.31790001167632
795 711.9189818905675 200.15411034579034 34.85087825358507 12.768815599809347
796 653.0518277129866 216.29217190184053 28.95894128281741 9.632628563286099
797 652.2942587855657 216.3386711756602 28.737710563379665 9.693132206090597
798 650.1894494037026 217.9729305955304 28.195274397644848 9.741937063574346
799 648.9288329138811 219.13877359839586 27.760383496004685 9.806152808900922
800 648.0597583046596 220.07680093436895 27.430753854936807 9.880911751218138
801 647.6811964862617 220.89731020703718 27.24569369650443 9.956189261006251
802 648.4623829215094 221.62748485737032 27.21499765469952 10.047001582200126
803 651.598620849766 222.29811198563533 27.383595774694225 10.166415025075985
804 656.2308848097401 224.63901388453363 27.576934551961877 10.326800675385437
805 661.342622432946 226.57110316617752 27.81526190880492 10.458711218297394
806 658.73931724405 232.15265567501268 26.934391776192257 10.405859071178368
