 Trunk Shoulder Elbow Wrist
0 491.07490776623393 148.4901824588663 22.899228602723852 9.068397339548987
1 494.48494858265747 148.73081143654804 22.995840101010963 9.139567781172588
2 499.4935151520716 152.12396133089746 22.584160536274712 9.026682592229289
3 503.30726517745796 152.63530715244343 22.72999270780169 9.06098142691072
4 502.89217092628445 152.50841281860679 22.62917313389723 9.058535654607397
5 501.5955572840101 152.10380093483639 22.567238336229853 9.112851406583754
6 499.2025704826332 151.47748051428545 22.494035371066367 9.177102597275873
7 496.08189233148005 150.74966832307575 22.4243830315217 9.238509256136322
8 492.5708193922273 150.05298936758155 22.3686407385369 9.296464988717739
9 489.0222142264515 149.5033879196063 22.339803880256895 9.348021993138582
10 485.906681519717 149.19107973982253 22.35113255098157 9.38934640640698
11 483.5221481679837 149.17534702690008 22.415200254846635 9.416040625720871
12 481.599033073443 149.48412820675927 22.54253745494304 9.42391137379852
13 480.194080666483 150.11627378509183 22.7402413338282 9.4098375931156
14 479.27313582878173 151.04554484449633 23.01063352407732 9.372757465511627
15 478.7458571957617 152.22556343131504 23.352911222842636 9.337461792277573
16 478.49254855767873 153.59516890814328 23.769337031950574 9.409563776670591
17 478.3880686375435 155.13821584066534 24.308247681857438 9.484475771293683
18 478.3213881007155 156.891948107716 24.848357516812207 9.583111664759752
19 478.2077081601853 158.75199428342623 25.365502793485927 9.67333985261809
20 477.988487785614 160.5216135663272 25.866612738728904 9.758670315566606
21 477.6425058664734 162.12241692806805 26.32254554994381 9.836309582095938
22 477.358949525891 163.48332816901134 26.708547959434277 9.901574519187161
23 476.9835857741085 164.54387111231208 27.006400106064266 9.94840179820643
24 476.49733903059405 165.29846965679386 27.14566128012459 9.971846037275235
25 475.82832280537053 165.65977051964674 27.2059096100156 9.961893007541434
26 475.2357257870015 165.6244401522838 27.191829057056644 9.911727058618625
27 475.5767755436542 165.21470948879477 27.115609008655184 9.815761572568386
28 475.6951259645767 164.47602913454017 26.999923014125255 9.670369342712874
29 486.6442793907282 141.78557864287336 25.556838007994166 7.662210705605755
30 481.11494001746513 182.1771652789221 25.655862375118907 11.0672543827536
31 480.1156189057789 162.06725395418164 25.592407521520077 9.037051327898617
32 478.82439337345295 160.2670963259422 25.31856068213404 8.61115289788824
33 478.56343413553896 159.215411818234 25.12946019541888 8.387380012032276
34 478.1383537178097 158.3677595288619 25.028245278701284 8.28077952895768
35 477.17494858318923 157.71311272902122 25.053979612329606 8.26598090632851
36 475.6282610065346 157.2363801885698 25.11379450940788 8.687732158705206
37 473.9921098107504 156.90124819318632 25.2965713909213 9.207204993559916
38 486.40437158121847 159.42541124565412 26.591032823483403 10.565977626478496
39 468.06029286924735 156.8147739064817 24.877118563945977 9.753028710670742
40 470.87171751132394 158.43461183184306 26.19869913322812 11.081711054729977
41 470.4743520075679 158.7853053168143 26.546273912648427 11.664424780339038
42 470.48075610602876 158.84961533045208 26.859388434440962 12.189426014459752
43 470.8877491838031 158.57044583933998 27.14188769589039 12.579521141169948
44 470.9650933341236 157.90308942882731 27.360616784009068 12.890248907440272
45 471.20420705162286 156.8008523195215 27.50713458821904 13.13724670407959
46 471.26740775108414 155.4943772413065 27.56038562364404 13.326890615924853
47 471.13091435001326 153.85658470263112 27.538363961337403 13.443388914991305
48 470.69684367700677 154.12558401306694 27.38939217810292 13.49023541505134
49 470.000677768264 154.9735877823892 27.210166434025723 13.490835911564488
50 469.0551492195552 155.67598022550678 26.95776833249859 13.440478542339745
51 467.85784104437687 156.28416047578534 26.64820708076169 13.346067861699312
52 466.46464801227967 156.81273217084916 26.281242985392204 13.216562900873596
53 464.7991839933082 157.3830155909988 25.91821251614454 13.046757077285676
54 462.83189970286134 158.03076022959442 25.570906650344337 12.850094949003209
55 460.5398615533162 158.65840107371233 25.18488153955975 12.642970657464366
56 457.941018470884 159.2746791527108 24.776476852255346 12.428290969892746
57 455.3500489157076 159.8707122504602 24.359108028778433 12.213900292494621
58 452.6646714328927 160.7099948901396 23.959380783173096 12.012590282840204
59 449.9485911826334 161.9980220078966 23.52526694455912 11.824373586729873
60 447.10705508471284 163.1233409234514 23.125446180993226 11.677933221950966
61 444.46753345193576 164.0260950964259 22.81461399912162 11.53873807957704
62 442.05107662583436 165.6328613012941 22.597962022689348 11.4824390094068
63 440.11792307112233 167.50367311280155 22.46151819501129 11.493297608875888
64 439.8609531159378 169.82618454924275 22.406268811989136 11.56934026586498
65 439.6892940161775 172.27437361537864 22.432720412060153 11.711845613083671
66 439.0991265650122 174.93732388017594 22.541134525243645 11.914213445623071
67 439.40740538959716 177.86447226873935 22.72192066680727 12.170019114483663
68 440.5679042429224 181.39004999833668 22.99147881914236 12.451552158226946
69 442.93602541531595 186.38681038785722 23.299443262635847 12.761026998103695
70 445.980070054745 191.1324232907016 23.615208066580788 13.08055620234129
71 449.66224510692336 196.03043814389883 23.934447069156988 13.403874010879225
72 453.98018061536317 201.13070941643608 24.21801376482524 13.68927796075749
73 458.7372060903832 206.3932952226304 24.43437351824272 13.903870250124653
74 464.1298073580812 211.72150423870642 24.568158794118837 14.029459965818646
75 470.5431087713542 217.13933816454633 24.599753872985698 14.049196966217746
76 477.0536162848545 222.8885029866528 24.510543931463435 13.94498876522165
77 482.08599180652953 228.56294356153762 24.306635495788548 13.727913926265755
78 486.2425431849852 234.09710637994544 24.05638104813532 13.450634315890966
79 489.4806106017512 239.45884436905345 23.73557668448007 13.123202834766015
80 491.28911006034883 244.60728954389876 23.45503905572528 12.72581697365412
81 493.07516808987594 249.48704542235058 23.228027574324166 12.297853070665564
82 495.1277197652124 254.06876763129284 23.04769688491929 11.887153035140281
83 496.79540434372603 258.4368511303905 22.940367997530306 11.525821604239791
84 497.05120314094944 262.61037768959056 22.920024485191043 11.246285657801433
85 495.4698126957372 266.64414577075837 22.99371690713574 11.076546440733281
86 493.3807607494787 270.5484874944551 23.151922992747895 11.03748249159361
87 491.64698336938415 274.38776060864416 23.402176401578917 11.139480706990527
88 502.2104351078367 278.1732512560386 23.739148359755614 11.379970083891408
89 511.1092837796152 281.9105391796453 24.15305345403956 11.743158682680084
90 519.2623207558855 285.4920298977337 24.615720666170564 12.204858899308395
91 525.837090730206 289.22019079019896 25.147706878566 12.720617239557855
92 532.5172768431067 292.9993045233541 25.7007378262369 13.246072916877294
93 538.9185675958755 296.5166929761785 26.261605464282212 13.71744175834064
94 544.0628076163717 299.6994781724579 26.764054600821115 14.10408959580382
95 548.9640734975299 302.46664043054784 27.109492223941793 14.392289794323016
96 553.3350392188137 304.745824058263 27.277904774012818 14.542411749294807
97 555.8088182565291 306.4791912260991 27.252029968936895 14.533576330466163
98 556.4835335136326 307.6248233815246 27.028279378730808 14.362649284139668
99 555.5258650569325 308.1591905319051 26.618411365997712 14.045784191523994
100 553.4560016185587 308.08029973973254 26.044942543040694 13.622354720774577
101 550.169372084709 307.4088963831519 25.33840959075338 13.145032851964903
102 547.6597188412835 306.1758082787266 24.688711770654866 12.60750448776324
103 545.4613640076826 304.48513010069115 24.058251173439462 12.113728273735926
104 542.7893599554342 302.42291514478245 23.49480098078057 11.724872612070593
105 540.7776342401634 300.1210774258084 23.03760785624047 11.49194754144847
106 539.5719266916544 297.7597762014782 22.71917279825522 11.447526194325675
107 539.4163854764457 295.43683295804027 22.56443298410362 11.6018835161685
108 540.2575823449815 293.3956350858084 22.593261213497435 11.942437056631338
109 542.0915360056472 291.7748224716611 22.92442283876689 12.402428477713622
110 544.5841976192644 290.700639424379 23.458889905925606 13.020515467700875
111 548.7702810942508 289.41934449404584 24.012183512310894 13.743287194517096
112 549.2069366303805 291.78176801813015 25.069053074159598 14.61909739923937
113 554.3804114868808 291.3432263889816 25.711849206072937 15.300360912971573
114 557.8090339234404 292.67983845469166 26.50629765373426 15.877586840042433
115 561.1353680672079 294.4425360373736 27.232562360894885 16.37410685283978
116 565.2141694651842 296.4214681497433 27.875374159768477 16.80837891010406
117 604.1536918251293 304.9001023105825 31.90278327659606 20.175024369643875
118 541.747398261885 293.0160124892504 24.94383147649976 14.076045050771851
119 568.7133012110266 299.99434973091826 29.477626605386863 17.745765811467667
120 574.2606089788826 303.489399566033 29.565137787842925 17.840492921497564
121 575.3933747388455 303.50287863556815 29.85847149782873 18.024331358134507
122 575.771982267542 303.50559455652547 30.010624112300196 18.115925744159878
123 575.6282052272174 302.9199985305859 30.11018769728165 18.175855996942406
124 575.3151243813378 302.0520621320671 30.147964910447822 18.198288041402765
125 575.1361689439308 301.04101387247084 30.15269779949258 18.204901042936918
126 573.3376147009975 300.07809957930033 30.133890192630673 18.201672484978126
127 571.8097076937138 299.32395574852575 30.10190635428958 18.196408119165277
128 570.5941422399972 298.90227115481014 30.070785335753833 18.212972067445232
129 569.9108038323053 298.88464454018765 30.04155768955222 18.222555005188546
130 569.2735594686357 299.28692979358317 30.022956870391646 18.236848918066787
131 567.2893611704465 300.0729174252856 30.017904842837755 18.25800753592496
132 565.6378485023074 301.16374484124947 30.028547355603877 18.284691616740385
133 569.6766801509846 302.45676210598083 30.053325386277344 18.312437690448643
134 573.4839665954797 303.8299274751024 30.08783764819883 18.336196373210317
135 575.9946628980058 305.17239172551876 30.125937431701946 18.35083466333326
136 577.0840234305094 306.38389371506906 30.161087630236285 18.352092620359638
137 576.6709346581584 307.3871149294878 30.187429118687504 18.337368841661533
138 575.2530090948001 308.12095887350955 30.200656789559886 18.306323187001485
139 573.258903855767 308.5588633009907 30.197611717620422 18.26436521009755
140 573.4321109839171 308.6930242541274 30.177497600355267 18.219237798419154
141 576.5938034780705 308.54721516468834 30.144638759714525 18.17142896170289
142 579.7687715609327 308.14233837951684 30.103623674556044 18.12649281472519
143 583.2369241496658 307.52950985078553 30.059439815271848 18.090494133094886
144 587.3373306941052 306.7548392655446 30.00347888644025 18.068278959753172
145 591.7521848063102 305.8691548728189 29.944473270397413 18.068458814031445
146 595.8235569479953 304.9195092865215 29.89685218195233 18.088445876620586
147 599.6728602836771 303.9466212954538 29.859495004244724 18.123525993558378
148 602.0882792205489 302.9815104965958 29.832757011519533 18.174001752030442
149 604.4223348797796 302.0434340583822 29.814628458849867 18.238460053728875
150 606.412228639933 301.14050294421156 29.800146000094824 18.314561026882192
151 607.8442198879692 300.26245470742475 29.790897532951323 18.395576446781835
152 608.5706911351119 299.39317999614747 29.779418903735923 18.477795169470795
153 608.5078954994816 298.5060225082704 29.763213704892756 18.55664556513755
154 607.8599130422418 297.56959113073725 29.740596590607797 18.62820131072524
155 606.6573412393086 296.5526744548497 29.711050702932784 18.688999590010745
156 603.1707648559246 295.42974352963626 29.675867674334626 18.73633036905316
157 598.8942446320152 294.18655574002713 29.636794461704113 18.769638989696073
158 593.9449902374282 292.8252302606254 29.596866346145024 18.789943514314974
159 588.8628451389943 291.3661230437951 29.55896273145741 18.80056973448128
160 584.4203595605736 289.85623232198145 29.525986352783466 18.805632116574934
161 580.1110769438494 288.35713319416084 29.49993416209684 18.81106330958019
162 576.0110384235537 286.9474165475886 29.48147339845181 18.824132093171166
163 572.4200697586352 285.71381411677555 29.47012408508543 18.852426054513632
164 568.1988599752037 284.7413979249588 29.46209064111053 18.906196739728312
165 564.7063199840603 284.10588677793623 29.455091729935514 18.99201512305889
166 562.0449423227238 283.86446394655167 29.45040779506868 19.110065369552714
167 559.885759974829 284.05009319484384 29.447155923539064 19.2621739518256
168 558.1873331763412 284.6681995521963 29.445298300384575 19.447670932435535
169 557.2839357648497 285.6963493623543 29.445900553349123 19.66305724770086
170 556.9300527127442 287.08625347648274 29.451140412971064 19.901321893897006
171 557.3012332269099 288.76818491335877 29.463437684189223 20.151916083422655
172 558.6049024471242 290.65745454576347 29.485785487925874 20.39925596931408
173 560.8161170535576 292.6605783850163 29.52051071741608 20.623326923676967
174 563.7304360304996 294.68434644009307 29.568724782345893 20.800062592607482
175 567.252338985877 296.6416368030846 29.629026071012742 20.90350822916754
176 571.3290474706968 298.4578427928628 29.69933108253255 20.906341337035123
177 575.8137464068067 300.0733943218289 29.77310789372456 20.78648675327999
178 580.5464592257438 301.44573573061183 29.84260723550502 20.52772687152617
179 584.8328591779034 302.5473349101636 29.901135555856495 20.12021741241562
180 588.3223876807299 303.3734730675715 29.94500965827041 19.562371114491146
181 592.1348414809283 303.9322464935901 29.9729486721912 18.8670772396703
182 596.0499884870776 304.2567795829375 29.98526469585587 18.066280425887726
183 600.1534858253267 304.4085900077964 29.99078852877425 17.207551056801034
184 604.4207493287548 304.4713005805967 29.96683153776003 16.353510616009736
185 607.8805727485632 304.5522262561213 29.887263355003505 15.628394229900518
186 610.9007338470793 304.7813153467727 29.78390772231895 15.127581243424101
187 613.8913094068212 305.278739924971 29.8414404094815 14.598940130982074
188 616.9519773581743 306.19526590712974 29.891498607444134 14.44712934183917
189 620.1906428852058 307.5775827948814 29.956702988630475 14.619172450573787
190 623.4657251523355 309.5094752496296 30.11552623283613 14.877138620783748
191 625.85184538511 311.982883767078 30.274290681806768 15.584249653777205
192 627.8503656061016 315.01609353303877 30.43940229365042 16.620795038531863
193 629.3403905905503 318.5143130467975 30.565252539124366 17.96863144322736
194 630.2955388998695 322.3757457136771 30.748034608058237 19.455731569979562
195 630.7357038275794 326.4764774876089 30.96834539669665 20.983806445501433
196 630.7187321180232 330.6839553201948 31.210205616830667 22.461369969211137
197 629.8677741770108 334.86464751317095 31.452248584349125 23.810243012777644
198 604.5283358279117 285.41570162906663 30.176149922339786 21.18998249244545
199 656.4011493102835 391.1408338907946 33.596041421677135 29.217436936491403
200 626.0791434221862 346.536524566716 31.88522045686872 26.73213656375587
201 624.4152219626294 348.0999958213304 31.930394231769906 26.801610858832486
202 623.3292411198933 350.3648138701733 31.879266441172124 26.6523029850479
203 622.272161948316 352.0785695952134 31.678286712417716 26.286719389894536
204 620.5542945535466 353.13218734044193 31.327690286278326 25.731308032866362
205 618.7338918373683 353.53506595728817 30.8526324627909 24.98476341905083
206 616.7330668300749 353.3069679175898 30.27941219638561 24.071804084389886
207 619.490305531575 368.1600053336461 29.608521743568872 22.948829718760592
208 601.8992263419701 336.76664409973847 28.997006190993098 21.955505044741006
209 604.3076589118905 349.9299708892702 28.267307566240635 20.67061210836687
210 598.1454675610267 348.1102516877671 27.615970000102813 19.493485189807124
211 592.4565729499604 346.2392365887258 27.07438319087388 18.21061736994962
212 587.0265292197313 344.3771564694053 26.686191482582835 16.795261131695533
213 583.8073323940074 342.65749771417774 26.345396748271867 15.57402012557281
214 582.0270810445502 341.20500081668257 26.03282086464617 14.530316055566432
215 581.2963732161784 340.1149889452295 25.807891969567297 13.705556129595411
216 581.8691147782391 339.4650455798041 25.736396492888566 13.107692952538647
217 583.3240475863358 339.3111945415616 25.77926144266515 12.691733094382483
218 584.9806495590949 339.69299766187214 25.9168669652991 12.462232592450315
219 586.995586808977 340.6350117639259 26.103856847225725 12.383593552219633
220 589.4903635376472 342.1504454568005 26.343886367749235 12.450702775831674
221 591.6357427125548 344.23558228471285 26.65045021224759 12.663256067512135
222 593.9884501463638 346.932020540173 26.782551011738658 13.026812929992055
223 596.4308092027982 350.2063010030765 27.100442749881974 13.555369054171665
224 598.979652237606 354.3873578995711 27.596719746784885 14.148417742865966
225 601.7469059699287 359.76237436209306 27.72877285581023 14.320859272543585
226 604.3871135504816 365.65558402305476 28.010505847518157 15.031999184929562
227 606.2328642066858 371.9563998152308 27.971001018097287 15.689457726255291
228 606.8501950652228 378.39510268873966 27.922698722171457 16.430187108427937
229 604.9629446405856 384.39799659151606 27.880327578662975 17.19997211523766
230 606.3862166830108 390.2577526109328 27.859498080351145 17.937132011832563
231 608.9019408337512 395.7487843776252 28.05805106318775 18.618512348929304
232 613.3338347731329 400.92454833604916 28.23326394008802 19.12622801721211
233 620.1937753073247 405.354441361408 28.4236082454337 19.437712289752298
234 629.3835905971192 409.085805901185 28.6412187690047 19.538263663468893
235 635.3314528458806 411.4640309996153 28.89229193024729 19.429775765332195
236 640.1747001510042 412.0606736728062 29.177629894773506 19.130234810760896
237 644.7382671154467 411.79115940124575 29.479399217977384 18.66681852157431
238 648.4730783053035 410.9865048619894 29.92092868081385 18.109251778457725
239 651.0812951184275 411.45229281703365 30.57132317401904 17.544948395886543
240 653.5885484406847 411.6769844984501 31.29752933040201 17.010284194809675
241 655.9274062595578 411.5985814640084 32.075578213061114 16.562942866005127
242 658.4190775721811 411.9246864404237 32.98789404388062 16.133538845320974
243 661.1055403624798 412.3195818046043 33.36500971884023 16.63510480630938
244 663.9400700771301 412.9626463073418 34.497122056767424 16.876186720568572
245 667.3121339516092 414.7765131391816 34.7800048983071 16.742318476825417
246 671.0258102928683 416.76347977379373 35.15835429698839 16.670339172331875
247 674.7619680034068 419.0002656059672 35.5754941897666 16.681840422653785
248 678.3457773518508 421.54279040321416 35.98523182899782 16.79703497988796
249 681.7085511863775 424.42046771131317 36.35349361953347 17.02620265426518
250 684.784625271203 427.65019239016306 36.662307975433144 17.361924413728993
251 687.2209665150116 431.2378093969887 36.91420891440872 17.7688813981388
252 689.2464717991719 435.31094435553524 37.23938357536393 18.13064847881582
253 690.8357128842621 439.749477846993 37.94646582025569 18.47302414419935
254 691.9942821338806 444.73288889008484 38.550993234993335 18.734186282589615
255 693.1489229350509 450.2690975096134 38.14928329532123 18.858417095347786
256 695.2520449451029 456.07525724731005 37.910797269804455 18.90090974406153
257 697.381718511827 462.0504285489235 37.75821635690399 19.60276787899554
258 699.5436507969085 468.07776862824437 37.60791721594364 20.67726237223019
259 701.7652019744593 474.0473879375618 37.84202890417204 21.937490043828912
260 703.9411732427029 479.9858988898359 38.304409802960265 23.306913736703688
261 706.096798371845 485.4892639400981 38.78022852930208 24.623254030356474
262 709.9483591873682 490.35856537367414 39.153439476765065 25.78798533700712
263 714.5819096412972 494.3865301657084 39.5371690424117 26.547357862777442
264 718.9418372727922 497.3903077874893 39.886997748663745 26.867212092006707
265 721.898865634766 499.2465840965601 40.14643289711102 26.92164097041702
266 724.7808770932224 499.87462537276986 40.28720051556845 26.737123065000354
267 727.3817607896615 499.25524125583553 40.3530199184022 26.292187895530983
268 729.4302437888385 497.43187006957265 40.5571866915651 25.474154794218148
269 730.6955884580694 494.5200767978837 40.55470736311156 24.542764597533562
270 731.1237440051523 490.688172040029 40.490617688100905 23.492460748367904
271 732.7380345912135 486.152966923035 40.38649706108624 22.39891558344103
272 734.1216117019462 481.16727178305865 40.25767015764611 21.363566418700938
273 735.009350122136 476.0079430070068 40.36148354283555 21.69504873974998
274 735.3871551319298 470.9750063171457 41.013485320436445 21.98614720539407
275 735.8541968864436 466.3091609505235 41.88129035161569 22.222219048793
276 735.7292407272957 462.23864413949667 42.749078250418194 22.383604365475705
277 734.0867982606062 458.95032100487225 43.59163722625257 22.522234233059308
278 732.593799281044 456.5823543402279 44.36679627672431 22.670800450354662
279 717.2501946033983 443.5644303184614 45.180290669619666 22.921452872575525
280 756.5377821821032 478.98394401307195 45.33633773447507 22.97207415789931
281 697.2103055396065 434.6641058430922 46.36915115278526 23.544372263606437
282 734.615920472735 465.02428763081593 45.98098270899887 23.401660086243037
283 723.2475995420895 461.0367178949302 46.44436864028412 23.99845111154717
284 722.0871316577335 462.20072008077886 46.39553045965758 24.239271605877924
285 723.4882306889846 465.21886814916604 46.2830133945448 24.51827828990688
286 725.9403162957162 468.8213775115806 46.09124272620969 24.76911208329308
287 728.9888681664693 472.6791106828407 45.92498171955611 25.022083752004004
288 732.4727152545505 476.64052932472083 45.77804154204147 25.208320990091117
289 736.52613935597 480.5939340611659 45.885253878364416 25.38554225307188
290 740.9200148834404 484.43867302312367 46.23638172283146 25.523016157511204
291 747.0974233777424 488.07971028876403 46.63155651764979 25.57486708007646
292 753.643930027167 491.43276395269737 47.03588195639358 25.67867031639433
293 760.778181251068 494.41312542465363 47.595136027820544 26.493562944557628
294 768.0713211062563 496.9536024044423 48.11225016631219 27.253446019122503
295 775.2605960019353 499.01254934852807 48.60243360688165 27.896568990916442
296 781.7941423865236 500.55417131695907 49.05910201173042 28.39055565813807
297 787.9602466941811 501.56121490559644 49.47214016138079 28.713084442284615
298 793.778584847673 502.0284853452203 49.8278790378734 28.85091957379674
299 799.0021413609394 501.9626395110292 50.11235687541293 28.799780641438183
300 805.0490190435519 501.3776460538827 50.31075586153516 28.56624027637024
301 810.6869876583609 500.292306323569 50.405412343618984 28.171134150735405
302 815.565666274611 498.7175923432548 50.43223636333382 28.11875222910673
303 819.5462406540623 496.6683336520519 50.422725114909944 28.395309689052585
304 822.7538882709725 494.1658684136691 50.34390263535546 28.516201657602537
305 825.133099680757 491.23348070120204 50.13219191794222 28.468200666650297
306 881.3226669149157 484.870311055587 54.323885990315034 32.30011494175902
307 817.4902826662103 494.5369787322411 46.58523044912085 24.821940005839764
308 807.200014279476 468.16172082905103 48.140906576205374 26.71673038918081
309 833.1600725282556 479.8723450275936 49.02053151490555 27.445329520286208
310 830.116171514364 470.8574679217333 48.39304519153852 26.789347847692024
311 835.4783737549525 470.24815675908906 48.0846146884649 26.530405756366218
312 836.1598536889146 466.4601139177195 47.533774893366434 26.07942916952738
313 838.827602994451 465.2248059197798 47.08339840164177 25.778443061854702
314 840.7951903701239 464.34428781958127 46.64560574039068 25.513855150012716
315 841.9947549613754 465.1322402066811 46.323969711642 25.368425979156907
316 843.0207433085551 467.2265767270105 46.40753620803566 25.414407736786046
317 845.0362497568999 470.87553602267525 46.61841027202285 25.57307852861383
318 846.9706155196761 475.8844455692708 47.07060432045273 25.852077381821356
319 848.915856652228 482.0600276660431 47.82766073214235 26.26116866040672
320 850.85558241095 489.00721664062354 48.660069423926664 26.739286500425102
321 852.8114125979561 496.2409441674617 49.52926806565497 27.246663282405187
322 854.7365217860536 503.1797408201118 50.37912447921781 27.73535097570149
323 856.5392253766606 509.22342355361326 51.18929916477597 28.166174013345646
324 858.1208823241686 513.811098871768 51.87771601417173 28.499990381534545
325 859.3549527089218 516.4972043640211 52.34886107796674 28.698681714878134
326 860.4546659834332 517.0100319434032 52.577161486590086 28.750597312096243
327 824.2997768314497 489.7321867378907 47.251270750049045 24.57618345355242
328 895.9890907460873 532.6883453256139 57.69270830485029 33.192247155667374
329 864.6643648398225 507.2736591248925 51.94065403727535 28.52006375344639
330 861.9946926409663 499.2031950360813 51.15705683460845 28.144531002027836
331 860.0338133970757 491.4738824015789 50.33289891344016 28.502594855716495
332 857.7207349292988 483.69744747355827 49.49113875082867 28.67298360174259
333 867.7193326834746 487.6042690719322 49.218792760604316 29.007521159762742
334 828.3068678524562 449.10379925261003 47.17784776788653 27.822912133535578
335 855.3355544775231 469.70118958941543 47.73194023631762 28.299871250903458
336 847.033320538834 459.63779732982283 47.359477581637144 27.77095676831344
337 842.0165291641961 454.11559196100995 47.13427126279476 26.947762457798678
338 838.4310169775799 450.58899649098225 47.17374333629123 26.289720283587418
339 835.2877552351231 448.2666511739973 47.23033721764002 26.492857355206212
340 832.7916674694385 446.92339881177105 47.44698239941183 26.75803608622132
341 831.0507796760586 446.50997977224796 47.81236066484638 27.059746709009357
342 868.7469356955421 455.9460164683136 53.18000151045374 31.396429157377074
343 791.6716028328779 432.32529526742354 45.346375636953915 24.047947346143467
344 831.6118447268608 452.87173526587486 50.031783337439634 28.012261004192542
345 829.1514860839844 451.2388606482078 50.91349005330745 28.242931460946426
346 837.451200595979 459.0121341883368 52.082813557640335 28.83534238850529
347 839.1603059352863 462.56167216184673 52.66310666119301 29.03590711207816
348 844.3826090525206 469.1737423065621 53.147677531545504 29.319319183016564
349 848.8177076314747 475.1800824573549 53.271214229975115 29.446108979829443
350 854.574642607018 482.0571768193846 53.224963847242215 29.527835367974742
351 860.5917515707524 488.7254511693729 52.99679182781489 29.49476695773719
352 867.3090575447702 495.3001928970805 52.92175499745238 29.481395964985317
353 874.3627268199757 501.28172932076967 52.74651197563743 29.334319326748084
354 881.6727530727752 506.47367385481454 52.8189219528111 29.180277743348626
355 888.8845534510081 510.55178667379056 52.916580787725906 28.99142056270525
356 895.6297552599922 513.3068323883101 53.061915750672526 28.81784042100999
357 873.5038028387146 509.9883470489116 50.23271012275183 27.44638323621057
358 948.8963403924339 512.744133560956 55.743016407598624 32.71914797888853
359 910.5545821444754 512.0674431770246 53.08808154261564 31.345120305863848
360 908.6856479208985 509.84917156827424 53.2207297863048 31.87623994686232
361 918.1721264340948 519.874633859853 54.382878769446094 32.98567722510483
362 889.7049755239951 489.0065148728239 52.64455280747594 31.856448412631746
363 893.6471824499396 496.82177165188995 53.64315725201411 32.60293974630187
364 880.3712078299642 489.926609446927 53.52764721422143 32.42171988631483
365 869.9082436890196 485.61774255195894 53.5302483827863 32.25158685976462
366 858.4585172744233 482.15724835572365 53.47893699367715 31.99297938772136
367 846.869835007543 480.0913180783215 53.47012930573522 31.832313636803182
368 827.4757119872368 468.2911867768589 52.575147492426964 31.095112923643832
369 834.5056034266336 491.0516972852794 54.34926292644788 32.278029428941046
370 821.1013792911962 485.54285122963216 53.74267514206502 31.88513401164942
371 812.7441260313675 486.7129198760408 53.59484433500837 31.906839382522758
372 807.8391951788213 490.10465894808436 53.621883281455034 32.113108864475585
373 816.2295215608274 486.90663418241263 53.49074562065858 32.43257366008805
374 793.13387452532 498.26467824241405 53.60169511313873 32.394689137558736
375 803.85764308029 502.82913961191724 53.99419864030286 33.01161945697882
376 806.6820447076992 504.1636851416288 53.87092695366197 33.093116136635565
377 812.3834892006157 507.6273849841836 53.9934574384062 33.3296746648123
378 816.2219398452384 508.18042705367515 53.96420648389709 33.389888532509765
379 821.2311439063238 508.6889985791972 53.99560070050761 33.43978441550977
380 816.9944939693478 526.7389174688877 54.19526378879539 33.30268110948706
381 839.7016570542676 487.59118556148894 53.72331986418071 33.46077759328816
382 836.6354972501885 506.4612686976497 54.14055557248948 33.39403497050829
383 839.410611972997 502.32772667526433 53.98668689148165 33.088736039057004
384 845.2379088771102 500.28184053677455 53.97734520334593 32.870390693199965
385 850.9625083853127 498.1583117192199 53.93751461103305 32.605587566449955
386 855.9187443595333 496.43612453176394 53.914223398863435 32.370597998854656
387 860.6457483976028 495.20457143814264 53.9279166054977 32.2195370164113
388 865.1264761084079 494.56057961784285 53.93968911971157 32.08668107209808
389 869.2143199336458 494.5595759191632 53.94750422062392 31.977691831551436
390 872.7500874346874 495.22207623641566 53.949067000022396 31.89676004369729
391 892.2682360012483 506.77371426378267 54.68137391519135 32.407574088102024
392 843.1713878381589 476.40055139197995 52.41420136382163 30.672337363198427
393 918.8859169556872 502.09914459351023 54.35492375716366 32.3905435280464
394 869.4741756859015 518.8307003063744 54.443667690511724 32.030528887156024
395 866.0846544995703 500.40953530744764 53.44664651496936 31.56502947545297
396 874.9810270115097 510.79068038715815 53.874041746503856 32.015485038169544
397 869.6047097608474 510.5024396354482 53.57472508951459 31.93984368529421
398 867.6773965399585 514.8710451551183 53.614878181115955 32.14109899553333
399 862.4155290766329 516.3528364348592 53.51609059316508 32.283831444908095
400 858.1449212094702 518.5933233058047 53.5113998100424 32.50602767075806
401 853.0998717958917 519.6350353109478 53.45613959942492 32.66983421104436
402 847.9565601429039 520.4168439323652 53.4241779809653 32.835842176994504
403 842.9029499196264 520.4745404493485 53.38533430124035 32.978489501362915
404 838.6460944912226 520.1224522608492 53.35968828475116 33.10682854502241
405 835.3851818839902 519.3426503955134 53.33949833021332 33.21477761615147
406 832.3885458793834 518.3389000267921 53.328879339239776 33.30457543897116
407 830.4221539283819 517.2442996938131 53.324802927332875 33.37294011641095
408 829.1525979443603 516.249959670325 53.325991252838854 33.41924534660143
409 828.2116306830474 515.5258666989985 53.32993307729543 33.4414747904509
410 827.4908248651319 515.2382649952506 53.33420943273381 33.438687479162546
411 826.8860066668561 515.5144795296513 53.33559382573396 33.40992109545837
412 826.3291980362027 516.4360469069205 53.3317617084042 33.35624924372136
413 825.8006504557674 518.0189704214415 53.319287194448705 33.279108796308435
414 826.3723760206412 520.2060575593857 53.29703434621461 33.18147400986664
415 827.5336966770703 522.86111391026 53.2615117478069 33.06751692543786
416 828.6393069758174 525.7751271842642 53.211795566851556 32.94279227529493
417 830.3114639353522 528.6794447499798 53.147222323739015 32.81333515208928
418 835.0854351973363 531.2692837783834 53.06809651484681 32.68514642183401
419 839.46997032594 533.2342921217112 52.975732276268246 32.56322603948025
420 843.5224811269103 534.2934271219021 52.87222721267243 32.45103621772103
421 846.9984187808219 534.2298788100229 52.76022364850927 32.34989684194152
422 849.6552164179293 532.9214749204355 52.64276567351372 32.25894256762719
423 851.3705549923853 530.3620370953784 52.523097459894714 32.17535735878208
424 851.8170790978841 526.6700825439019 52.40462996731767 32.094884042156394
425 852.823465252249 522.0828807959626 52.290711045327186 32.012915203101656
426 852.6894363732314 516.9356919610116 52.18454876956284 31.925873228291323
427 851.3935661200051 511.6288422376914 52.08915409847663 31.829130171513533
428 849.1668997193887 506.58621849427317 52.005326624729236 31.72714222370471
429 847.3227157465086 502.2127204235947 51.933567680917 31.61984083327879
430 844.8940973568766 498.85438577329364 51.87220966783704 31.51143059290381
431 842.1226928306347 496.767815875219 51.81781047363268 31.407718382045402
432 839.4017366677192 496.1018545735912 51.76616872236925 31.31442733655317
433 837.089697322834 496.89148593715765 51.712051727631525 31.23772995279204
434 835.1979790193785 499.06566437040783 51.651217656582105 31.18207295715048
435 834.0973536509556 502.4640456698597 51.58295703655651 31.146343456314987
436 833.8237181894483 506.8565281113578 51.50190080705115 31.138223294435086
437 834.4338275787106 511.96426093063525 51.41099738320132 31.151632009306592
438 835.9005537775032 517.474980889 51.313162439232414 31.18263359497137
439 838.1249795143336 523.0569447613155 51.21237609474805 31.225815755467163
440 840.9547496020313 528.3721322505352 51.112985403149395 31.274067342969214
441 844.2046476314426 533.0920517172137 51.01888677185063 31.319484346561442
442 847.6750183510866 536.917957201371 50.9328924980356 31.353561880986426
443 851.4093458134897 539.6040142839024 50.85654131410395 31.36777628662625
444 855.0175360489421 540.9838130557962 50.7900682789139 31.354106076010343
445 858.5171115523883 540.9928668675336 50.733076666671884 31.305033376517738
446 861.8132795211474 539.6837037667408 50.684917347991195 31.219595254475006
447 864.8326975230623 537.230368571983 50.64241910354963 31.101569436845445
448 868.2077190750745 533.9183281815905 50.61109976832055 30.94346760320019
449 870.7982115545066 530.1202272019112 50.58964960120144 30.757128313499678
450 872.4545807166985 526.2587149538849 50.57975842902646 30.55109848313329
451 888.1126854404674 526.2542354538713 50.90470050705664 30.625064553315596
452 872.7499434749783 517.4836764186003 50.49933328486733 29.965516424062827
453 875.8016050397757 518.0211581633857 50.670678795818326 29.885743467553983
454 877.3418911547271 517.9381717818509 50.750915132200134 29.702181130194006
455 879.2961149193911 518.8802489033237 50.83999236238067 29.52288315748429
456 880.341792743902 521.1189237959303 50.960880110638215 29.367690625130862
457 880.4927492608931 524.5831465060941 51.169199239113354 29.328682263736223
458 880.0934207385296 529.0814207019993 51.437071162007 29.329139188582598
459 879.4009339081748 534.3475267432304 51.725667096463454 29.29449675360612
460 878.6401251424783 540.0658406169647 52.027858178506364 29.203899671205306
461 878.0111353672737 545.8901239994224 52.37855789079315 29.091841770096895
462 877.6865808919201 551.4646520839573 52.80952837582728 28.961799303528615
463 877.8062610025315 556.4536690481641 53.20397245026824 28.794322160780553
464 878.4728707446579 560.5571475065274 53.451051708962 29.15251241957327
465 879.7494560436286 563.5111311073493 53.64106241796975 29.47007855770804
466 881.6578199828575 565.1408512399249 53.87379183007854 29.72793856055634
467 884.1765735467644 565.3641854650585 54.02791635254231 29.908394308687225
468 873.2638084892332 568.6772105457052 48.69359290523693 25.041325421462307
469 942.9650566127976 549.9244533679845 64.93452351742114 39.74367354958579
470 878.134117448422 565.1129157071376 43.0798138309883 19.310791653202024
471 958.5221839382654 541.0204277052298 66.74309047267731 41.34214230376279
472 905.55923087451 567.363509984166 48.819208163737876 25.191443250322166
473 874.2033338983618 516.9616489770092 50.13510475202076 27.33086841236336
474 936.3648611077318 567.4450085915273 55.76703715861176 31.683288347171324
475 885.5016212493155 507.3370852512369 49.15937613875016 26.827837405967028
476 923.4614811211388 543.8233699244579 53.18368582310038 29.848980483623162
477 918.4052986417204 528.1503622728895 51.28986688649503 28.32872725006083
478 921.8756583716134 523.836837773306 50.75331751169468 27.661899523903987
479 922.8090132008597 520.3772320869936 50.23187215687892 26.85590737697998
480 922.8642108351763 516.9777217246059 49.77374731032152 27.2646530624205
481 922.1049482347105 513.3476228890834 49.25669734481784 27.690713050023632
482 920.4718677221933 509.27752270450065 48.66025648955741 28.00580611253794
483 911.7883280133549 500.776180653419 48.71593440675802 28.560012556780666
484 917.4320333611319 501.8555315816112 46.161456698998876 27.74652819487839
485 909.2359343432739 492.0153806311112 45.93473336241496 27.816948557036326
486 905.1513349657982 486.1744149660168 44.922422869990235 27.255062582919106
487 899.9812442561368 478.5729907888939 43.800046761604406 26.32702483860497
488 893.7162037713229 470.52876381311415 42.56879523538189 25.14062097111323
489 886.4831830595389 462.1598956570056 41.19315369243765 23.768344270408598
490 878.3566833457577 453.6508109254393 39.80530106780575 22.256903253348543
491 869.4111428497171 445.1729394539239 38.441419307988895 20.69101676119465
492 859.9928414145321 436.90603539478883 37.18498812741758 19.751845940541976
493 850.2902627958786 429.01523920572566 36.2386876033091 19.33295104624437
494 840.7355035457447 421.6509007891518 36.17900305663957 18.99823652107408
495 830.8026865614739 414.8952989842632 36.35051639883305 18.64624000985013
496 820.6933557491386 408.81703123116085 36.52902085061997 18.271941361967297
497 810.5156315033472 403.4783452150271 36.65049750732593 17.943037835736632
498 800.4516495962797 398.92224089934274 36.658975270683726 17.696460842045344
499 790.6576100680576 395.22382017355255 36.100708364482585 17.53923781813913
500 778.8534348029524 392.50245179025336 35.51307084352302 17.447082333324058
501 766.4359974928276 390.51273054016934 35.20714888724331 17.39367017366392
502 759.0429035778806 389.1451539549975 35.17855384476022 17.324258890275836
503 752.57345508417 388.47329057349185 34.7210397591272 17.229926371903822
504 746.2463977036897 388.30062068850685 34.35825117847316 17.12460992709761
505 740.0891918155983 388.494851500969 33.96984109847436 16.956323403910382
506 733.0184223474681 388.89767626818804 33.73071169020765 17.62020518918047
507 725.4584262071514 389.3716818574804 33.52274307605162 18.277516315862833
508 717.6445878018477 389.77194207780457 33.37469614068581 18.878276699820375
509 710.3085975800441 389.9548433569353 33.31656648150442 19.382240559259323
510 702.8813281789293 389.7769305212443 33.389417362228144 19.761999652951516
511 695.3402387997573 389.92915364543495 33.065224565115805 19.940077685900867
512 687.42118575901 389.98139858130577 32.60689334380302 19.943067425489954
513 680.1625968575693 389.59045768346203 32.22455986469788 19.79461953166267
514 672.395461486082 388.7273391098917 31.917706860460246 19.506308509368843
515 664.081278214533 387.3812213072346 31.682545208264333 19.1012888098527
516 655.4816417084234 385.5556993688819 31.512242850849276 18.61244228823991
517 646.8004348296924 383.27520881058723 31.396931895043863 18.07990664201774
518 638.2524521242772 380.58899806843567 31.323717633617637 17.547559854983945
519 630.030095245606 377.5676585527314 31.277135871749973 17.058691868197737
520 622.5675622027294 374.3035926779121 31.240214823521637 16.65079982879986
521 616.8770855491349 370.9082896843624 30.690270590874583 16.05029791783299
522 611.8997632384958 367.50104742617793 30.41421718906407 15.768155624348607
523 607.6950290925904 364.1969172903915 30.350294221614092 15.847399908364293
524 605.2252258599314 361.0949878768648 30.305305718153477 15.753129834980419
525 603.2839739089396 358.2676322254783 30.13621992999923 15.578608281047828
526 601.6347457411385 355.7536572303411 29.823540608218053 15.357630143108826
527 600.2725828499439 353.5563182815251 29.388295840925196 14.980256567999058
528 599.3680680881373 351.68701354244513 28.99003838632362 15.894931137621104
529 598.6282424554004 350.1083619028605 28.77373382753356 16.724954997664877
530 597.8547506611104 348.78904662364624 28.864311800415155 17.550011165700866
531 596.9669909259541 347.7033548373179 28.6967078153163 17.923604302746195
532 595.6644060726433 346.98811050747406 28.309615639588863 18.250977151559873
533 593.9719237939622 346.81144212038663 27.800906938285618 18.584076034738562
534 591.9068521022526 346.6102949726757 27.380688916603226 18.8725409082085
535 589.4661190138332 346.5208037240279 27.05546032264049 19.099334835160516
536 586.644748762634 346.9527375939285 26.831745016384005 19.245959111342362
537 583.4599755935154 347.31762901333565 26.714415691136796 19.296982623194545
538 579.9562318077983 348.03593155245846 26.709420587747346 19.24225975726522
539 576.2773013738331 350.0196642059684 26.822542717538944 19.079352999795656
540 572.4595725815446 352.39729637597094 27.05996474702964 18.814631814665226
541 568.5774720897892 354.57788413429193 27.433437532637818 18.462507699533823
542 564.7676338255541 356.29311312819203 27.927102094549813 18.049132111407175
543 561.2195384387021 357.9746324153557 28.359116694616812 17.64945546447771
544 558.1320679737294 359.5896217912427 28.803889390472023 17.27549080008303
545 555.3768249736682 361.4611503750596 29.274840382178734 16.951608291693734
546 552.9720386044654 363.17079795597 29.307518814722297 16.46524944655768
547 550.8160611021646 364.7699774872738 29.51000271284447 15.88108071713114
548 551.8011706786666 366.2733808129094 29.864241871271737 15.221086099281488
549 552.8492541146737 367.6726169622189 30.272842909768194 14.732949527156944
550 554.7406102751378 368.8426018230107 30.58061923516005 14.715956263453856
551 556.2716126102391 369.7485194429272 30.743459802264386 15.136681338855155
552 557.3309943718489 370.4746062414698 30.804461944488377 16.038129008822704
553 557.6629188883949 370.99302337786537 30.9220629801554 17.027425833958286
554 557.6828727607248 371.2734012062762 31.186735921845663 18.048840184056576
555 556.9823109194894 371.2889452835765 31.41701902030399 18.817586711629126
556 569.5261379876714 386.6802650658588 31.24447031183352 19.68787743023511
557 549.9419377777307 355.544083583678 29.661305427406656 19.88876501861622
558 555.5625480965448 369.8130328817756 29.4825093450422 20.910131218864613
559 557.0146796131247 369.4631250198099 29.390718617832054 21.579780904627192
560 556.9745033163257 368.2509137025584 29.30663334298167 22.283431969968834
561 556.2821399235257 366.7404864344994 29.253434767776902 22.785389242869318
562 556.3801392008645 365.0038776166748 29.212197591145923 23.07241727933739
563 556.3309617923428 363.10017544170717 29.21677855896281 23.209974082879878
564 556.1628957035596 361.0791983714127 29.212710475778053 23.107763063003702
565 555.9189170933729 358.99186756732365 29.212423490266378 22.809076580155534
566 555.6163282510586 356.8808555279481 29.21833695968727 22.34417213775283
567 555.2564430475203 354.7792193256896 29.231968484937884 21.747360509184734
568 554.8339720456396 352.70653059460426 29.25369544272886 21.056078089036166
569 554.3452642327214 350.66990037315924 29.281812308653834 20.30640960363913
570 553.7946397354234 348.66575374738915 29.318755949057756 19.54435094296272
571 553.1979915359833 346.6829880048122 29.362042772411737 18.86234757816307
572 552.5828059616489 344.7048171298282 29.39997363397681 18.239994350097533
573 551.9841969418977 342.7169074200975 29.351235016632003 17.750002537388017
574 551.4378894468152 340.70330469450755 29.259534304421987 17.397232837746028
575 513.5058519171522 298.84599052849103 27.73532916523589 14.38242239467769
576 592.4962714827168 385.657655643701 30.317150814887132 20.553295268339834
577 543.1314999012284 325.01839603310714 28.699528129298912 16.82998768654132
578 551.2113236609877 333.8505741867406 28.786712606389756 17.304820423441043
579 549.3286709736974 329.62921819950435 28.562765770517117 17.444215596579035
580 549.42149090779 328.0020779907698 28.373834960111267 17.809833982217192
581 548.9066841298849 325.9347047313846 28.16718166051283 18.194688175082387
582 548.2902917670707 324.0701061897493 27.9855104904545 18.5815387199894
583 547.4709877812401 322.31360199882647 27.829482843753155 18.9219523426476
584 546.4924818101659 320.7127618216322 27.701168148473432 19.19166728456244
585 545.4028195896441 319.2796179222825 27.600035396252775 19.369190604095834
586 544.2830343982126 318.0252556473665 27.526687884668586 19.447009817439362
587 543.2365983317948 316.95228936527747 27.477250651272133 19.41186985867436
588 542.3822417496533 316.0572717937718 27.45061036370566 19.267336960323927
589 541.8423434492178 315.3309376857812 27.44638962091697 19.025126650536833
590 541.729493144085 314.7587267962398 27.467558157920884 18.715435635641477
591 542.1325651964372 314.320419980239 27.511229340239673 18.356266893321536
592 543.368505855661 313.9893837489777 27.575217373402875 17.97509267814219
593 545.242074627117 313.7320897917537 27.655493125253223 17.599964972042926
594 547.64014209553 313.5091306385311 27.746551310081703 17.256980215919345
595 550.4834492744787 313.2754668990095 27.851277421871053 16.971016369965078
596 553.6379833449033 312.98526703025993 27.921798908486227 16.782195219910275
597 556.9478454357146 312.59588768891547 27.98311426730822 16.675410635470147
598 560.258519268931 312.0737526575875 28.02835025951341 16.65558394658216
599 563.4860981301897 311.4152162806497 28.0551762362032 16.719629676252307
600 566.5145358908214 310.629600886982 28.07089033836296 16.85506839605305
601 569.251738075091 309.7570188064857 28.085460771638413 17.04657552997124
602 571.6310567800501 308.8630967393704 28.085411852827146 17.29807191959178
603 573.609324285441 308.03292754619486 28.10209802873506 17.58011618678521
604 575.1636407257143 307.3619104254267 28.14870148554422 17.884122001135037
605 576.2226953013688 306.94399566727117 28.22654439735326 18.196571671555567
606 576.9018821829463 306.8595326690372 28.34045380343855 18.51083180142663
607 577.2356894097117 307.16399059325806 28.49157498118538 18.82106706822652
608 577.3309784282033 307.87916307281347 28.676969603509793 19.122215895812566
609 577.5984195147072 308.98792482636634 28.88940389736447 19.410111059071923
610 577.7468537714025 310.43331242393623 29.11751206137185 19.681738980125722
611 577.8451425143547 312.1221582671933 29.346828557802098 19.937299936442432
612 577.9484498159507 313.9329654308333 29.56116057710581 20.18084871988915
613 578.0960231820573 315.7273483809117 29.740969214536797 20.4075478781282
614 578.312530510329 317.3620745817582 29.870588599844737 20.62218135581236
615 578.6114160581071 318.7036695073428 29.937744825167574 20.826927865462185
616 578.9957670359121 319.63872049786585 29.935811126915702 21.02036999620709
617 579.4662986419294 320.08222358042593 29.864908812143508 21.195441461170866
618 580.0882710500791 319.9816680116498 29.73175847332238 21.338516005305408
619 580.7496383579808 319.31743486357425 29.548117185475807 21.43050316976306
620 581.4540708627464 318.1003728263797 29.32842664918686 21.449942378813116
621 582.1977695273829 316.36801142743855 29.087578764703984 21.3770443989374
622 582.9901724911806 314.1834122038855 28.839610905729746 21.197327604419296
623 583.8587561801518 311.6189483972765 28.597454448634704 20.90468654795413
624 584.844449931676 308.77686915169306 28.373121685566506 20.50368015937016
625 585.9904193611129 305.7691618190239 28.17836197307958 20.011105979038156
626 587.3288261414883 302.7240207702586 28.023571789057055 19.457604751302476
627 588.8705284924013 299.7823328752018 27.917411141324333 18.885921612704642
628 590.6005838972872 297.09066078409046 27.86587573153327 18.349856664289884
629 592.4800990021038 294.79997062359456 27.872810082571743 17.919702085866643
630 595.6892363805518 293.03950887041873 27.929146509605353 17.64350690425964
631 599.1674012356015 291.91264560162176 28.017560372824175 17.5753468030726
632 602.2383817218811 291.4866569881773 28.246546117609643 17.500130208796133
633 604.4022963761739 291.7859333428141 28.5415104711217 17.556231445363483
634 606.4965068529057 292.7933406836288 28.861968000091334 17.732954545568965
635 608.3314113344524 294.44961604914056 29.183432524280207 17.990871018601517
636 609.745886369206 296.6554270222483 29.48780106703154 18.29058169763063
637 610.6201368864245 299.27687990629187 29.74913663852692 18.590063163934772
638 610.9125456032838 302.1535365716758 29.950476152196302 18.854854822244913
639 610.6471291898596 305.1089320979559 30.086519921206772 19.062890450294624
640 609.9095148804568 307.9669939116531 30.161854423792768 19.204873213425053
641 608.8247100138631 310.5490821634607 30.18768168784006 19.282286876755144
642 607.4995363903273 312.7136750462047 30.17311416164714 19.299009098525563
643 606.0548866911895 314.3535123827355 30.14382413669056 19.275841393201556
644 604.6551524182769 315.41169982720356 30.116103306503884 19.228555350493796
645 603.3806470088181 315.8885908362972 30.103107978697704 19.17336572886048
646 602.1007176919688 315.8408453175217 30.11570650845685 19.121618474027823
647 600.7847205363939 315.37069795128457 30.16016024561314 19.081991908700566
648 599.3785919610721 314.6074420065232 30.23547201517131 19.060061609420412
649 618.3532843391383 309.85815036642254 32.066279035358306 20.54474090244572
650 575.2433367026991 315.8099790736776 28.86787443409475 17.62684732020112
651 593.6561909458779 312.522003485679 30.6024836520799 19.10883711915118
652 591.388505137228 311.47792224285956 30.7733613571862 19.186427233973788
653 588.4148588012904 310.8987126160318 30.906961514434368 19.24131623896997
654 585.1327412292808 310.4633118565147 31.020025806436898 19.292952783517965
655 569.0391670409896 318.9484696541635 28.471983321512802 17.457908126687393
656 588.6035429519819 294.29546234680794 33.43682742266644 20.70115043113147
657 581.5357027282171 314.8123755613614 31.1344262453647 19.50039720690241
658 570.6851796084496 306.71913217476435 31.030720885223303 19.24050888719607
659 568.5070516496017 306.5369900662757 30.846507341248714 19.1341837825404
660 565.5378094155527 304.41235574447506 30.607263014286534 18.961533928365906
661 562.7202008880581 302.1829050105661 30.28469927355622 18.71486947499921
662 617.0019516697824 317.6469394573253 36.05988453194298 22.950441755193943
663 516.3031322307783 284.9218092292618 24.23741906710706 13.614196668695657
664 553.8502939200193 291.91415856121887 28.803496702435364 17.180709019468186
665 550.4887337313389 287.3286173685648 28.225744722998368 16.66083292925466
666 546.5625393479122 282.13106705866323 27.527844059901682 16.048694339679958
667 538.0965078985334 275.5353764788696 27.08247549236363 15.605555602814697
668 541.4454610887756 271.2841595233924 25.693889269751192 14.530785484002637
669 533.6895468325419 266.0282229430517 25.202772078169904 14.068857257260042
670 528.039051106494 261.5593797790475 24.51977917323086 13.485219746666797
671 524.4822503044921 257.7932130119266 23.874874430001782 12.947834061913454
672 521.7489186475075 255.0072583277166 23.423674957377237 12.453121727661085
673 519.8248296266777 253.6097740285644 23.12594826989105 12.031952619196439
674 516.6900785562966 253.542762176905 22.983780769334828 11.699123887733998
675 514.2365215624822 254.55527176588583 22.96800314686264 11.465593446542009
676 511.6641096563138 256.4785608143408 23.059523406801922 11.333382561685891
677 510.11222705744535 259.0390130187226 23.24231221306417 11.28971360595732
678 507.72277610630886 261.9853899546554 23.512897329453427 11.323669063918441
679 505.1765531996939 265.0126715111517 23.84774052395465 11.420942155279402
680 503.2617339530989 267.8327297916 24.2222292439889 11.564815896690623
681 501.96035329793386 270.18783966796434 24.610839950644586 11.737429211471284
682 501.23600683610937 271.88440153664067 24.991612644204025 11.921174376161213
683 501.02807595090957 272.7878177549274 25.345709995126104 12.09971101736036
684 501.2467909406858 272.8236138924837 25.65725644169596 12.258706400536237
685 501.6790410803928 271.97296483078395 25.913632653138645 12.386428354094136
686 503.2617431423291 270.2488552014402 26.103057498315152 12.473967938382296
687 504.71993752736535 267.68791845892537 26.218412122871058 12.515554823247907
688 505.6416006824585 264.39102903985355 26.260645385691426 12.508075364334777
689 506.0108258688888 260.457416723994 26.22934305194449 12.450699763606194
690 505.728916626269 255.96758829078598 26.125825243442957 12.346383943490348
691 504.72895523780466 251.04610032814634 25.95496321030133 12.199349555989768
692 503.01515833580925 245.79423475580083 25.69228103107853 12.016024146201028
693 500.55385981108464 240.2690809558264 25.385260333037518 11.80124440508457
694 497.4724159664267 234.57019755364465 25.049469075966826 11.562359814305156
695 493.848155010477 228.76190154902554 24.69001622632822 11.304851768986904
696 489.80338819680657 222.89289121102178 24.316466531093493 11.032929860091219
697 485.4449681954604 216.99944755024927 23.93874943315245 10.749227475812946
698 480.52224629063477 211.10365116260425 23.565736327112106 10.45597682468955
699 475.594161188695 205.2141032159367 23.207708886056952 10.153410267207017
700 471.9372167907158 199.31938953226305 22.87513540984894 9.843624575494001
701 468.02948726859216 193.3350014213308 22.579875757189697 9.530086652672995
702 462.4267556273953 187.51223670810563 22.33064284197835 9.220830980830966
703 455.6898716252422 182.73666845082695 22.140575517577876 8.924552713923863
704 449.3461507680027 178.0901933317438 22.029561258795002 8.639754968397966
705 445.95899368204994 173.56645459341118 22.010982008693382 8.371336547528625
706 444.3141837199834 169.2389538073454 22.06898001741933 8.181880206702624
707 442.743996060952 165.18720007815716 22.20739168684411 8.081238275012817
708 440.50977204792434 161.49438807635966 22.430437123676377 8.061065663481214
709 437.78256405758793 158.24098700250656 22.731507833916716 8.128053213683387
710 437.15530841768845 155.5034404285687 23.099145207385828 8.28644474829118
711 438.0321125300817 153.3061015609212 23.51766552424463 8.52823381463642
712 437.8848568364106 151.7582575709161 23.96856692436778 8.835229011127966
713 437.0810170557472 150.85461854826576 24.427222061230783 9.195822184743381
714 436.188722961229 150.46839527151116 24.86585327115417 9.586329688453324
715 435.99977789597455 151.11561782158623 25.31193270327194 9.945459413761604
716 435.7917055796754 151.89507658583844 25.706271219558168 10.29963247072271
717 435.2417901739425 152.77098203537508 26.02887566572077 10.622270240692323
718 435.2028985126388 153.87984948243943 26.32667264014496 10.819569166076228
719 434.99460429981514 154.88927098762034 26.557940712241084 10.892109431135735
720 433.9846918169029 155.83822929402368 26.66750083888881 10.939147406391246
721 434.27404313031354 156.89536288514591 26.63089781038548 11.000785069036578
722 435.4946478643282 157.73888461573173 26.518540747167812 11.008656832354442
723 436.32376741417926 158.33119977449283 26.349410393684096 10.972898356886953
724 436.8109010229669 158.67362169733744 26.13622024799626 10.930553508169567
725 437.05975267572757 158.75772822461573 25.94761040883342 10.760570094391001
726 437.41331168675333 158.59910225869015 25.789790866372662 10.561442422974412
727 437.6819926408702 158.28960214843212 25.66808261237993 10.391977855736817
728 438.1700046341074 159.5159258605125 25.575851253505725 10.210675426862192
729 438.6576236073557 160.78212722288492 25.502624979045354 10.063126604009355
730 439.0505090059883 161.50930718816625 25.436233214719262 9.93271349008101
731 439.7861610522803 161.9901298703213 25.341627731407346 9.832019251513497
732 440.96935823596897 161.887038326143 25.247848145106136 9.714656421896935
733 442.1961841492216 161.22442826075505 25.12493317155855 9.586129984536434
734 443.38992990899936 160.02678430318167 24.954356269767548 9.45185435939925
735 444.4723316810048 158.33511613210504 24.729556464370408 9.3035997167597
736 445.352144486266 156.20905740145645 24.451789318805528 9.134587811693274
737 445.90670740447405 153.75930190136137 24.131450414824663 8.941948109787825
738 446.646649580563 151.12495334538505 23.789363165712004 8.726211295531053
739 447.17704025283564 148.47808765982927 23.456243040400608 8.491112675050642
740 447.1925524815903 146.01437211011182 23.167465381296168 8.253264109078113
741 446.84445355920616 143.92096245910943 22.95734480494279 8.040349209751126
742 472.0226340876661 127.26840978989796 23.976042807603857 7.863004845928817
743 412.2842778899293 175.5720721739988 20.991768461215944 13.652342145970884
744 482.0835458336898 117.69794237089272 24.335866518138324 6.395366407973824
745 413.3939804472968 168.81758783826686 20.787532403518163 13.86784745168654
746 480.088012656384 124.5987773578333 25.96172005713843 8.744611789745202
747 422.3749156301406 169.36612976514837 20.651636022433046 14.293069973046956
748 469.76455341481136 140.05553015775573 26.204081808786647 8.02788346977523
749 463.90637477459006 151.46972347539787 25.778920560992084 9.481572881424558
750 470.29879271972874 155.0947612366427 26.366075824068666 9.826481340233837
751 478.4503580608848 158.30006156941724 26.24599491435078 9.983294749641356
752 486.2739002380865 161.25409254732875 25.92836178780655 10.051856394554385
753 497.09343753026985 163.69787451600283 25.533300279027706 10.045597954288754
754 506.64711559178755 165.38953123244508 24.971536763059053 9.973455839097433
755 513.0782622972752 166.20322357172878 24.29914264519831 9.854267047167909
756 523.0832126675314 162.65200563229226 25.422797573442363 9.462087359971106
757 510.9926951346377 166.18683411945324 21.08928877545066 10.015552010523946
758 500.9646789081693 160.75832317798745 21.836683167685447 9.422930367570851
759 479.81281262654034 154.8058021364188 21.531625058842554 9.178969507920767
