head_size,num_heads,ff_dim,num_transformer_blocks,mlp_units,mlp_dropout,epoch,batch_size,norm_out
64,8,4,4,[32],0.2,100,64,0
64,8,4,4,[32],0.2,100,64,1
64,8,4,4,[32],0.2,100,128,0
64,8,4,4,[32],0.2,100,128,1
64,8,4,4,[32],0.2,200,64,0
64,8,4,4,[32],0.2,200,64,1
64,8,4,4,[32],0.2,200,128,0
64,8,4,4,[32],0.2,200,128,1
64,8,4,4,[32],0.2,300,64,0
64,8,4,4,[32],0.2,300,64,1
64,8,4,4,[32],0.2,300,128,0
64,8,4,4,[32],0.2,300,128,1
64,8,4,4,[32],0.2,500,64,0
64,8,4,4,[32],0.2,500,64,1
64,8,4,4,[32],0.2,500,128,0
64,8,4,4,[32],0.2,500,128,1
64,8,4,4,[32,32],0.2,100,64,0
64,8,4,4,[32,32],0.2,100,64,1
64,8,4,4,[32,32],0.2,100,128,0
64,8,4,4,[32,32],0.2,100,128,1
64,8,4,4,[32,32],0.2,200,64,0
64,8,4,4,[32,32],0.2,200,64,1
64,8,4,4,[32,32],0.2,200,128,0
64,8,4,4,[32,32],0.2,200,128,1
64,8,4,4,[32,32],0.2,300,64,0
64,8,4,4,[32,32],0.2,300,64,1
64,8,4,4,[32,32],0.2,300,128,0
64,8,4,4,[32,32],0.2,300,128,1
64,8,4,4,[32,32],0.2,500,64,0
64,8,4,4,[32,32],0.2,500,64,1
64,8,4,4,[32,32],0.2,500,128,0
64,8,4,4,[32,32],0.2,500,128,1
64,8,4,4,[32,32,32],0.2,100,64,0
64,8,4,4,[32,32,32],0.2,100,64,1
64,8,4,4,[32,32,32],0.2,100,128,0
64,8,4,4,[32,32,32],0.2,100,128,1
64,8,4,4,[32,32,32],0.2,200,64,0
64,8,4,4,[32,32,32],0.2,200,64,1
64,8,4,4,[32,32,32],0.2,200,128,0
64,8,4,4,[32,32,32],0.2,200,128,1
64,8,4,4,[32,32,32],0.2,300,64,0
64,8,4,4,[32,32,32],0.2,300,64,1
64,8,4,4,[32,32,32],0.2,300,128,0
64,8,4,4,[32,32,32],0.2,300,128,1
64,8,4,4,[32,32,32],0.2,500,64,0
64,8,4,4,[32,32,32],0.2,500,64,1
64,8,4,4,[32,32,32],0.2,500,128,0
64,8,4,4,[32,32,32],0.2,500,128,1
64,8,4,6,[32],0.2,100,64,0
64,8,4,6,[32],0.2,100,64,1
64,8,4,6,[32],0.2,100,128,0
64,8,4,6,[32],0.2,100,128,1
64,8,4,6,[32],0.2,200,64,0
64,8,4,6,[32],0.2,200,64,1
64,8,4,6,[32],0.2,200,128,0
64,8,4,6,[32],0.2,200,128,1
64,8,4,6,[32],0.2,300,64,0
64,8,4,6,[32],0.2,300,64,1
64,8,4,6,[32],0.2,300,128,0
64,8,4,6,[32],0.2,300,128,1
64,8,4,6,[32],0.2,500,64,0
64,8,4,6,[32],0.2,500,64,1
64,8,4,6,[32],0.2,500,128,0
64,8,4,6,[32],0.2,500,128,1
64,8,4,6,[32,32],0.2,100,64,0
64,8,4,6,[32,32],0.2,100,64,1
64,8,4,6,[32,32],0.2,100,128,0
64,8,4,6,[32,32],0.2,100,128,1
64,8,4,6,[32,32],0.2,200,64,0
64,8,4,6,[32,32],0.2,200,64,1
64,8,4,6,[32,32],0.2,200,128,0
64,8,4,6,[32,32],0.2,200,128,1
64,8,4,6,[32,32],0.2,300,64,0
64,8,4,6,[32,32],0.2,300,64,1
64,8,4,6,[32,32],0.2,300,128,0
64,8,4,6,[32,32],0.2,300,128,1
64,8,4,6,[32,32],0.2,500,64,0
64,8,4,6,[32,32],0.2,500,64,1
64,8,4,6,[32,32],0.2,500,128,0
64,8,4,6,[32,32],0.2,500,128,1
64,8,4,6,[32,32,32],0.2,100,64,0
64,8,4,6,[32,32,32],0.2,100,64,1
64,8,4,6,[32,32,32],0.2,100,128,0
64,8,4,6,[32,32,32],0.2,100,128,1
64,8,4,6,[32,32,32],0.2,200,64,0
64,8,4,6,[32,32,32],0.2,200,64,1
64,8,4,6,[32,32,32],0.2,200,128,0
64,8,4,6,[32,32,32],0.2,200,128,1
64,8,4,6,[32,32,32],0.2,300,64,0
64,8,4,6,[32,32,32],0.2,300,64,1
64,8,4,6,[32,32,32],0.2,300,128,0
64,8,4,6,[32,32,32],0.2,300,128,1
64,8,4,6,[32,32,32],0.2,500,64,0
64,8,4,6,[32,32,32],0.2,500,64,1
64,8,4,6,[32,32,32],0.2,500,128,0
64,8,4,6,[32,32,32],0.2,500,128,1
64,8,4,8,[32],0.2,100,64,0
64,8,4,8,[32],0.2,100,64,1
64,8,4,8,[32],0.2,100,128,0
64,8,4,8,[32],0.2,100,128,1
64,8,4,8,[32],0.2,200,64,0
64,8,4,8,[32],0.2,200,64,1
64,8,4,8,[32],0.2,200,128,0
64,8,4,8,[32],0.2,200,128,1
64,8,4,8,[32],0.2,300,64,0
64,8,4,8,[32],0.2,300,64,1
64,8,4,8,[32],0.2,300,128,0
64,8,4,8,[32],0.2,300,128,1
64,8,4,8,[32],0.2,500,64,0
64,8,4,8,[32],0.2,500,64,1
64,8,4,8,[32],0.2,500,128,0
64,8,4,8,[32],0.2,500,128,1
64,8,4,8,[32,32],0.2,100,64,0
64,8,4,8,[32,32],0.2,100,64,1
64,8,4,8,[32,32],0.2,100,128,0
64,8,4,8,[32,32],0.2,100,128,1
64,8,4,8,[32,32],0.2,200,64,0
64,8,4,8,[32,32],0.2,200,64,1
64,8,4,8,[32,32],0.2,200,128,0
64,8,4,8,[32,32],0.2,200,128,1
64,8,4,8,[32,32],0.2,300,64,0
64,8,4,8,[32,32],0.2,300,64,1
64,8,4,8,[32,32],0.2,300,128,0
64,8,4,8,[32,32],0.2,300,128,1
64,8,4,8,[32,32],0.2,500,64,0
64,8,4,8,[32,32],0.2,500,64,1
64,8,4,8,[32,32],0.2,500,128,0
64,8,4,8,[32,32],0.2,500,128,1
64,8,4,8,[32,32,32],0.2,100,64,0
64,8,4,8,[32,32,32],0.2,100,64,1
64,8,4,8,[32,32,32],0.2,100,128,0
64,8,4,8,[32,32,32],0.2,100,128,1
64,8,4,8,[32,32,32],0.2,200,64,0
64,8,4,8,[32,32,32],0.2,200,64,1
64,8,4,8,[32,32,32],0.2,200,128,0
64,8,4,8,[32,32,32],0.2,200,128,1
64,8,4,8,[32,32,32],0.2,300,64,0
64,8,4,8,[32,32,32],0.2,300,64,1
64,8,4,8,[32,32,32],0.2,300,128,0
64,8,4,8,[32,32,32],0.2,300,128,1
64,8,4,8,[32,32,32],0.2,500,64,0
64,8,4,8,[32,32,32],0.2,500,64,1
64,8,4,8,[32,32,32],0.2,500,128,0
64,8,4,8,[32,32,32],0.2,500,128,1
